.
https://openalex.org/W3001195213
https://openalex.org/W2086704878
https://openalex.org/W2122385379
https://openalex.org/W2169665123
https://openalex.org/W2160686798
https://openalex.org/W2168429805
https://openalex.org/W4281385327
https://openalex.org/W2165537263
https://openalex.org/W177504901
https://openalex.org/W2055162237
https://openalex.org/W3020838251
https://openalex.org/W2075873658
https://openalex.org/W2110420807
https://openalex.org/W2047781433
https://openalex.org/W2160660031
https://openalex.org/W3043746245
https://openalex.org/W2412876393
https://openalex.org/W4231030417
https://openalex.org/W2103970981
https://openalex.org/W429323733
https://openalex.org/W1755869015
https://openalex.org/W2105278533
https://openalex.org/W1968256827
https://openalex.org/W3006255311
https://openalex.org/W3021724367
https://openalex.org/W3184591303
https://openalex.org/W3146617261
https://openalex.org/W4308698378
https://openalex.org/W3193195917
https://openalex.org/W4220879443
https://openalex.org/W2141030634
https://openalex.org/W2126253234
https://openalex.org/W613159974
https://openalex.org/W2038694191
https://openalex.org/W2118794822
https://openalex.org/W1572919080
https://openalex.org/W2027131502
https://openalex.org/W2087926603
https://openalex.org/W2091052526
https://openalex.org/W1979239082
https://openalex.org/W2135934555
https://openalex.org/W2151905249
https://openalex.org/W2066356526
https://openalex.org/W2799804726
https://openalex.org/W1933088330
https://openalex.org/W1992382272
https://openalex.org/W2157599679
https://openalex.org/W1980256445
https://openalex.org/W2106220752
https://openalex.org/W2148017074
https://openalex.org/W2069454157
https://openalex.org/W2104165523
https://openalex.org/W4240157333
https://openalex.org/W2110510376
https://openalex.org/W2129421581
https://openalex.org/W2054757340
https://openalex.org/W2055827194
https://openalex.org/W2085909288
https://openalex.org/W2973008808
https://openalex.org/W2054226475
https://openalex.org/W2154615874
https://openalex.org/W2810082193
https://openalex.org/W2886339021
https://openalex.org/W3013004786
https://openalex.org/W3003957783
https://openalex.org/W2255998354
https://openalex.org/W2776377043
https://openalex.org/W2748230419
https://openalex.org/W4212864481
https://openalex.org/W4244378661
https://openalex.org/W2952820297
https://openalex.org/W2784200828
https://openalex.org/W3179488699
https://openalex.org/W3140586400
https://openalex.org/W3141939466
https://openalex.org/W3186054618
https://openalex.org/W3214247212
https://openalex.org/W4221043479
https://openalex.org/W4298086599
https://openalex.org/W4310065004
https://openalex.org/W4387563861
https://openalex.org/W4392104881
https://openalex.org/W4390697242
https://openalex.org/W2004091281
https://openalex.org/W1966760534
https://openalex.org/W2020350054
https://openalex.org/W2126539571
https://openalex.org/W2079873385
https://openalex.org/W2015436334
https://openalex.org/W2107978553
https://openalex.org/W2063254505
https://openalex.org/W2185023041
https://openalex.org/W1561809325
https://openalex.org/W2290505379
https://openalex.org/W310472318
https://openalex.org/W2949742200
https://openalex.org/W2053602264
https://openalex.org/W2076515495
https://openalex.org/W2105568416
https://openalex.org/W1967324099
https://openalex.org/W2089894191
https://openalex.org/W2095439580
https://openalex.org/W2030731053
https://openalex.org/W2000827315
https://openalex.org/W1996874832
https://openalex.org/W2019494984
https://openalex.org/W2032467001
https://openalex.org/W2151709942
https://openalex.org/W1975478822
https://openalex.org/W2019907079
https://openalex.org/W2045516544
https://openalex.org/W1999979622
https://openalex.org/W2033716528
https://openalex.org/W2407821988
https://openalex.org/W2005309817
https://openalex.org/W2099280367
https://openalex.org/W2145570879
https://openalex.org/W2083774639
https://openalex.org/W2128396658
https://openalex.org/W1999572058
https://openalex.org/W2153055499
https://openalex.org/W1964315344
https://openalex.org/W1972316649
https://openalex.org/W1995256079
https://openalex.org/W1995646653
https://openalex.org/W1955834521
https://openalex.org/W1990284076
https://openalex.org/W2196851710
https://openalex.org/W2328902080
https://openalex.org/W2020197231
https://openalex.org/W2062132994
https://openalex.org/W2079822498
https://openalex.org/W1991116414
https://openalex.org/W2128959938
https://openalex.org/W2151749474
https://openalex.org/W2158326395
https://openalex.org/W1496466422
https://openalex.org/W2511121855
https://openalex.org/W2901942521
https://openalex.org/W2177791929
https://openalex.org/W2308100877
https://openalex.org/W2735863646
https://openalex.org/W2806113067
https://openalex.org/W2751401058
https://openalex.org/W2896676120
https://openalex.org/W2789966375
https://openalex.org/W2967933413
https://openalex.org/W3026286178
https://openalex.org/W3080626353
https://openalex.org/W3155057744
https://openalex.org/W3200460214
https://openalex.org/W4210458119
https://openalex.org/W4283739795
https://openalex.org/W4309726642
https://openalex.org/W4390901393
https://openalex.org/W4390911777
https://openalex.org/W2151924368
https://openalex.org/W2023951636
https://openalex.org/W2008284152
https://openalex.org/W2128940332
https://openalex.org/W1989371134
https://openalex.org/W2004920398
https://openalex.org/W2085668587
https://openalex.org/W1542963228
https://openalex.org/W2135236059
https://openalex.org/W2054679270
https://openalex.org/W2152747594
https://openalex.org/W2088649854
https://openalex.org/W2018398111
https://openalex.org/W2073517462
https://openalex.org/W1981431615
https://openalex.org/W2039983538
https://openalex.org/W2058952891
https://openalex.org/W2008574547
https://openalex.org/W1969722831
https://openalex.org/W2146047000
https://openalex.org/W34683926
https://openalex.org/W1976191601
https://openalex.org/W1984765727
https://openalex.org/W1995712528
https://openalex.org/W1520083288
https://openalex.org/W2132639199
https://openalex.org/W2091937577
https://openalex.org/W1523898034
https://openalex.org/W2172460903
https://openalex.org/W2002750521
https://openalex.org/W2089112310
https://openalex.org/W2166312981
https://openalex.org/W2064464677
https://openalex.org/W2064192238
https://openalex.org/W2309036756
https://openalex.org/W1865430464
https://openalex.org/W2174540074
https://openalex.org/W2418690670
https://openalex.org/W2394563177
https://openalex.org/W2518040669
https://openalex.org/W2941105174
https://openalex.org/W2982025016
https://openalex.org/W2991222856
https://openalex.org/W2952952400
https://openalex.org/W2911208143
https://openalex.org/W3000322773
https://openalex.org/W3123922970
https://openalex.org/W3165738229
https://openalex.org/W3197272186
https://openalex.org/W2728473983
https://openalex.org/W4223559666
https://openalex.org/W4281953473
https://openalex.org/W4297217722
https://openalex.org/W4313650046
https://openalex.org/W4311199942
https://openalex.org/W4316171256
https://openalex.org/W4385798740
https://openalex.org/W2621751991
https://openalex.org/W1584616554
https://openalex.org/W2135711913
https://openalex.org/W1973686522
https://openalex.org/W2004616164
https://openalex.org/W1987954333
https://openalex.org/W2011902931
https://openalex.org/W2128335790
https://openalex.org/W251963590
https://openalex.org/W1997522432
https://openalex.org/W2080344047
https://openalex.org/W1973510312
https://openalex.org/W2008038702
https://openalex.org/W1578673267
https://openalex.org/W2013992515
https://openalex.org/W1875810049
https://openalex.org/W1971236510
https://openalex.org/W2125350399
https://openalex.org/W2306753419
https://openalex.org/W13109676
https://openalex.org/W2051173163
https://openalex.org/W2006345064
https://openalex.org/W2088329013
https://openalex.org/W2024576598
https://openalex.org/W1966464401
https://openalex.org/W2113727770
https://openalex.org/W2000537531
https://openalex.org/W2065166415
https://openalex.org/W2320564410
https://openalex.org/W188815805
https://openalex.org/W1970012514
https://openalex.org/W2281842839
https://openalex.org/W2767691267
https://openalex.org/W2117995766
https://openalex.org/W2566644185
https://openalex.org/W2767838872
https://openalex.org/W2785991766
https://openalex.org/W2896510089
https://openalex.org/W2958209692
https://openalex.org/W3006654774
https://openalex.org/W3110878703
https://openalex.org/W4205594529
https://openalex.org/W4210253805
https://openalex.org/W4223922513
https://openalex.org/W3207074846
https://openalex.org/W4362522666
https://openalex.org/W2000842570
https://openalex.org/W33292258
https://openalex.org/W2130912328
https://openalex.org/W2537592374
https://openalex.org/W1988267280
https://openalex.org/W1992810226
https://openalex.org/W2067380880
https://openalex.org/W2338549499
https://openalex.org/W1591210776
https://openalex.org/W2097066654
https://openalex.org/W116269270
https://openalex.org/W2017815264
https://openalex.org/W2030766200
https://openalex.org/W2098013749
https://openalex.org/W1984765188
https://openalex.org/W2046653014
https://openalex.org/W1981507050
https://openalex.org/W2094864252
https://openalex.org/W2093513306
https://openalex.org/W2009267535
https://openalex.org/W2096420432
https://openalex.org/W2043170138
https://openalex.org/W186830720
https://openalex.org/W1987566998
https://openalex.org/W2064737555
https://openalex.org/W2028548189
https://openalex.org/W2060243538
https://openalex.org/W2168155078
https://openalex.org/W1997738898
https://openalex.org/W2025657001
https://openalex.org/W2041093743
https://openalex.org/W2057553274
https://openalex.org/W1549475532
https://openalex.org/W1976094238
https://openalex.org/W2145959905
https://openalex.org/W1979025990
https://openalex.org/W2016714235
https://openalex.org/W1642172759
https://openalex.org/W2068177254
https://openalex.org/W2569149817
https://openalex.org/W2564390841
https://openalex.org/W2801815916
https://openalex.org/W2896184201
https://openalex.org/W3097089855
https://openalex.org/W2996326963
https://openalex.org/W3040342439
https://openalex.org/W2967317009
https://openalex.org/W3209841129
https://openalex.org/W3048531178
https://openalex.org/W3118478780
https://openalex.org/W3133764056
https://openalex.org/W3182459177
https://openalex.org/W3194712513
https://openalex.org/W1981138185
https://openalex.org/W1424995071
https://openalex.org/W2046566545
https://openalex.org/W2095062731
https://openalex.org/W1977675317
https://openalex.org/W2059782328
https://openalex.org/W2257446418
https://openalex.org/W1974889472
https://openalex.org/W2144469962
https://openalex.org/W2054765720
https://openalex.org/W2079604686
https://openalex.org/W2102063025
https://openalex.org/W360565626
https://openalex.org/W2149050302
https://openalex.org/W1972999102
https://openalex.org/W2013770292
https://openalex.org/W2021331786
https://openalex.org/W2087884328
https://openalex.org/W1974174331
https://openalex.org/W2062264989
https://openalex.org/W1987429755
https://openalex.org/W2139181448
https://openalex.org/W2071736932
https://openalex.org/W1983370248
https://openalex.org/W2044838295
https://openalex.org/W2084125020
https://openalex.org/W2147786906
https://openalex.org/W1999279633
https://openalex.org/W2044965433
https://openalex.org/W2065419649
https://openalex.org/W2115739091
https://openalex.org/W2063234336
https://openalex.org/W2045718638
https://openalex.org/W22582638
https://openalex.org/W2888517927
https://openalex.org/W3014185073
https://openalex.org/W2560678412
https://openalex.org/W2974496581
https://openalex.org/W2771508407
https://openalex.org/W2792906008
https://openalex.org/W2945605077
https://openalex.org/W2982512720
https://openalex.org/W3007077684
https://openalex.org/W3019981604
https://openalex.org/W3024692250
https://openalex.org/W3167744206
https://openalex.org/W3167183159
https://openalex.org/W4200450845
https://openalex.org/W4226145166
https://openalex.org/W4205383905
https://openalex.org/W4315489722
https://openalex.org/W4318694085
https://openalex.org/W4378746516
https://openalex.org/W4387008425
https://openalex.org/W2085422794
https://openalex.org/W2058739798
https://openalex.org/W2142461377
https://openalex.org/W2035798676
https://openalex.org/W2082333019
https://openalex.org/W2085399656
https://openalex.org/W1953913952
https://openalex.org/W2065570857
https://openalex.org/W2160439400
https://openalex.org/W1990805488
https://openalex.org/W4300562414
https://openalex.org/W2137602069
https://openalex.org/W2997130094
https://openalex.org/W2032153085
https://openalex.org/W1576929318
https://openalex.org/W1972966265
https://openalex.org/W2139032110
https://openalex.org/W1982730343
https://openalex.org/W2004673460
https://openalex.org/W2563249086
https://openalex.org/W2076762665
https://openalex.org/W1960569042
https://openalex.org/W2163482670
https://openalex.org/W2061796170
https://openalex.org/W40483051
https://openalex.org/W1972940370
https://openalex.org/W2148107441
https://openalex.org/W4240457039
https://openalex.org/W2121992200
https://openalex.org/W67781634
https://openalex.org/W2633276176
https://openalex.org/W2152234107
https://openalex.org/W2716477060
https://openalex.org/W2810850776
https://openalex.org/W2883879531
https://openalex.org/W2098580925
https://openalex.org/W2219800137
https://openalex.org/W2553911297
https://openalex.org/W2766582923
https://openalex.org/W2971439062
https://openalex.org/W3032839486
https://openalex.org/W3081455862
https://openalex.org/W3043497445
https://openalex.org/W3083973952
https://openalex.org/W3017498883
https://openalex.org/W3046751379
https://openalex.org/W3111594862
https://openalex.org/W3154968678
https://openalex.org/W3131799689
https://openalex.org/W3179755495
https://openalex.org/W3213278124
https://openalex.org/W4206988881
https://openalex.org/W4223482225
https://openalex.org/W4390500267
https://openalex.org/W4390918575
https://openalex.org/W4391403345
https://openalex.org/W4391808478
https://openalex.org/W4392354364
https://openalex.org/W4392754474
https://openalex.org/W4393157854
https://openalex.org/W4393320073
https://openalex.org/W4393356019
https://openalex.org/W4393970814
https://openalex.org/W4394883994
https://openalex.org/W4394965277
https://openalex.org/W4396569143
https://openalex.org/W4396604564
https://openalex.org/W2082335241
https://openalex.org/W2115488072
https://openalex.org/W2324177572
https://openalex.org/W2006740494
https://openalex.org/W2114157598
https://openalex.org/W2048649785
https://openalex.org/W1981879662
https://openalex.org/W2338611338
https://openalex.org/W2066085542
https://openalex.org/W1979701600
https://openalex.org/W409247299
https://openalex.org/W1977293945
https://openalex.org/W1985036922
https://openalex.org/W1973258858
https://openalex.org/W2008907682
https://openalex.org/W1994937491
https://openalex.org/W2017533511
https://openalex.org/W2911788029
https://openalex.org/W2047935718
https://openalex.org/W2064567058
https://openalex.org/W2013882504
https://openalex.org/W2109513878
https://openalex.org/W1983546915
https://openalex.org/W1984838037
https://openalex.org/W28467701
https://openalex.org/W2060390718
https://openalex.org/W2086911402
https://openalex.org/W2104554074
https://openalex.org/W2123054343
https://openalex.org/W2414414484
https://openalex.org/W2615798640
https://openalex.org/W2748310340
https://openalex.org/W2619287971
https://openalex.org/W2676121550
https://openalex.org/W2769944492
https://openalex.org/W2551041652
https://openalex.org/W2615984886
https://openalex.org/W2782073486
https://openalex.org/W2462891323
https://openalex.org/W2512671012
https://openalex.org/W2963068552
https://openalex.org/W2988467123
https://openalex.org/W2990668639
https://openalex.org/W3004541617
https://openalex.org/W3011015519
https://openalex.org/W3125143457
https://openalex.org/W4353094037
https://openalex.org/W4360990881
https://openalex.org/W4376137915
https://openalex.org/W4377047321
https://openalex.org/W4381435399
https://openalex.org/W4388447543
https://openalex.org/W2038251860
https://openalex.org/W2088928598
https://openalex.org/W1438295657
https://openalex.org/W1899248865
https://openalex.org/W2114908026
https://openalex.org/W2138881808
https://openalex.org/W2322247376
https://openalex.org/W5271140
https://openalex.org/W1981489868
https://openalex.org/W1979138378
https://openalex.org/W2024297315
https://openalex.org/W2057974580
https://openalex.org/W2071156382
https://openalex.org/W2041659449
https://openalex.org/W2074019670
https://openalex.org/W2050125656
https://openalex.org/W2014922136
https://openalex.org/W2399251069
https://openalex.org/W1982156929
https://openalex.org/W2013729403
https://openalex.org/W1972303804
https://openalex.org/W2033445467
https://openalex.org/W1995034600
https://openalex.org/W2048185509
https://openalex.org/W2107837215
https://openalex.org/W2137907285
https://openalex.org/W1964655114
https://openalex.org/W2094077269
https://openalex.org/W2138681459
https://openalex.org/W2790099775
https://openalex.org/W2898384853
https://openalex.org/W2593181236
https://openalex.org/W2605964716
https://openalex.org/W2893183104
https://openalex.org/W2491040773
https://openalex.org/W3049362289
https://openalex.org/W3094063579
https://openalex.org/W2997478021
https://openalex.org/W3014867250
https://openalex.org/W3097871991
https://openalex.org/W3119405938
https://openalex.org/W3185818906
https://openalex.org/W4205703090
https://openalex.org/W4290861143
https://openalex.org/W2732563804
https://openalex.org/W4249226807
https://openalex.org/W2085536091
https://openalex.org/W2136164611
https://openalex.org/W2217900462
https://openalex.org/W2061498158
https://openalex.org/W2207335132
https://openalex.org/W2084604574
https://openalex.org/W2283364624
https://openalex.org/W2160064809
https://openalex.org/W2312192370
https://openalex.org/W2501867010
https://openalex.org/W159313575
https://openalex.org/W2021568929
https://openalex.org/W2021975261
https://openalex.org/W2064404713
https://openalex.org/W2000545832
https://openalex.org/W2132549414
https://openalex.org/W2165291774
https://openalex.org/W1969125091
https://openalex.org/W2152252788
https://openalex.org/W2027965280
https://openalex.org/W2066108915
https://openalex.org/W2058745392
https://openalex.org/W2167104151
https://openalex.org/W2047275358
https://openalex.org/W2103666202
https://openalex.org/W2126006512
https://openalex.org/W1994373782
https://openalex.org/W2038052032
https://openalex.org/W2138401227
https://openalex.org/W1988059704
https://openalex.org/W2032370003
https://openalex.org/W2036943382
https://openalex.org/W2042790867
https://openalex.org/W2151488758
https://openalex.org/W1990730191
https://openalex.org/W2416919082
https://openalex.org/W2953653897
https://openalex.org/W2215252865
https://openalex.org/W2911389002
https://openalex.org/W2964395190
https://openalex.org/W3010019399
https://openalex.org/W4200323944
https://openalex.org/W4206940519
https://openalex.org/W4307034138
https://openalex.org/W2318826796
https://openalex.org/W2051679055
https://openalex.org/W4322388280
https://openalex.org/W2021378017
https://openalex.org/W4253767654
https://openalex.org/W2004959127
https://openalex.org/W2140842646
https://openalex.org/W1983027974
https://openalex.org/W2041452477
https://openalex.org/W2154720089
https://openalex.org/W2036139496
https://openalex.org/W2067100385
https://openalex.org/W2082024712
https://openalex.org/W2115565833
https://openalex.org/W1929083935
https://openalex.org/W2028228604
https://openalex.org/W2040421080
https://openalex.org/W2081243908
https://openalex.org/W2087317416
https://openalex.org/W2095331448
https://openalex.org/W2125148041
https://openalex.org/W2158943662
https://openalex.org/W2403529336
https://openalex.org/W4239482188
https://openalex.org/W2161889398
https://openalex.org/W2037244924
https://openalex.org/W2151060673
https://openalex.org/W2062184842
https://openalex.org/W2112664599
https://openalex.org/W2006883402
https://openalex.org/W1544142096
https://openalex.org/W1988271540
https://openalex.org/W2154436041
https://openalex.org/W2767630192
https://openalex.org/W2885131566
https://openalex.org/W2084438917
https://openalex.org/W2887107550
https://openalex.org/W2889135610
https://openalex.org/W3013023492
https://openalex.org/W3015391419
https://openalex.org/W3048227929
https://openalex.org/W3087937833
https://openalex.org/W3133771174
https://openalex.org/W3165217143
https://openalex.org/W3209709701
https://openalex.org/W2001941414
https://openalex.org/W98946854
https://openalex.org/W2008241138
https://openalex.org/W2067403275
https://openalex.org/W2068084996
https://openalex.org/W2096246067
https://openalex.org/W2104051553
https://openalex.org/W2163119623
https://openalex.org/W1964638853
https://openalex.org/W2018487187
https://openalex.org/W2094376136
https://openalex.org/W2066700529
https://openalex.org/W2085212704
https://openalex.org/W2099870509
https://openalex.org/W2186534858
https://openalex.org/W2519413362
https://openalex.org/W2060756894
https://openalex.org/W2084679139
https://openalex.org/W4212903122
https://openalex.org/W2024253147
https://openalex.org/W2036149362
https://openalex.org/W1994515181
https://openalex.org/W2044181994
https://openalex.org/W2078929712
https://openalex.org/W2171099394
https://openalex.org/W2790748761
https://openalex.org/W2808619766
https://openalex.org/W2973092739
https://openalex.org/W2973523840
https://openalex.org/W2309201502
https://openalex.org/W2408923363
https://openalex.org/W2943319362
https://openalex.org/W2982422762
https://openalex.org/W4250748557
https://openalex.org/W3112510231
https://openalex.org/W3114583809
https://openalex.org/W3138288142
https://openalex.org/W3160140071
https://openalex.org/W3165074328
https://openalex.org/W3171921979
https://openalex.org/W3198943432
https://openalex.org/W3202941980
https://openalex.org/W4224865966
https://openalex.org/W4225081548
https://openalex.org/W4291169754
https://openalex.org/W4295021219
https://openalex.org/W4296756086
https://openalex.org/W4310465784
https://openalex.org/W4307039676
https://openalex.org/W4318020082
https://openalex.org/W4378783208
https://openalex.org/W4382137769
https://openalex.org/W4386435460
https://openalex.org/W4388409581
https://openalex.org/W4389566815
https://openalex.org/W1978162502
https://openalex.org/W2001337305
https://openalex.org/W2029721211
https://openalex.org/W2041850645
https://openalex.org/W4247829253
https://openalex.org/W2055626603
https://openalex.org/W2058555880
https://openalex.org/W1997489707
https://openalex.org/W2088780766
https://openalex.org/W2076756373
https://openalex.org/W2418247038
https://openalex.org/W2055350747
https://openalex.org/W38615925
https://openalex.org/W1994387194
https://openalex.org/W2160549464
https://openalex.org/W2057859106
https://openalex.org/W2093982575
https://openalex.org/W2136657723
https://openalex.org/W1984824672
https://openalex.org/W2006275586
https://openalex.org/W2010673543
https://openalex.org/W2063776614
https://openalex.org/W2110288033
https://openalex.org/W2006981013
https://openalex.org/W2041892578
https://openalex.org/W2401077191
https://openalex.org/W2404675757
https://openalex.org/W2763105697
https://openalex.org/W2784110593
https://openalex.org/W2797287189
https://openalex.org/W2905827427
https://openalex.org/W2323676164
https://openalex.org/W2496937664
https://openalex.org/W2499755123
https://openalex.org/W2536903203
https://openalex.org/W2574662997
https://openalex.org/W2943433635
https://openalex.org/W2958694165
https://openalex.org/W2021994196
https://openalex.org/W2077603086
https://openalex.org/W2119946259
https://openalex.org/W2166910301
https://openalex.org/W2005719111
https://openalex.org/W2082632416
https://openalex.org/W1963840857
https://openalex.org/W2036461546
https://openalex.org/W2061656687
https://openalex.org/W2333082154
https://openalex.org/W2093642175
https://openalex.org/W2096298482
https://openalex.org/W2105824515
https://openalex.org/W2098302070
https://openalex.org/W2010584471
https://openalex.org/W2160452331
https://openalex.org/W1976823001
https://openalex.org/W2001567827
https://openalex.org/W2010792874
https://openalex.org/W2027992387
https://openalex.org/W2060638148
https://openalex.org/W2793489536
https://openalex.org/W2799340945
https://openalex.org/W1856453844
https://openalex.org/W1964834286
https://openalex.org/W2058815742
https://openalex.org/W2142882367
https://openalex.org/W2476386225
https://openalex.org/W3011678838
https://openalex.org/W3018245099
https://openalex.org/W3110160869
https://openalex.org/W3134266474
https://openalex.org/W2485681214
https://openalex.org/W3134806776
https://openalex.org/W3147083250
https://openalex.org/W3157553976
https://openalex.org/W2109702352
https://openalex.org/W1976093781
https://openalex.org/W2115987727
https://openalex.org/W2016387408
https://openalex.org/W2042943571
https://openalex.org/W2466931955
https://openalex.org/W2041671171
https://openalex.org/W2125984747
https://openalex.org/W2038252835
https://openalex.org/W1502418194
https://openalex.org/W2076960125
https://openalex.org/W2763197759
https://openalex.org/W2911767719
https://openalex.org/W4247404806
https://openalex.org/W1996856420
https://openalex.org/W2615563739
https://openalex.org/W2059768192
https://openalex.org/W2112194831
https://openalex.org/W2167653518
https://openalex.org/W1542164310
https://openalex.org/W2069348003
https://openalex.org/W2412557078
https://openalex.org/W2080527026
https://openalex.org/W2012241337
https://openalex.org/W2084855082
https://openalex.org/W2146767889
https://openalex.org/W2624977800
https://openalex.org/W1493416410
https://openalex.org/W1564983730
https://openalex.org/W1842003305
https://openalex.org/W2035290292
https://openalex.org/W2048891165
https://openalex.org/W2592417545
https://openalex.org/W2913332480
https://openalex.org/W2948009605
https://openalex.org/W3004814048
https://openalex.org/W3009240025
https://openalex.org/W3013605956
https://openalex.org/W3049703905
https://openalex.org/W3153874133
https://openalex.org/W3159103199
https://openalex.org/W3197463876
https://openalex.org/W4200402902
https://openalex.org/W4280649389
https://openalex.org/W4295796203
https://openalex.org/W4307032491
https://openalex.org/W1964214946
https://openalex.org/W2028372306
https://openalex.org/W1993035455
https://openalex.org/W2320955299
https://openalex.org/W1999993246
https://openalex.org/W2047828478
https://openalex.org/W2112741314
https://openalex.org/W2410012729
https://openalex.org/W4247153536
https://openalex.org/W1974453876
https://openalex.org/W2082200380
https://openalex.org/W2027306990
https://openalex.org/W2033373890
https://openalex.org/W2327449040
https://openalex.org/W2318079823
https://openalex.org/W1822162695
https://openalex.org/W2883640686
https://openalex.org/W2896054782
https://openalex.org/W129844757
https://openalex.org/W1596586957
https://openalex.org/W1820089988
https://openalex.org/W1972629183
https://openalex.org/W2042981648
https://openalex.org/W2080479538
https://openalex.org/W2097025725
https://openalex.org/W2114807865
https://openalex.org/W2127162470
https://openalex.org/W2151466120
https://openalex.org/W2154537524
https://openalex.org/W2415791981
https://openalex.org/W2892381325
https://openalex.org/W2996177208
https://openalex.org/W3014415185
https://openalex.org/W3076633495
https://openalex.org/W3097111364
https://openalex.org/W2013309579
https://openalex.org/W1983466374
https://openalex.org/W2031580569
https://openalex.org/W2092454701
https://openalex.org/W2401425477
https://openalex.org/W2418560443
https://openalex.org/W1975844397
https://openalex.org/W2055657148
https://openalex.org/W2084878542
https://openalex.org/W2161129727
https://openalex.org/W2021017070
https://openalex.org/W2160428879
https://openalex.org/W2916778472
https://openalex.org/W2051996167
https://openalex.org/W2052509023
https://openalex.org/W2095016287
https://openalex.org/W2108132515
https://openalex.org/W1979004728
https://openalex.org/W1829236722
https://openalex.org/W2000715842
https://openalex.org/W2004332220
https://openalex.org/W2078875339
https://openalex.org/W2149568509
https://openalex.org/W2418197171
https://openalex.org/W2511149463
https://openalex.org/W302071138
https://openalex.org/W1965171681
https://openalex.org/W2134710436
https://openalex.org/W2135244280
https://openalex.org/W2741180489
https://openalex.org/W2831812613
https://openalex.org/W2846144160
https://openalex.org/W2896720257
https://openalex.org/W2903516930
https://openalex.org/W2904066402
https://openalex.org/W2974079223
https://openalex.org/W2993328894
https://openalex.org/W2515621684
https://openalex.org/W3090601296
https://openalex.org/W3178992337
https://openalex.org/W3191517814
https://openalex.org/W3199340808
https://openalex.org/W3217136764
https://openalex.org/W628876984
https://openalex.org/W1806680982
https://openalex.org/W1981056460
https://openalex.org/W2054807725
https://openalex.org/W2059979402
https://openalex.org/W2085773880
https://openalex.org/W2109306276
https://openalex.org/W2053225699
https://openalex.org/W2081295487
https://openalex.org/W2134011531
https://openalex.org/W2139484357
https://openalex.org/W2007807519
https://openalex.org/W2075700613
https://openalex.org/W2086012067
https://openalex.org/W2507658930
https://openalex.org/W1571406685
https://openalex.org/W1996378157
https://openalex.org/W2035772622
https://openalex.org/W2066918326
https://openalex.org/W2413323286
https://openalex.org/W2046779468
https://openalex.org/W161294875
https://openalex.org/W2468095754
https://openalex.org/W1952541237
https://openalex.org/W1979895317
https://openalex.org/W2044336109
https://openalex.org/W2166526827
https://openalex.org/W2315069547
https://openalex.org/W2384516708
https://openalex.org/W2468690314
https://openalex.org/W2789609063
https://openalex.org/W2915666832
https://openalex.org/W2966552513
https://openalex.org/W2979956430
https://openalex.org/W2999710473
https://openalex.org/W3000013798
https://openalex.org/W3006825650
https://openalex.org/W3007319769
https://openalex.org/W3031196735
https://openalex.org/W3035083039
https://openalex.org/W3039968200
https://openalex.org/W3046445507
https://openalex.org/W3110065812
https://openalex.org/W2203752838
https://openalex.org/W4225295829
https://openalex.org/W4280521424
https://openalex.org/W2011352686
https://openalex.org/W1966542035
https://openalex.org/W2052985920
https://openalex.org/W2067863573
https://openalex.org/W2076531531
https://openalex.org/W2105217545
https://openalex.org/W2255097869
https://openalex.org/W2034195605
https://openalex.org/W2051257240
https://openalex.org/W2067339820
https://openalex.org/W2048709475
https://openalex.org/W2982513611
https://openalex.org/W1991720952
https://openalex.org/W2127970060
https://openalex.org/W2136180616
https://openalex.org/W2267816942
https://openalex.org/W2591491421
https://openalex.org/W2067789279
https://openalex.org/W2114755328
https://openalex.org/W2132053571
https://openalex.org/W1508168823
https://openalex.org/W1751228677
https://openalex.org/W1977790655
https://openalex.org/W2122032232
https://openalex.org/W2033891460
https://openalex.org/W2048287442
https://openalex.org/W2080858651
https://openalex.org/W2161502610
https://openalex.org/W2575313185
https://openalex.org/W34301803
https://openalex.org/W1520796676
https://openalex.org/W1675459565
https://openalex.org/W2022501108
https://openalex.org/W2071905855
https://openalex.org/W2105147800
https://openalex.org/W2090746549
https://openalex.org/W2064248700
https://openalex.org/W1545385291
https://openalex.org/W2086501629
https://openalex.org/W1975727043
https://openalex.org/W2590562258
https://openalex.org/W1539740729
https://openalex.org/W1968581291
https://openalex.org/W1988601545
https://openalex.org/W1992516412
https://openalex.org/W2130728943
https://openalex.org/W2568890057
https://openalex.org/W2623937438
https://openalex.org/W2802694298
https://openalex.org/W2894715097
https://openalex.org/W2894767527
https://openalex.org/W2912321007
https://openalex.org/W2920022075
https://openalex.org/W2921023421
https://openalex.org/W2937064488
https://openalex.org/W2953233721
https://openalex.org/W2956355544
https://openalex.org/W2997653762
https://openalex.org/W3093279410
https://openalex.org/W3123985563
https://openalex.org/W3141225107
https://openalex.org/W3200807505
https://openalex.org/W3203117885
https://openalex.org/W2592029439
https://openalex.org/W2891864561
https://openalex.org/W2030053528
https://openalex.org/W2070971246
https://openalex.org/W4238866294
https://openalex.org/W4238907553
https://openalex.org/W2225400132
https://openalex.org/W2266139595
https://openalex.org/W2418942462
https://openalex.org/W2065218801
https://openalex.org/W2084265219
https://openalex.org/W2520694255
https://openalex.org/W2083657748
https://openalex.org/W2412505827
https://openalex.org/W2002110331
https://openalex.org/W2021796974
https://openalex.org/W2256293693
https://openalex.org/W2556563125
https://openalex.org/W4379618037
https://openalex.org/W1939170905
https://openalex.org/W1983352155
https://openalex.org/W1992174595
https://openalex.org/W1994059619
https://openalex.org/W2019060530
https://openalex.org/W2057119261
https://openalex.org/W2081242761
https://openalex.org/W2081496184
https://openalex.org/W2086847907
https://openalex.org/W2098097802
https://openalex.org/W2329333545
https://openalex.org/W2523895333
https://openalex.org/W2603592415
https://openalex.org/W294133294
https://openalex.org/W4292528948
https://openalex.org/W597823644
https://openalex.org/W2316194246
https://openalex.org/W4312287286
https://openalex.org/W4312530643
https://openalex.org/W4312818815
https://openalex.org/W4315644451
https://openalex.org/W4317930580
https://openalex.org/W4319336276
https://openalex.org/W4361888325
https://openalex.org/W4361888376
https://openalex.org/W4361888421
https://openalex.org/W4361931066
https://openalex.org/W4361931529
https://openalex.org/W4361932049
https://openalex.org/W4361932558
https://openalex.org/W4361936498
https://openalex.org/W4361936717
https://openalex.org/W4361946833
https://openalex.org/W4361947561
https://openalex.org/W4361952700
https://openalex.org/W4361953166
https://openalex.org/W4361962342
https://openalex.org/W4361967683
https://openalex.org/W4361967809
https://openalex.org/W4361967903
https://openalex.org/W4361967904
https://openalex.org/W4362404262
https://openalex.org/W4362404292
https://openalex.org/W4362404507
https://openalex.org/W4362404518
https://openalex.org/W4362404519
https://openalex.org/W4362404525
https://openalex.org/W4362404836
https://openalex.org/W4362407009
https://openalex.org/W4367394849
https://openalex.org/W4376257251
https://openalex.org/W4376851624
https://openalex.org/W4377233109
https://openalex.org/W4380997514
https://openalex.org/W4381599121
https://openalex.org/W4383176399
https://openalex.org/W4383754350
https://openalex.org/W4385450576
https://openalex.org/W4385632760
https://openalex.org/W4386074120
https://openalex.org/W4386324457
https://openalex.org/W4387061345
https://openalex.org/W4387501105
https://openalex.org/W4388084395
https://openalex.org/W4388633894
https://openalex.org/W4389031678
https://openalex.org/W4389491109
https://openalex.org/W4389516059
https://openalex.org/W4389565545
https://openalex.org/W4390735216
https://openalex.org/W4390762437
https://openalex.org/W1619297620
https://openalex.org/W1973582181
https://openalex.org/W1997127352
https://openalex.org/W2001185117
https://openalex.org/W2031597499
https://openalex.org/W2151173866
https://openalex.org/W2158968475
https://openalex.org/W2396719208
https://openalex.org/W4233999244
https://openalex.org/W2026441910
https://openalex.org/W286092684
https://openalex.org/W1485572203
https://openalex.org/W2034924955
https://openalex.org/W2056133484
https://openalex.org/W2407611803
https://openalex.org/W2429887534
https://openalex.org/W2439494216
https://openalex.org/W2519921761
https://openalex.org/W1964166956
https://openalex.org/W2891572527
https://openalex.org/W2018400173
https://openalex.org/W2049091469
https://openalex.org/W2075865270
https://openalex.org/W2080316980
https://openalex.org/W4254824446
https://openalex.org/W2002751720
https://openalex.org/W2028404060
https://openalex.org/W2077148607
https://openalex.org/W2315195071
https://openalex.org/W2094102953
https://openalex.org/W2463895593
https://openalex.org/W125941013
https://openalex.org/W152433342
https://openalex.org/W1989097324
https://openalex.org/W2549736395
https://openalex.org/W2568336425
https://openalex.org/W2791121674
https://openalex.org/W2811310900
https://openalex.org/W2913833323
https://openalex.org/W2915827870
https://openalex.org/W2922837232
https://openalex.org/W2967350000
https://openalex.org/W2992363779
https://openalex.org/W3006040529
https://openalex.org/W3007742302
https://openalex.org/W3037009805
https://openalex.org/W3041078200
https://openalex.org/W3043325275
https://openalex.org/W3113130333
https://openalex.org/W3116567376
https://openalex.org/W3142174761
https://openalex.org/W3163690793
https://openalex.org/W3173805140
https://openalex.org/W3174007493
https://openalex.org/W3200177290
https://openalex.org/W4200510199
https://openalex.org/W4205821423
https://openalex.org/W2529889703
https://openalex.org/W2915243348
https://openalex.org/W2980107396
https://openalex.org/W4221114135
https://openalex.org/W4283020087
https://openalex.org/W4285246203
https://openalex.org/W4306644962
https://openalex.org/W2319979739
https://openalex.org/W2471760333
https://openalex.org/W94829389
https://openalex.org/W1980504429
https://openalex.org/W2027150435
https://openalex.org/W2048360869
https://openalex.org/W2058452643
https://openalex.org/W2330413988
https://openalex.org/W2474103330
https://openalex.org/W3121921658
https://openalex.org/W3139552413
https://openalex.org/W4248144417
https://openalex.org/W4250723820
https://openalex.org/W149472735
https://openalex.org/W2092291827
https://openalex.org/W2427400566
https://openalex.org/W1532201975
https://openalex.org/W2042285385
https://openalex.org/W2549751813
https://openalex.org/W1982102187
https://openalex.org/W2062073347
https://openalex.org/W2152700894
https://openalex.org/W2186897114
https://openalex.org/W2334148396
https://openalex.org/W2335178441
https://openalex.org/W2605602915
https://openalex.org/W4240549983
https://openalex.org/W4250136636
https://openalex.org/W4293579841
https://openalex.org/W98087174
https://openalex.org/W2022236406
https://openalex.org/W2086822721
https://openalex.org/W2333627842
https://openalex.org/W2418272976
https://openalex.org/W2729212503
https://openalex.org/W2028559554
https://openalex.org/W2063341530
https://openalex.org/W1578416545
https://openalex.org/W2425707189
https://openalex.org/W53487498
https://openalex.org/W78839155
https://openalex.org/W148888237
https://openalex.org/W2055697702
https://openalex.org/W2074451926
https://openalex.org/W2600497265
https://openalex.org/W2601721846
https://openalex.org/W2739552277
https://openalex.org/W2904279849
https://openalex.org/W3024719455
https://openalex.org/W3193560350
https://openalex.org/W1976753363
https://openalex.org/W2002026856
https://openalex.org/W2046512733
https://openalex.org/W2086718523
https://openalex.org/W2148638143
https://openalex.org/W2240823485
https://openalex.org/W2474659870
https://openalex.org/W2771765931
https://openalex.org/W363196135
https://openalex.org/W2280532170
https://openalex.org/W2296691265
https://openalex.org/W2315951063
https://openalex.org/W2321725168
https://openalex.org/W2407674339
https://openalex.org/W1987546991
https://openalex.org/W2082513807
https://openalex.org/W2088587409
https://openalex.org/W2155665762
https://openalex.org/W2345709502
https://openalex.org/W2442015725
https://openalex.org/W2793283210
https://openalex.org/W2801195638
https://openalex.org/W2803943285
https://openalex.org/W2060311294
https://openalex.org/W2185431838
https://openalex.org/W2336833616
https://openalex.org/W2624804551
https://openalex.org/W1575363253
https://openalex.org/W2318400262
https://openalex.org/W2416116713
https://openalex.org/W1982867670
https://openalex.org/W2119946075
https://openalex.org/W2149150144
https://openalex.org/W2398949218
https://openalex.org/W2418603579
https://openalex.org/W2910709578
https://openalex.org/W2967391657
https://openalex.org/W2974037202
https://openalex.org/W2980123665
https://openalex.org/W2993100561
https://openalex.org/W3007885588
https://openalex.org/W3012052640
https://openalex.org/W3015770861
https://openalex.org/W3023504534
https://openalex.org/W3026139613
https://openalex.org/W3033797408
https://openalex.org/W3036592561
https://openalex.org/W3039291650
https://openalex.org/W3107974217
https://openalex.org/W3124413071
https://openalex.org/W4236470650
https://openalex.org/W2059257253
https://openalex.org/W2082490488
https://openalex.org/W2324361955
https://openalex.org/W10247222
https://openalex.org/W1981856432
https://openalex.org/W2265955524
https://openalex.org/W2282828520
https://openalex.org/W2409657002
https://openalex.org/W4239099148
https://openalex.org/W1602855208
https://openalex.org/W2109379808
https://openalex.org/W2433141501
https://openalex.org/W2548239186
https://openalex.org/W3119592985
https://openalex.org/W3129989308
https://openalex.org/W3160044013
https://openalex.org/W3164996110
https://openalex.org/W3173976947
https://openalex.org/W3176201777
https://openalex.org/W3182013595
https://openalex.org/W3201065657
https://openalex.org/W4200359441
https://openalex.org/W1990206221
https://openalex.org/W2099334974
https://openalex.org/W2511283842
https://openalex.org/W1965489915
https://openalex.org/W196567485
https://openalex.org/W1973866902
https://openalex.org/W2159538505
https://openalex.org/W2371388222
https://openalex.org/W2399342668
https://openalex.org/W2487618492
https://openalex.org/W2761156570
https://openalex.org/W2762662243
https://openalex.org/W2799595974
https://openalex.org/W4238915911
https://openalex.org/W2010632300
https://openalex.org/W2324285303
https://openalex.org/W2417161994
https://openalex.org/W2462363409
https://openalex.org/W1974347640
https://openalex.org/W1986077892
https://openalex.org/W2040651966
https://openalex.org/W2073866812
https://openalex.org/W2167720054
https://openalex.org/W2415857822
https://openalex.org/W2508191538
https://openalex.org/W2946058552
https://openalex.org/W4238668050
https://openalex.org/W173370454
https://openalex.org/W2095072757
https://openalex.org/W2166526568
https://openalex.org/W2410676995
https://openalex.org/W1495543408
https://openalex.org/W1511762479
https://openalex.org/W1898665328
https://openalex.org/W1909256058
https://openalex.org/W1915447156
https://openalex.org/W1974207364
https://openalex.org/W1986042061
https://openalex.org/W2011134682
https://openalex.org/W2015347863
https://openalex.org/W2023242441
https://openalex.org/W2041103805
https://openalex.org/W2044717501
https://openalex.org/W2050743040
https://openalex.org/W2069546101
https://openalex.org/W2075600836
https://openalex.org/W2079931291
https://openalex.org/W2088626837
https://openalex.org/W2131491930
https://openalex.org/W2193108542
https://openalex.org/W2209812051
https://openalex.org/W2246824905
https://openalex.org/W2256232606
https://openalex.org/W2259349143
https://openalex.org/W2299332656
https://openalex.org/W2300639350
https://openalex.org/W2317020868
https://openalex.org/W2319549302
https://openalex.org/W2325719091
https://openalex.org/W2325930313
https://openalex.org/W2326278888
https://openalex.org/W2327675449
https://openalex.org/W2330774015
https://openalex.org/W2332207881
https://openalex.org/W2349899884
https://openalex.org/W2407043080
https://openalex.org/W2407332531
https://openalex.org/W2471302306
https://openalex.org/W2507309476
https://openalex.org/W2508633479
https://openalex.org/W2509615413
https://openalex.org/W2513107447
https://openalex.org/W2515497995
https://openalex.org/W2517261693
https://openalex.org/W2518071406
https://openalex.org/W2518462764
https://openalex.org/W2519327177
https://openalex.org/W2519441395
https://openalex.org/W2520249824
https://openalex.org/W2520564741
https://openalex.org/W2522269365
https://openalex.org/W2534751358
https://openalex.org/W2536862447
https://openalex.org/W2551624501
https://openalex.org/W2589226522
https://openalex.org/W2589891972
https://openalex.org/W2619618639
https://openalex.org/W2623665653
https://openalex.org/W2625497930
https://openalex.org/W2639740399
https://openalex.org/W2724305788
https://openalex.org/W2728954038
https://openalex.org/W2731325982
https://openalex.org/W2740252706
https://openalex.org/W2745627862
https://openalex.org/W2751830486
https://openalex.org/W2895591087
https://openalex.org/W2915579928
https://openalex.org/W2977437823
https://openalex.org/W2977602180
https://openalex.org/W3009098810
https://openalex.org/W3010533584
https://openalex.org/W3123929150
https://openalex.org/W3161181903
https://openalex.org/W3161785635
https://openalex.org/W3168600956
https://openalex.org/W3173823560
https://openalex.org/W3174872205
https://openalex.org/W3176932301
https://openalex.org/W3193821583
https://openalex.org/W3194076399
https://openalex.org/W3195971915
https://openalex.org/W4231088405
https://openalex.org/W4231217841
https://openalex.org/W4254477025
https://openalex.org/W1858442922
https://openalex.org/W1967629599
https://openalex.org/W1972759776
https://openalex.org/W2016948733
https://openalex.org/W2039049242
https://openalex.org/W2396437421
https://openalex.org/W2473093633
https://openalex.org/W4248804260
https://openalex.org/W100895200
https://openalex.org/W118329477
https://openalex.org/W1498428644
https://openalex.org/W1989036326
https://openalex.org/W1991016167
https://openalex.org/W1997792219
https://openalex.org/W2002620548
https://openalex.org/W2005121523
https://openalex.org/W2028891187
https://openalex.org/W203377083
https://openalex.org/W2048067427
https://openalex.org/W205343114
https://openalex.org/W2081683086
https://openalex.org/W2083265285
https://openalex.org/W2089249781
https://openalex.org/W2093475861
https://openalex.org/W2120668751
https://openalex.org/W2275793165
https://openalex.org/W2299970472
https://openalex.org/W2316326026
https://openalex.org/W2317512033
https://openalex.org/W2322730496
https://openalex.org/W2327931591
https://openalex.org/W2328500728
https://openalex.org/W2328543518
https://openalex.org/W2330750549
https://openalex.org/W2331199013
https://openalex.org/W2331333900
https://openalex.org/W2335156382
https://openalex.org/W2335513258
https://openalex.org/W2341316139
https://openalex.org/W2370140838
https://openalex.org/W2394489297
https://openalex.org/W2398587964
https://openalex.org/W2401901817
https://openalex.org/W2411474175
https://openalex.org/W2412435550
https://openalex.org/W2476185849
https://openalex.org/W2483239172
https://openalex.org/W2483692651
https://openalex.org/W2487869653
https://openalex.org/W2490608709
https://openalex.org/W2491876089
https://openalex.org/W2501270779
https://openalex.org/W2567962591
https://openalex.org/W2574592370
https://openalex.org/W2624440909
https://openalex.org/W2749077360
https://openalex.org/W2900572762
https://openalex.org/W2946016772
https://openalex.org/W2994760872
https://openalex.org/W3093904016
https://openalex.org/W3167919685
https://openalex.org/W3168276528
https://openalex.org/W3196814310
https://openalex.org/W3203567824
https://openalex.org/W3211454619
https://openalex.org/W398752932
https://openalex.org/W4235264125
https://openalex.org/W4239962736
https://openalex.org/W4242444654
https://openalex.org/W4250146134
https://openalex.org/W4255253423
https://openalex.org/W49629973
https://openalex.org/W938932709
https://openalex.org/W1973785178
https://openalex.org/W2079253903
https://openalex.org/W2118831231
https://openalex.org/W2127137705
https://openalex.org/W2430172699
https://openalex.org/W327666300
https://openalex.org/W2430730952
https://openalex.org/W2462804487
https://openalex.org/W122213371
https://openalex.org/W1533983250
https://openalex.org/W1568915822
https://openalex.org/W1990845254
https://openalex.org/W2062253064
https://openalex.org/W2071556178
https://openalex.org/W2284061808
https://openalex.org/W2302216288
https://openalex.org/W2340434666
https://openalex.org/W2366136706
https://openalex.org/W2587929783
https://openalex.org/W2601308027
https://openalex.org/W2621845622
https://openalex.org/W2622159063
https://openalex.org/W2734632936
https://openalex.org/W2740578716
https://openalex.org/W2747840035
https://openalex.org/W2752909566
https://openalex.org/W2754167797
https://openalex.org/W2754734953
https://openalex.org/W2755740870
https://openalex.org/W2756063395
https://openalex.org/W2765532384
https://openalex.org/W2765770882
https://openalex.org/W2766041495
https://openalex.org/W2768350825
https://openalex.org/W2771244431
https://openalex.org/W2771929118
https://openalex.org/W2781694331
https://openalex.org/W2783412094
https://openalex.org/W2787014356
https://openalex.org/W2788521956
https://openalex.org/W2790288613
https://openalex.org/W2924046634
https://openalex.org/W2954115305
https://openalex.org/W2980146642
https://openalex.org/W2983232566
https://openalex.org/W2986655456
https://openalex.org/W3012302126
https://openalex.org/W3014293091
https://openalex.org/W3043621379
https://openalex.org/W3091029238
https://openalex.org/W3137502624
https://openalex.org/W3162273838
https://openalex.org/W3183435733
https://openalex.org/W3194950992
https://openalex.org/W3195923960
https://openalex.org/W4205760261
https://openalex.org/W4240057251
https://openalex.org/W4298877167
https://openalex.org/W4300642738
https://openalex.org/W2045176707
https://openalex.org/W2103425401
https://openalex.org/W140257744
https://openalex.org/W1494770084
https://openalex.org/W1511996413
https://openalex.org/W154779693
https://openalex.org/W165703664
https://openalex.org/W1942109593
https://openalex.org/W1971902562
https://openalex.org/W1974310806
https://openalex.org/W2004478138
https://openalex.org/W20062704
https://openalex.org/W2014055781
https://openalex.org/W2049897816
https://openalex.org/W215293200
https://openalex.org/W2161637060
https://openalex.org/W2182425432
https://openalex.org/W2197043727
https://openalex.org/W2232690836
https://openalex.org/W2288851786
https://openalex.org/W2302401860
https://openalex.org/W2552145486
https://openalex.org/W2568220269
https://openalex.org/W2728937918
https://openalex.org/W2793396544
https://openalex.org/W2800570058
https://openalex.org/W2904108667
https://openalex.org/W2913411114
https://openalex.org/W2969533808
https://openalex.org/W2979418615
https://openalex.org/W3010209480
https://openalex.org/W3120186763
https://openalex.org/W3129860016
https://openalex.org/W3148027356
https://openalex.org/W3150550894
https://openalex.org/W3174997674
https://openalex.org/W3183864807
https://openalex.org/W3186107216
https://openalex.org/W3207735549
https://openalex.org/W3216830206
https://openalex.org/W32834088
https://openalex.org/W4200462251
https://openalex.org/W4206271973
https://openalex.org/W4206580572
https://openalex.org/W4213245976
https://openalex.org/W4223500518
https://openalex.org/W4223577829
https://openalex.org/W4226183283
https://openalex.org/W4226251060
https://openalex.org/W4226280193
https://openalex.org/W4230505500
https://openalex.org/W4250936192
https://openalex.org/W4252892967
https://openalex.org/W4283066471
https://openalex.org/W4285120418
https://openalex.org/W4296945518
https://openalex.org/W4306969739
https://openalex.org/W4308585994
https://openalex.org/W4309457931
https://openalex.org/W4310975496
https://openalex.org/W4312892032
https://openalex.org/W4312918821
https://openalex.org/W4367048385
https://openalex.org/W4387217046
https://openalex.org/W89863560
https://openalex.org/W1971764178
https://openalex.org/W1984041400
https://openalex.org/W2147045452
https://openalex.org/W2314961023
https://openalex.org/W2403659132
https://openalex.org/W2419538406
https://openalex.org/W2423379509
https://openalex.org/W2513126330
https://openalex.org/W2515528813
https://openalex.org/W4210961064
https://openalex.org/W4243286619
https://openalex.org/W1537470719
https://openalex.org/W1563550018
https://openalex.org/W2320299216
https://openalex.org/W2346192514
https://openalex.org/W2379085808
https://openalex.org/W2416722157
https://openalex.org/W2435996149
https://openalex.org/W2499639743
https://openalex.org/W2523078120
https://openalex.org/W2584224384
https://openalex.org/W2767512635
https://openalex.org/W2767517150
https://openalex.org/W2767869997
https://openalex.org/W2807570650
https://openalex.org/W2885052250
https://openalex.org/W2888084643
https://openalex.org/W2888614780
https://openalex.org/W2891181442
https://openalex.org/W2892634631
https://openalex.org/W2898631953
https://openalex.org/W2903448565
https://openalex.org/W2909771012
https://openalex.org/W2910286680
https://openalex.org/W2916013657
https://openalex.org/W2917425496
https://openalex.org/W2923442572
https://openalex.org/W2940009954
https://openalex.org/W2943903949
https://openalex.org/W2945529331
https://openalex.org/W2954522924
https://openalex.org/W2971966204
https://openalex.org/W2972515326
https://openalex.org/W2981536735
https://openalex.org/W2981688357
https://openalex.org/W2981845686
https://openalex.org/W2987523042
https://openalex.org/W3000010851
https://openalex.org/W3000438042
https://openalex.org/W3006540327
https://openalex.org/W3008994564
https://openalex.org/W3009877201
https://openalex.org/W3011108853
https://openalex.org/W3011684665
https://openalex.org/W3015698506
https://openalex.org/W3026002327
https://openalex.org/W3091611515
https://openalex.org/W3101449585
https://openalex.org/W3125394472
https://openalex.org/W4242108075
https://openalex.org/W4250962489
https://openalex.org/W4300975565
https://openalex.org/W607707189
https://openalex.org/W652591630
https://openalex.org/W1522192152
https://openalex.org/W1942091377
https://openalex.org/W1990470164
https://openalex.org/W2016416764
https://openalex.org/W2019022830
https://openalex.org/W2027106255
https://openalex.org/W2030806121
https://openalex.org/W2066495725
https://openalex.org/W2103653896
https://openalex.org/W2318777002
https://openalex.org/W2328803966
https://openalex.org/W2398177213
https://openalex.org/W2404457744
https://openalex.org/W2418436607
https://openalex.org/W2443184214
https://openalex.org/W2514471316
https://openalex.org/W2516191235
https://openalex.org/W2614241654
https://openalex.org/W2777956413
https://openalex.org/W47355610
https://openalex.org/W1603399940
https://openalex.org/W167304056
https://openalex.org/W1968845776
https://openalex.org/W2006543065
https://openalex.org/W2013258320
https://openalex.org/W2036575648
https://openalex.org/W2058920689
https://openalex.org/W2065555440
https://openalex.org/W2067419390
https://openalex.org/W2068305828
https://openalex.org/W2080031943
https://openalex.org/W2080034768
https://openalex.org/W2087988010
https://openalex.org/W2125729094
https://openalex.org/W2135427545
https://openalex.org/W2138488321
https://openalex.org/W2145989121
https://openalex.org/W2147349541
https://openalex.org/W2159281535
https://openalex.org/W2176838665
https://openalex.org/W2284648474
https://openalex.org/W2319594640
https://openalex.org/W2363824336
https://openalex.org/W2383767952
https://openalex.org/W2402397046
https://openalex.org/W2417221503
https://openalex.org/W2418219400
https://openalex.org/W2428366487
https://openalex.org/W2464232532
https://openalex.org/W2479824343
https://openalex.org/W2545001978
https://openalex.org/W254530900
https://openalex.org/W2558841943
https://openalex.org/W2576184223
https://openalex.org/W2577608793
https://openalex.org/W2581267085
https://openalex.org/W2761956319
https://openalex.org/W2763177355
https://openalex.org/W2763867809
https://openalex.org/W2767165064
https://openalex.org/W2767546518
https://openalex.org/W2769292433
https://openalex.org/W2776903691
https://openalex.org/W2940763616
https://openalex.org/W2990081976
https://openalex.org/W2994133105
https://openalex.org/W2999678704
https://openalex.org/W3000780719
https://openalex.org/W3008926461
https://openalex.org/W3013882974
https://openalex.org/W3016232242
https://openalex.org/W3016453979
https://openalex.org/W3021962734
https://openalex.org/W3026163241
https://openalex.org/W3030969245
https://openalex.org/W3034889701
https://openalex.org/W3040331919
https://openalex.org/W3042813451
https://openalex.org/W3047376330
https://openalex.org/W3048344585
https://openalex.org/W3083623870
https://openalex.org/W3089809424
https://openalex.org/W3090028485
https://openalex.org/W3090244096
https://openalex.org/W3091410186
https://openalex.org/W3091946491
https://openalex.org/W3092727339
https://openalex.org/W3093479565
https://openalex.org/W3095031959
https://openalex.org/W3097625728
https://openalex.org/W3110725358
https://openalex.org/W3116821796
https://openalex.org/W3117948301
https://openalex.org/W3122157614
https://openalex.org/W3129819533
https://openalex.org/W3131134852
https://openalex.org/W3147670154
https://openalex.org/W3151183542
https://openalex.org/W3178472187
https://openalex.org/W3185679487
https://openalex.org/W3194188422
https://openalex.org/W3196012963
https://openalex.org/W3196326785
https://openalex.org/W3211300281
https://openalex.org/W4231043636
https://openalex.org/W4234938134
https://openalex.org/W4253072385
https://openalex.org/W4313825568
https://openalex.org/W69496202
https://openalex.org/W2305937533
https://openalex.org/W2408793722
https://openalex.org/W107574823
https://openalex.org/W1484508944
https://openalex.org/W1967929328
https://openalex.org/W1992375854
https://openalex.org/W2006072991
https://openalex.org/W2047745655
https://openalex.org/W2111974820
https://openalex.org/W2116128832
https://openalex.org/W2172090367
https://openalex.org/W2202695677
https://openalex.org/W2205688882
https://openalex.org/W2351965208
https://openalex.org/W2404044470
https://openalex.org/W2406384832
https://openalex.org/W2411331819
https://openalex.org/W2411957270
https://openalex.org/W2413413113
https://openalex.org/W2414792609
https://openalex.org/W2417046651
https://openalex.org/W2460445282
https://openalex.org/W2554361783
https://openalex.org/W2580127489
https://openalex.org/W2585296195
https://openalex.org/W2763901173
https://openalex.org/W2765593717
https://openalex.org/W2766232977
https://openalex.org/W2766447451
https://openalex.org/W2769269357
https://openalex.org/W3165575014
https://openalex.org/W3184822473
https://openalex.org/W4238899235
https://openalex.org/W4248567553
https://openalex.org/W4249470618
https://openalex.org/W124452969
https://openalex.org/W1556464861
https://openalex.org/W16516474
https://openalex.org/W2112835289
https://openalex.org/W2299031410
https://openalex.org/W2406511290
https://openalex.org/W2412849142
https://openalex.org/W2415632684
https://openalex.org/W2760954691
https://openalex.org/W2763944102
https://openalex.org/W2911568670
https://openalex.org/W2953327809
https://openalex.org/W3124722728
https://openalex.org/W3131610739
https://openalex.org/W3134142038
https://openalex.org/W3136207218
https://openalex.org/W3157626335
https://openalex.org/W3158472075
https://openalex.org/W3179060311
https://openalex.org/W3179483145
https://openalex.org/W3183943118
https://openalex.org/W3196035943
https://openalex.org/W3199096285
https://openalex.org/W3200881290
https://openalex.org/W3202806635
https://openalex.org/W3203020341
https://openalex.org/W3203622519
https://openalex.org/W3209595553
https://openalex.org/W3216251555
https://openalex.org/W3217190601
https://openalex.org/W3217384249
https://openalex.org/W4200582122
https://openalex.org/W4205741371
https://openalex.org/W4206492700
https://openalex.org/W4254108941
https://openalex.org/W4256502495
https://openalex.org/W1966158905
https://openalex.org/W1985434830
https://openalex.org/W1994610795
https://openalex.org/W2019968518
https://openalex.org/W2044157192
https://openalex.org/W2057311842
https://openalex.org/W2104546610
https://openalex.org/W2139470870
https://openalex.org/W2181276793
https://openalex.org/W2320991583
https://openalex.org/W2323967950
https://openalex.org/W2404551852
https://openalex.org/W2408659410
https://openalex.org/W2468741104
https://openalex.org/W2483439400
https://openalex.org/W2514642374
https://openalex.org/W2570524111
https://openalex.org/W2618858933
https://openalex.org/W2992500156
https://openalex.org/W2993743793
https://openalex.org/W625534987
https://openalex.org/W1565854984
https://openalex.org/W2408931200
https://openalex.org/W2412476419
https://openalex.org/W2414131598
https://openalex.org/W2460659534
https://openalex.org/W271629825
https://openalex.org/W315558826
https://openalex.org/W4214612128
https://openalex.org/W1513631302
https://openalex.org/W1514661236
https://openalex.org/W2089019250
https://openalex.org/W2255836653
https://openalex.org/W2324568509
https://openalex.org/W2326724799
https://openalex.org/W2343659290
https://openalex.org/W2345463093
https://openalex.org/W2395197674
https://openalex.org/W2404807119
https://openalex.org/W2405697234
https://openalex.org/W2407301251
https://openalex.org/W2410425341
https://openalex.org/W2411301790
https://openalex.org/W2411578100
https://openalex.org/W2414948063
https://openalex.org/W2415422210
https://openalex.org/W2417507306
https://openalex.org/W2417568674
https://openalex.org/W2418293804
https://openalex.org/W2419066290
https://openalex.org/W2419256144
https://openalex.org/W2419279394
https://openalex.org/W2424735411
https://openalex.org/W2429825168
https://openalex.org/W2430530218
https://openalex.org/W2431406332
https://openalex.org/W2432101939
https://openalex.org/W2482689455
https://openalex.org/W2489783225
https://openalex.org/W2494379793
https://openalex.org/W3123070912
https://openalex.org/W3193520798
https://openalex.org/W3201930135
https://openalex.org/W3298570
https://openalex.org/W91578743
https://openalex.org/W141841610
https://openalex.org/W1540013598
https://openalex.org/W1967836591
https://openalex.org/W1994480706
https://openalex.org/W1998168791
https://openalex.org/W2007134693
https://openalex.org/W2050587971
https://openalex.org/W2077512286
https://openalex.org/W2334245804
https://openalex.org/W2394498739
https://openalex.org/W2399174551
https://openalex.org/W2400431125
https://openalex.org/W2407101260
https://openalex.org/W2411546718
https://openalex.org/W2413939819
https://openalex.org/W2416714569
https://openalex.org/W2417106915
https://openalex.org/W2417785731
https://openalex.org/W2431654457
https://openalex.org/W2469571728
https://openalex.org/W2474339202
https://openalex.org/W2491033644
https://openalex.org/W2507380534
https://openalex.org/W2558133621
https://openalex.org/W2579081347
https://openalex.org/W2622845556
https://openalex.org/W2889326359
https://openalex.org/W290919125
https://openalex.org/W2916102046
https://openalex.org/W3020893247
https://openalex.org/W3166840733
https://openalex.org/W3208036189
https://openalex.org/W3210286815
https://openalex.org/W4250062916
https://openalex.org/W10018251
https://openalex.org/W2034683263
https://openalex.org/W2085707108
https://openalex.org/W2171806583
https://openalex.org/W2180614016
https://openalex.org/W2318404321
https://openalex.org/W2390359409
https://openalex.org/W2408980480
https://openalex.org/W2408997726
https://openalex.org/W2409019997
https://openalex.org/W2414637886
https://openalex.org/W2417785662
https://openalex.org/W2418442366
https://openalex.org/W2421682796
https://openalex.org/W2432094041
https://openalex.org/W2439857937
https://openalex.org/W2465474378
https://openalex.org/W2469970095
https://openalex.org/W2513650956
https://openalex.org/W254790541
https://openalex.org/W2567174403
https://openalex.org/W2577410466
https://openalex.org/W2620945919
https://openalex.org/W1482454395
https://openalex.org/W1550631229
https://openalex.org/W1985664804
https://openalex.org/W2008935089
https://openalex.org/W2010065615
https://openalex.org/W2025747316
https://openalex.org/W2027145216
https://openalex.org/W2037420535
https://openalex.org/W2038124974
https://openalex.org/W2052729790
https://openalex.org/W2075289850
https://openalex.org/W2077412157
https://openalex.org/W2078718887
https://openalex.org/W2079113843
https://openalex.org/W2094026362
https://openalex.org/W2235296178
https://openalex.org/W2316268029
https://openalex.org/W2317160988
https://openalex.org/W2322728567
https://openalex.org/W2327486295
https://openalex.org/W2327610889
https://openalex.org/W2335093330
https://openalex.org/W2364512935
https://openalex.org/W2394777366
https://openalex.org/W2396227974
https://openalex.org/W2398924230
https://openalex.org/W2402898009
https://openalex.org/W2409084193
https://openalex.org/W2409750288
https://openalex.org/W2410186935
https://openalex.org/W2415159458
https://openalex.org/W2417277130
https://openalex.org/W2419026740
https://openalex.org/W2419997044
https://openalex.org/W2421942290
https://openalex.org/W2426092388
https://openalex.org/W2427976456
https://openalex.org/W2462539101
https://openalex.org/W2465928362
https://openalex.org/W2471441262
https://openalex.org/W2471869255
https://openalex.org/W2473555335
https://openalex.org/W2532872552
https://openalex.org/W2583068251
https://openalex.org/W2593545793
https://openalex.org/W2611594985
https://openalex.org/W2782594772
https://openalex.org/W2896836183
https://openalex.org/W2899041037
https://openalex.org/W291375509
https://openalex.org/W2916058160
https://openalex.org/W2942218780
https://openalex.org/W3110428853
https://openalex.org/W3182044125
https://openalex.org/W3202516733
https://openalex.org/W373178920
https://openalex.org/W4241975772
https://openalex.org/W4301630818
https://openalex.org/W43109250
https://openalex.org/W620281459
https://openalex.org/W2054941139
https://openalex.org/W1966251853
https://openalex.org/W2103289578
https://openalex.org/W2009317359
https://openalex.org/W1986409524
https://openalex.org/W4211092600
https://openalex.org/W1806678588
https://openalex.org/W2135824076
https://openalex.org/W1983419413
https://openalex.org/W1553847148
https://openalex.org/W2105976401
https://openalex.org/W2001525363
https://openalex.org/W2121288451
https://openalex.org/W2163374376
https://openalex.org/W2058298946
https://openalex.org/W2952463453
https://openalex.org/W2015312317
https://openalex.org/W3095418937
https://openalex.org/W2733408536
https://openalex.org/W2028331528
https://openalex.org/W1993405482
https://openalex.org/W2954064807
https://openalex.org/W2887381926
https://openalex.org/W2107696738
https://openalex.org/W2537683149
https://openalex.org/W2889162157
https://openalex.org/W2915406286
https://openalex.org/W3176675725
https://openalex.org/W3126819714
https://openalex.org/W3153853143
https://openalex.org/W4223554918
https://openalex.org/W4200487121
https://openalex.org/W3083073052
https://openalex.org/W3159007045
https://openalex.org/W4313332869
https://openalex.org/W4376604878
https://openalex.org/W4211259434
https://openalex.org/W4226012264
https://openalex.org/W4387619065
https://openalex.org/W4385469231
https://openalex.org/W4386865432
https://openalex.org/W4388979623
https://openalex.org/W4321457383
https://openalex.org/W4388489356
https://openalex.org/W4391109567
https://openalex.org/W2323161555
https://openalex.org/W2144646955
https://openalex.org/W2023172570
https://openalex.org/W2021796961
https://openalex.org/W2561704609
https://openalex.org/W2061105411
https://openalex.org/W1989524887
https://openalex.org/W2112296339
https://openalex.org/W2129549870
https://openalex.org/W2035369088
https://openalex.org/W2146499780
https://openalex.org/W2020181699
https://openalex.org/W87751727
https://openalex.org/W2071822385
https://openalex.org/W2169748964
https://openalex.org/W2129768718
https://openalex.org/W2160677252
https://openalex.org/W1530792946
https://openalex.org/W1596735906
https://openalex.org/W2064212602
https://openalex.org/W2160587796
https://openalex.org/W1992089306
https://openalex.org/W1968896603
https://openalex.org/W2079526141
https://openalex.org/W2052875067
https://openalex.org/W1534398269
https://openalex.org/W2020380044
https://openalex.org/W1726292056
https://openalex.org/W2082969652
https://openalex.org/W2025819729
https://openalex.org/W2159589882
https://openalex.org/W2001394429
https://openalex.org/W2131442963
https://openalex.org/W2111006543
https://openalex.org/W2138257795
https://openalex.org/W1514833389
https://openalex.org/W2125303743
https://openalex.org/W1996910702
https://openalex.org/W2017130637
https://openalex.org/W1999031291
https://openalex.org/W2020726715
https://openalex.org/W2020881538
https://openalex.org/W2032020155
https://openalex.org/W2166709628
https://openalex.org/W2112118897
https://openalex.org/W2601746866
https://openalex.org/W2104832961
https://openalex.org/W2791265125
https://openalex.org/W2007747836
https://openalex.org/W2024329363
https://openalex.org/W2036471969
https://openalex.org/W2811409381
https://openalex.org/W2923190246
https://openalex.org/W1967578778
https://openalex.org/W1985534351
https://openalex.org/W2050168613
https://openalex.org/W2439394256
https://openalex.org/W1591156445
https://openalex.org/W2050940781
https://openalex.org/W3087101218
https://openalex.org/W3107027780
https://openalex.org/W1995172221
https://openalex.org/W2439427069
https://openalex.org/W2726678866
https://openalex.org/W2292046787
https://openalex.org/W2920929604
https://openalex.org/W2117807491
https://openalex.org/W2616216241
https://openalex.org/W2801403267
https://openalex.org/W2537027964
https://openalex.org/W2740668502
https://openalex.org/W1895824756
https://openalex.org/W2935985723
https://openalex.org/W2991215660
https://openalex.org/W3093576303
https://openalex.org/W2950221893
https://openalex.org/W2718764188
https://openalex.org/W3002979846
https://openalex.org/W2949097965
https://openalex.org/W2944781777
https://openalex.org/W2963105841
https://openalex.org/W3009821056
https://openalex.org/W2913599917
https://openalex.org/W3141699519
https://openalex.org/W3013133387
https://openalex.org/W3106906408
https://openalex.org/W3187782955
https://openalex.org/W3211953465
https://openalex.org/W4292242691
https://openalex.org/W4220803698
https://openalex.org/W4296330127
https://openalex.org/W4205663568
https://openalex.org/W4220662017
https://openalex.org/W4210509982
https://openalex.org/W4224139207
https://openalex.org/W3205983928
https://openalex.org/W4289526258
https://openalex.org/W4281743845
https://openalex.org/W4214493208
https://openalex.org/W4304759382
https://openalex.org/W4388906698
https://openalex.org/W4377088961
https://openalex.org/W4388996202
https://openalex.org/W4390079345
https://openalex.org/W1536351090
https://openalex.org/W1485463834
https://openalex.org/W2030120768
https://openalex.org/W2105743862
https://openalex.org/W2095062332
https://openalex.org/W2040341504
https://openalex.org/W2106811339
https://openalex.org/W1984938130
https://openalex.org/W2143093385
https://openalex.org/W2041353500
https://openalex.org/W2001061071
https://openalex.org/W2008847594
https://openalex.org/W2135587071
https://openalex.org/W2021662897
https://openalex.org/W2209407159
https://openalex.org/W1972908010
https://openalex.org/W2054439996
https://openalex.org/W2012645071
https://openalex.org/W2064466343
https://openalex.org/W2099529441
https://openalex.org/W2124013207
https://openalex.org/W2143696138
https://openalex.org/W2045794007
https://openalex.org/W1990864977
https://openalex.org/W571837258
https://openalex.org/W2061024292
https://openalex.org/W2039313774
https://openalex.org/W2130597685
https://openalex.org/W2150385570
https://openalex.org/W2093031825
https://openalex.org/W1615020669
https://openalex.org/W1999676468
https://openalex.org/W1996675386
https://openalex.org/W1989273838
https://openalex.org/W1997775294
https://openalex.org/W2113931877
https://openalex.org/W2159959784
https://openalex.org/W2083155066
https://openalex.org/W2125334789
https://openalex.org/W1983744771
https://openalex.org/W2068945082
https://openalex.org/W2043637794
https://openalex.org/W2130446215
https://openalex.org/W2068563850
https://openalex.org/W2061916119
https://openalex.org/W2266518614
https://openalex.org/W2064280432
https://openalex.org/W2125208615
https://openalex.org/W2768717619
https://openalex.org/W2737483325
https://openalex.org/W2314406243
https://openalex.org/W2056569197
https://openalex.org/W2317078855
https://openalex.org/W2808188640
https://openalex.org/W2560840338
https://openalex.org/W2917127948
https://openalex.org/W2924484492
https://openalex.org/W2906584216
https://openalex.org/W2288218362
https://openalex.org/W2963319818
https://openalex.org/W3096497775
https://openalex.org/W2906128165
https://openalex.org/W3048009721
https://openalex.org/W2958884855
https://openalex.org/W2982077961
https://openalex.org/W3088257617
https://openalex.org/W3034791748
https://openalex.org/W3092596905
https://openalex.org/W3047032306
https://openalex.org/W2999381376
https://openalex.org/W3033099444
https://openalex.org/W3165819166
https://openalex.org/W3174714802
https://openalex.org/W3212458738
https://openalex.org/W3127502285
https://openalex.org/W3173460203
https://openalex.org/W4224303788
https://openalex.org/W4228997562
https://openalex.org/W4293030504
https://openalex.org/W4296444271
https://openalex.org/W4288056453
https://openalex.org/W4221041785
https://openalex.org/W4283768315
https://openalex.org/W4200277009
https://openalex.org/W4207062327
https://openalex.org/W4284988729
https://openalex.org/W4293473264
https://openalex.org/W4288724425
https://openalex.org/W4307583705
https://openalex.org/W4313576379
https://openalex.org/W4323926339
https://openalex.org/W4313992146
https://openalex.org/W4387398323
https://openalex.org/W4391256057
https://openalex.org/W4391543112
https://openalex.org/W4391543692
https://openalex.org/W4391620718
https://openalex.org/W4392112035
https://openalex.org/W4393008802
https://openalex.org/W1523376200
https://openalex.org/W1997963519
https://openalex.org/W2165861059
https://openalex.org/W1521203309
https://openalex.org/W1906660648
https://openalex.org/W2070765999
https://openalex.org/W2097416263
https://openalex.org/W2044184535
https://openalex.org/W2103304232
https://openalex.org/W2085596039
https://openalex.org/W2030523365
https://openalex.org/W2343792664
https://openalex.org/W2286977336
https://openalex.org/W1998234997
https://openalex.org/W2175958315
https://openalex.org/W2100074827
https://openalex.org/W1831414713
https://openalex.org/W2148390495
https://openalex.org/W2024391829
https://openalex.org/W2024985586
https://openalex.org/W2069578036
https://openalex.org/W2125956343
https://openalex.org/W1550046548
https://openalex.org/W1981563200
https://openalex.org/W2008546721
https://openalex.org/W2066159416
https://openalex.org/W2411897303
https://openalex.org/W2003047168
https://openalex.org/W2025156168
https://openalex.org/W1549917888
https://openalex.org/W2003746661
https://openalex.org/W2037979124
https://openalex.org/W2038306706
https://openalex.org/W2007614463
https://openalex.org/W2106157341
https://openalex.org/W2081535231
https://openalex.org/W2000027971
https://openalex.org/W2094298783
https://openalex.org/W2027158916
https://openalex.org/W2053820636
https://openalex.org/W2126596534
https://openalex.org/W2167001167
https://openalex.org/W2117603754
https://openalex.org/W1991799263
https://openalex.org/W2030032381
https://openalex.org/W2063419438
https://openalex.org/W2150619113
https://openalex.org/W2052643123
https://openalex.org/W1877073342
https://openalex.org/W2095474562
https://openalex.org/W2105824381
https://openalex.org/W2281900567
https://openalex.org/W2073237150
https://openalex.org/W2414140922
https://openalex.org/W2053251088
https://openalex.org/W2474386946
https://openalex.org/W2564239943
https://openalex.org/W2783777117
https://openalex.org/W2727639142
https://openalex.org/W2898264019
https://openalex.org/W2945852812
https://openalex.org/W2810405850
https://openalex.org/W2904595735
https://openalex.org/W2906335354
https://openalex.org/W3003784480
https://openalex.org/W2944117034
https://openalex.org/W2996018551
https://openalex.org/W3030321514
https://openalex.org/W3090123042
https://openalex.org/W3033221556
https://openalex.org/W3047442632
https://openalex.org/W3002770526
https://openalex.org/W3005340470
https://openalex.org/W3128739557
https://openalex.org/W3168206223
https://openalex.org/W3096653792
https://openalex.org/W3126402951
https://openalex.org/W3135900936
https://openalex.org/W3155222966
https://openalex.org/W3169210662
https://openalex.org/W2070032177
https://openalex.org/W3203436898
https://openalex.org/W3112144857
https://openalex.org/W3114221551
https://openalex.org/W3185690115
https://openalex.org/W2176787772
https://openalex.org/W4205674434
https://openalex.org/W4211250440
https://openalex.org/W4214630729
https://openalex.org/W4214737390
https://openalex.org/W3185398389
https://openalex.org/W4289638299
https://openalex.org/W4318000278
https://openalex.org/W4289732022
https://openalex.org/W4313950070
https://openalex.org/W4319311498
https://openalex.org/W4366754104
https://openalex.org/W4321488044
https://openalex.org/W4384924791
https://openalex.org/W1588644690
https://openalex.org/W2131830911
https://openalex.org/W2087232608
https://openalex.org/W2115408717
https://openalex.org/W2122824129
https://openalex.org/W1966824589
https://openalex.org/W1978663808
https://openalex.org/W1964187065
https://openalex.org/W1982250181
https://openalex.org/W2001163783
https://openalex.org/W2126933730
https://openalex.org/W52585057
https://openalex.org/W2070577305
https://openalex.org/W2162775776
https://openalex.org/W2149183481
https://openalex.org/W2019250564
https://openalex.org/W1991442535
https://openalex.org/W2025745970
https://openalex.org/W2029594206
https://openalex.org/W2081092382
https://openalex.org/W2081481583
https://openalex.org/W2132782430
https://openalex.org/W1984557182
https://openalex.org/W1986512606
https://openalex.org/W2139568357
https://openalex.org/W4322701870
https://openalex.org/W79314742
https://openalex.org/W2003372380
https://openalex.org/W2040901191
https://openalex.org/W1544264544
https://openalex.org/W2113958182
https://openalex.org/W2094788962
https://openalex.org/W2094289091
https://openalex.org/W2137145616
https://openalex.org/W2157373991
https://openalex.org/W2014196978
https://openalex.org/W2050767342
https://openalex.org/W2000318415
https://openalex.org/W2084853868
https://openalex.org/W2110282289
https://openalex.org/W1978139837
https://openalex.org/W2043427762
https://openalex.org/W2139925736
https://openalex.org/W1989268900
https://openalex.org/W2162272069
https://openalex.org/W2331566791
https://openalex.org/W2042710540
https://openalex.org/W2087166763
https://openalex.org/W193192554
https://openalex.org/W2143171750
https://openalex.org/W2012664861
https://openalex.org/W2143406397
https://openalex.org/W1935101545
https://openalex.org/W2060145686
https://openalex.org/W2518252988
https://openalex.org/W1950683986
https://openalex.org/W2423711770
https://openalex.org/W2507978275
https://openalex.org/W2896253080
https://openalex.org/W2797973135
https://openalex.org/W759590249
https://openalex.org/W2204864169
https://openalex.org/W2803292080
https://openalex.org/W2886278888
https://openalex.org/W2489891339
https://openalex.org/W2897239990
https://openalex.org/W2325546272
https://openalex.org/W2460669402
https://openalex.org/W2623679270
https://openalex.org/W2809388136
https://openalex.org/W2898479796
https://openalex.org/W2921852462
https://openalex.org/W2909859822
https://openalex.org/W3097538311
https://openalex.org/W3035779830
https://openalex.org/W3124613303
https://openalex.org/W3189188060
https://openalex.org/W3210174694
https://openalex.org/W3211172134
https://openalex.org/W3088179383
https://openalex.org/W3106957872
https://openalex.org/W3160467151
https://openalex.org/W4210954017
https://openalex.org/W4213027422
https://openalex.org/W4280535213
https://openalex.org/W4283829700
https://openalex.org/W4304013651
https://openalex.org/W4306174698
https://openalex.org/W3217210255
https://openalex.org/W4289636893
https://openalex.org/W4205117726
https://openalex.org/W4280559435
https://openalex.org/W4284690378
https://openalex.org/W3049754901
https://openalex.org/W4319294603
https://openalex.org/W4322422994
https://openalex.org/W4368364386
https://openalex.org/W4378640135
https://openalex.org/W4382655400
https://openalex.org/W4384663666
https://openalex.org/W1985368209
https://openalex.org/W4249296576
https://openalex.org/W2042870108
https://openalex.org/W1878416326
https://openalex.org/W1973763908
https://openalex.org/W1974473651
https://openalex.org/W1582868418
https://openalex.org/W1984493254
https://openalex.org/W2000051648
https://openalex.org/W2019998375
https://openalex.org/W1576250823
https://openalex.org/W2011938900
https://openalex.org/W2308603389
https://openalex.org/W1582992389
https://openalex.org/W2082225667
https://openalex.org/W2275610698
https://openalex.org/W1546299836
https://openalex.org/W1964723989
https://openalex.org/W1966698151
https://openalex.org/W2097430029
https://openalex.org/W1973102090
https://openalex.org/W1978464376
https://openalex.org/W2080571353
https://openalex.org/W2046880092
https://openalex.org/W1787223934
https://openalex.org/W2079320836
https://openalex.org/W2077510412
https://openalex.org/W2091112035
https://openalex.org/W2097658117
https://openalex.org/W2115257806
https://openalex.org/W2159111566
https://openalex.org/W2048230052
https://openalex.org/W2053923335
https://openalex.org/W2135925340
https://openalex.org/W24636663
https://openalex.org/W2016507716
https://openalex.org/W2051429807
https://openalex.org/W2053312452
https://openalex.org/W2083906679
https://openalex.org/W2014164994
https://openalex.org/W2037101878
https://openalex.org/W2137232316
https://openalex.org/W2149352452
https://openalex.org/W2112613829
https://openalex.org/W2156231326
https://openalex.org/W2016536642
https://openalex.org/W2045963038
https://openalex.org/W2298358621
https://openalex.org/W2963232859
https://openalex.org/W1133153643
https://openalex.org/W1991781679
https://openalex.org/W2124977170
https://openalex.org/W2139290087
https://openalex.org/W2283178962
https://openalex.org/W1144873181
https://openalex.org/W1809794147
https://openalex.org/W2480798959
https://openalex.org/W2513603639
https://openalex.org/W1895173431
https://openalex.org/W2141457496
https://openalex.org/W2431279262
https://openalex.org/W2900714109
https://openalex.org/W2591798322
https://openalex.org/W2774538528
https://openalex.org/W2799900162
https://openalex.org/W2803620465
https://openalex.org/W2886460723
https://openalex.org/W2920977766
https://openalex.org/W2511363131
https://openalex.org/W2542381373
https://openalex.org/W2786263084
https://openalex.org/W2884559964
https://openalex.org/W2916642610
https://openalex.org/W2793949883
https://openalex.org/W2895602322
https://openalex.org/W2996274635
https://openalex.org/W4237478702
https://openalex.org/W2956221994
https://openalex.org/W2938683932
https://openalex.org/W2142155847
https://openalex.org/W3045891174
https://openalex.org/W3018466202
https://openalex.org/W3014099233
https://openalex.org/W3043073219
https://openalex.org/W3040553284
https://openalex.org/W3091194017
https://openalex.org/W3128400821
https://openalex.org/W3170482553
https://openalex.org/W3173763420
https://openalex.org/W3119800696
https://openalex.org/W3158849983
https://openalex.org/W3166185745
https://openalex.org/W3201877608
https://openalex.org/W3201226594
https://openalex.org/W4211095018
https://openalex.org/W4213064171
https://openalex.org/W4387252579
https://openalex.org/W2086282827
https://openalex.org/W2044700993
https://openalex.org/W1966621920
https://openalex.org/W2027048733
https://openalex.org/W2170911712
https://openalex.org/W2176702496
https://openalex.org/W2011570976
https://openalex.org/W2004263531
https://openalex.org/W2181083866
https://openalex.org/W2160512753
https://openalex.org/W2049849245
https://openalex.org/W2073612912
https://openalex.org/W2139721633
https://openalex.org/W1535350946
https://openalex.org/W2244695075
https://openalex.org/W2038674320
https://openalex.org/W2067417470
https://openalex.org/W2074915213
https://openalex.org/W2183767044
https://openalex.org/W1965777688
https://openalex.org/W2026258871
https://openalex.org/W2331270101
https://openalex.org/W2114062484
https://openalex.org/W1945277014
https://openalex.org/W2096710575
https://openalex.org/W2593497071
https://openalex.org/W1501569898
https://openalex.org/W2087299555
https://openalex.org/W2036863765
https://openalex.org/W2087552106
https://openalex.org/W2137529126
https://openalex.org/W2081395208
https://openalex.org/W1918525375
https://openalex.org/W1983059856
https://openalex.org/W2041920187
https://openalex.org/W2106446112
https://openalex.org/W2106501841
https://openalex.org/W2019464529
https://openalex.org/W2107973527
https://openalex.org/W2041857550
https://openalex.org/W2138003312
https://openalex.org/W1757573546
https://openalex.org/W1994796112
https://openalex.org/W2037117615
https://openalex.org/W1595253630
https://openalex.org/W2078433818
https://openalex.org/W2127283531
https://openalex.org/W2325740034
https://openalex.org/W2734805143
https://openalex.org/W1626973546
https://openalex.org/W2143365567
https://openalex.org/W2339713304
https://openalex.org/W2510136136
https://openalex.org/W2560832503
https://openalex.org/W2795219152
https://openalex.org/W2901463856
https://openalex.org/W2912037269
https://openalex.org/W2901334593
https://openalex.org/W2909095597
https://openalex.org/W2914337124
https://openalex.org/W2915198669
https://openalex.org/W2916283162
https://openalex.org/W2955827845
https://openalex.org/W2883065785
https://openalex.org/W2921810296
https://openalex.org/W3010825339
https://openalex.org/W3087996050
https://openalex.org/W2984924052
https://openalex.org/W3099855629
https://openalex.org/W3160452114
https://openalex.org/W3178224514
https://openalex.org/W3188835263
https://openalex.org/W3189759539
https://openalex.org/W3120339358
https://openalex.org/W3205944187
https://openalex.org/W4280605662
https://openalex.org/W4296195703
https://openalex.org/W4200569807
https://openalex.org/W4282965524
https://openalex.org/W4282979116
https://openalex.org/W4283365072
https://openalex.org/W4320717486
https://openalex.org/W4367043533
https://openalex.org/W4386466808
https://openalex.org/W4386497816
https://openalex.org/W4389047985
https://openalex.org/W4389878103
https://openalex.org/W1964086599
https://openalex.org/W1988049665
https://openalex.org/W1990270882
https://openalex.org/W2149061119
https://openalex.org/W2162771368
https://openalex.org/W1560480335
https://openalex.org/W1972654330
https://openalex.org/W2165317532
https://openalex.org/W2016846100
https://openalex.org/W1982830326
https://openalex.org/W166626657
https://openalex.org/W2002946038
https://openalex.org/W141357583
https://openalex.org/W2047287713
https://openalex.org/W1991348549
https://openalex.org/W2082797703
https://openalex.org/W2074405929
https://openalex.org/W66124909
https://openalex.org/W1995776438
https://openalex.org/W2008856993
https://openalex.org/W2043189418
https://openalex.org/W2060839550
https://openalex.org/W2133316323
https://openalex.org/W1970683602
https://openalex.org/W2153266983
https://openalex.org/W2122309485
https://openalex.org/W2013376954
https://openalex.org/W2003621017
https://openalex.org/W2020297024
https://openalex.org/W2161712415
https://openalex.org/W1829451150
https://openalex.org/W1848802424
https://openalex.org/W1993237656
https://openalex.org/W2134654924
https://openalex.org/W1946744656
https://openalex.org/W2002139502
https://openalex.org/W2038457754
https://openalex.org/W2053169834
https://openalex.org/W2054409968
https://openalex.org/W2607810319
https://openalex.org/W2479935459
https://openalex.org/W2603361067
https://openalex.org/W2659576365
https://openalex.org/W2767490847
https://openalex.org/W2803605379
https://openalex.org/W2053823768
https://openalex.org/W2306834340
https://openalex.org/W2598534449
https://openalex.org/W2892356931
https://openalex.org/W2904559276
https://openalex.org/W3098738017
https://openalex.org/W2801890181
https://openalex.org/W3010902082
https://openalex.org/W3048353535
https://openalex.org/W2986593304
https://openalex.org/W3001137868
https://openalex.org/W3095503508
https://openalex.org/W3005956273
https://openalex.org/W3094015185
https://openalex.org/W3087644821
https://openalex.org/W3133574349
https://openalex.org/W3137533211
https://openalex.org/W3163663541
https://openalex.org/W3188548484
https://openalex.org/W4206412734
https://openalex.org/W4221103883
https://openalex.org/W4311552634
https://openalex.org/W4388153570
https://openalex.org/W4390664396
https://openalex.org/W4390769919
https://openalex.org/W4390770577
https://openalex.org/W4390774711
https://openalex.org/W4390942049
https://openalex.org/W4391033693
https://openalex.org/W4391050462
https://openalex.org/W4391223422
https://openalex.org/W4391258491
https://openalex.org/W4391547567
https://openalex.org/W4391743887
https://openalex.org/W4391756922
https://openalex.org/W4391818216
https://openalex.org/W4391886642
https://openalex.org/W4391888741
https://openalex.org/W4391982069
https://openalex.org/W4392043617
https://openalex.org/W4392060464
https://openalex.org/W4392196777
https://openalex.org/W4392245176
https://openalex.org/W4392307573
https://openalex.org/W4392309755
https://openalex.org/W4392361441
https://openalex.org/W4392472525
https://openalex.org/W4392504640
https://openalex.org/W4392741984
https://openalex.org/W4392767359
https://openalex.org/W4392783763
https://openalex.org/W4392869740
https://openalex.org/W4392938299
https://openalex.org/W4393195153
https://openalex.org/W4393264350
https://openalex.org/W4393393589
https://openalex.org/W4393443472
https://openalex.org/W4393978059
https://openalex.org/W4394601776
https://openalex.org/W4394631601
https://openalex.org/W4394715962
https://openalex.org/W4394741078
https://openalex.org/W4394869370
https://openalex.org/W4394873392
https://openalex.org/W4394876404
https://openalex.org/W4394978728
https://openalex.org/W4395463728
https://openalex.org/W4396510534
https://openalex.org/W4396561648
https://openalex.org/W4396637633
https://openalex.org/W4396637702
https://openalex.org/W4396637764
https://openalex.org/W4396638474
https://openalex.org/W4396638657
https://openalex.org/W4396638671
https://openalex.org/W4396639268
https://openalex.org/W4396645512
https://openalex.org/W4396646214
https://openalex.org/W4396652806
https://openalex.org/W4396653271
https://openalex.org/W1995469486
https://openalex.org/W2045482909
https://openalex.org/W2092781979
https://openalex.org/W2165388222
https://openalex.org/W1780292242
https://openalex.org/W2026235120
https://openalex.org/W2072540314
https://openalex.org/W2114591378
https://openalex.org/W1990369352
https://openalex.org/W2020112056
https://openalex.org/W2062762389
https://openalex.org/W2113003857
https://openalex.org/W2049292893
https://openalex.org/W2089638865
https://openalex.org/W2139886522
https://openalex.org/W1480706001
https://openalex.org/W2049718576
https://openalex.org/W2071455527
https://openalex.org/W2084797799
https://openalex.org/W1990766474
https://openalex.org/W2100458472
https://openalex.org/W2060298837
https://openalex.org/W1515656348
https://openalex.org/W2055628787
https://openalex.org/W57986495
https://openalex.org/W1969403950
https://openalex.org/W2090817384
https://openalex.org/W2253976052
https://openalex.org/W2034833917
https://openalex.org/W2411236176
https://openalex.org/W2070133052
https://openalex.org/W1970330554
https://openalex.org/W1983590487
https://openalex.org/W1994974950
https://openalex.org/W2011619765
https://openalex.org/W2127483455
https://openalex.org/W2001298865
https://openalex.org/W2036895475
https://openalex.org/W2034839433
https://openalex.org/W2038858383
https://openalex.org/W2334535706
https://openalex.org/W157430388
https://openalex.org/W1849101757
https://openalex.org/W1993136326
https://openalex.org/W2034074029
https://openalex.org/W2041357852
https://openalex.org/W2138649310
https://openalex.org/W1983147485
https://openalex.org/W2040301061
https://openalex.org/W2046594653
https://openalex.org/W2271266879
https://openalex.org/W2327229338
https://openalex.org/W2401641233
https://openalex.org/W2743821929
https://openalex.org/W2793799257
https://openalex.org/W2804079141
https://openalex.org/W2805964131
https://openalex.org/W2475205001
https://openalex.org/W2744828531
https://openalex.org/W2799864649
https://openalex.org/W2891282436
https://openalex.org/W2945621026
https://openalex.org/W2981616470
https://openalex.org/W2418706367
https://openalex.org/W2491679524
https://openalex.org/W2944142126
https://openalex.org/W2811010796
https://openalex.org/W2912843186
https://openalex.org/W2964804118
https://openalex.org/W3014823194
https://openalex.org/W3090161031
https://openalex.org/W1990907976
https://openalex.org/W3134066700
https://openalex.org/W3159839806
https://openalex.org/W3164717503
https://openalex.org/W3200606205
https://openalex.org/W3205988501
https://openalex.org/W3212005814
https://openalex.org/W4200278402
https://openalex.org/W3138685747
https://openalex.org/W4310259547
https://openalex.org/W4320483386
https://openalex.org/W4321597330
https://openalex.org/W4323654876
https://openalex.org/W4324054327
https://openalex.org/W4324139256
https://openalex.org/W4372058591
https://openalex.org/W4376139777
https://openalex.org/W4383742412
https://openalex.org/W4385841555
https://openalex.org/W4386024944
https://openalex.org/W4386119371
https://openalex.org/W4387610900
https://openalex.org/W4387728394
https://openalex.org/W4387767274
https://openalex.org/W4387937433
https://openalex.org/W2054514592
https://openalex.org/W2123535735
https://openalex.org/W2008491027
https://openalex.org/W2067858889
https://openalex.org/W1494984023
https://openalex.org/W2100635205
https://openalex.org/W2168972095
https://openalex.org/W4242777182
https://openalex.org/W1584886439
https://openalex.org/W1976033926
https://openalex.org/W2072115543
https://openalex.org/W2089295790
https://openalex.org/W1969359560
https://openalex.org/W2099627538
https://openalex.org/W4247754965
https://openalex.org/W1589136000
https://openalex.org/W2027707550
https://openalex.org/W2104254192
https://openalex.org/W2092590051
https://openalex.org/W2085638242
https://openalex.org/W1998554833
https://openalex.org/W2085003147
https://openalex.org/W2109033272
https://openalex.org/W2027637536
https://openalex.org/W2135222542
https://openalex.org/W2154091354
https://openalex.org/W2071041328
https://openalex.org/W2085413960
https://openalex.org/W1561033694
https://openalex.org/W1995921677
https://openalex.org/W2047225579
https://openalex.org/W2122739849
https://openalex.org/W1947215479
https://openalex.org/W2077502054
https://openalex.org/W2159699660
https://openalex.org/W2167844331
https://openalex.org/W1997813037
https://openalex.org/W2321337234
https://openalex.org/W102537316
https://openalex.org/W2144033955
https://openalex.org/W2272849448
https://openalex.org/W2736091093
https://openalex.org/W2164936970
https://openalex.org/W2735745891
https://openalex.org/W2884301964
https://openalex.org/W2904131265
https://openalex.org/W2946449978
https://openalex.org/W3012121208
https://openalex.org/W3024739597
https://openalex.org/W3029686285
https://openalex.org/W3033699975
https://openalex.org/W3043747504
https://openalex.org/W3045829484
https://openalex.org/W3119515168
https://openalex.org/W3136626436
https://openalex.org/W3171503193
https://openalex.org/W3186650340
https://openalex.org/W3191543286
https://openalex.org/W3210451782
https://openalex.org/W4210428289
https://openalex.org/W4211055445
https://openalex.org/W4228999472
https://openalex.org/W4283258540
https://openalex.org/W4285794899
https://openalex.org/W4286697441
https://openalex.org/W4311025152
https://openalex.org/W195350367
https://openalex.org/W2079815553
https://openalex.org/W2066953711
https://openalex.org/W2183789167
https://openalex.org/W2013248874
https://openalex.org/W2018448367
https://openalex.org/W2111627526
https://openalex.org/W3151852374
https://openalex.org/W2084159289
https://openalex.org/W2085473790
https://openalex.org/W2059306709
https://openalex.org/W2404995522
https://openalex.org/W65328479
https://openalex.org/W2051831399
https://openalex.org/W2069813795
https://openalex.org/W2088831061
https://openalex.org/W2091366086
https://openalex.org/W2116226537
https://openalex.org/W1601369164
https://openalex.org/W1973261472
https://openalex.org/W1987952124
https://openalex.org/W1989481009
https://openalex.org/W1997597620
https://openalex.org/W2056353399
https://openalex.org/W2118291464
https://openalex.org/W2087551905
https://openalex.org/W2066128351
https://openalex.org/W2090490993
https://openalex.org/W2426419558
https://openalex.org/W2016521079
https://openalex.org/W2075130622
https://openalex.org/W2225134942
https://openalex.org/W2014905291
https://openalex.org/W1963781424
https://openalex.org/W2057459508
https://openalex.org/W2079750910
https://openalex.org/W2132041629
https://openalex.org/W1980842110
https://openalex.org/W1996568836
https://openalex.org/W2033042254
https://openalex.org/W2043373595
https://openalex.org/W2067462865
https://openalex.org/W2115272531
https://openalex.org/W2148037041
https://openalex.org/W1505867070
https://openalex.org/W1981029200
https://openalex.org/W1983409519
https://openalex.org/W1992410305
https://openalex.org/W2062282555
https://openalex.org/W2082574994
https://openalex.org/W2088313761
https://openalex.org/W2166732257
https://openalex.org/W2017420935
https://openalex.org/W2022880571
https://openalex.org/W2080249658
https://openalex.org/W2329659074
https://openalex.org/W2334299609
https://openalex.org/W1592232155
https://openalex.org/W1729914921
https://openalex.org/W1988286619
https://openalex.org/W2014869734
https://openalex.org/W2054522680
https://openalex.org/W2606363254
https://openalex.org/W2774319149
https://openalex.org/W2794598654
https://openalex.org/W2888081958
https://openalex.org/W1056410912
https://openalex.org/W2151701280
https://openalex.org/W2413320717
https://openalex.org/W2413802918
https://openalex.org/W2519413639
https://openalex.org/W2562334434
https://openalex.org/W2582971951
https://openalex.org/W2599339788
https://openalex.org/W2924355858
https://openalex.org/W2925016229
https://openalex.org/W2949799229
https://openalex.org/W2964867741
https://openalex.org/W2967680612
https://openalex.org/W2972768674
https://openalex.org/W2971855587
https://openalex.org/W3005680843
https://openalex.org/W3037376054
https://openalex.org/W3087252298
https://openalex.org/W3121561165
https://openalex.org/W4285685910
https://openalex.org/W4224237095
https://openalex.org/W4280504896
https://openalex.org/W4283809258
https://openalex.org/W4293202916
https://openalex.org/W4293759741
https://openalex.org/W4293779622
https://openalex.org/W4294295354
https://openalex.org/W4302763979
https://openalex.org/W4308414377
https://openalex.org/W4309728406
https://openalex.org/W2031765947
https://openalex.org/W2141091663
https://openalex.org/W1999484344
https://openalex.org/W2053377373
https://openalex.org/W2083164537
https://openalex.org/W2136657907
https://openalex.org/W2094781987
https://openalex.org/W1519063739
https://openalex.org/W1604017947
https://openalex.org/W1654201253
https://openalex.org/W4246205205
https://openalex.org/W2007823666
https://openalex.org/W2036199617
https://openalex.org/W2040117189
https://openalex.org/W2104948739
https://openalex.org/W2099890072
https://openalex.org/W4253474498
https://openalex.org/W1991271925
https://openalex.org/W2092154046
https://openalex.org/W2150792643
https://openalex.org/W2416611492
https://openalex.org/W2112377228
https://openalex.org/W2032713636
https://openalex.org/W2129015693
https://openalex.org/W2162224278
https://openalex.org/W1595506203
https://openalex.org/W2066898004
https://openalex.org/W2111721651
https://openalex.org/W126874781
https://openalex.org/W2068219379
https://openalex.org/W2091810735
https://openalex.org/W2321138221
https://openalex.org/W2394676234
https://openalex.org/W1880045153
https://openalex.org/W2010822842
https://openalex.org/W2099034883
https://openalex.org/W2103491571
https://openalex.org/W2256837845
https://openalex.org/W2588086654
https://openalex.org/W2791139294
https://openalex.org/W2791279069
https://openalex.org/W2897910961
https://openalex.org/W2069853359
https://openalex.org/W2216834420
https://openalex.org/W2621245208
https://openalex.org/W2732442555
https://openalex.org/W2736764788
https://openalex.org/W2746918876
https://openalex.org/W2891898272
https://openalex.org/W2921238186
https://openalex.org/W2947804428
https://openalex.org/W2984765964
https://openalex.org/W3106047044
https://openalex.org/W2416169474
https://openalex.org/W2518174484
https://openalex.org/W2556356449
https://openalex.org/W3025391160
https://openalex.org/W3046999825
https://openalex.org/W3065445027
https://openalex.org/W4250633156
https://openalex.org/W3014219517
https://openalex.org/W3016312159
https://openalex.org/W3017904867
https://openalex.org/W3019268428
https://openalex.org/W3094673512
https://openalex.org/W3100629150
https://openalex.org/W3115883937
https://openalex.org/W3113461844
https://openalex.org/W3123573809
https://openalex.org/W3157034828
https://openalex.org/W3159848596
https://openalex.org/W3160288961
https://openalex.org/W3198774038
https://openalex.org/W3209200261
https://openalex.org/W3213337604
https://openalex.org/W2134458562
https://openalex.org/W2011256895
https://openalex.org/W1964411973
https://openalex.org/W1996461945
https://openalex.org/W2399188031
https://openalex.org/W2109557380
https://openalex.org/W2283544276
https://openalex.org/W2021372381
https://openalex.org/W2035360028
https://openalex.org/W2052845628
https://openalex.org/W2137494442
https://openalex.org/W2033805152
https://openalex.org/W1968013169
https://openalex.org/W2045257432
https://openalex.org/W2057077875
https://openalex.org/W2224652395
https://openalex.org/W2018332077
https://openalex.org/W2023135309
https://openalex.org/W2048992211
https://openalex.org/W2151251762
https://openalex.org/W2162832309
https://openalex.org/W2073868611
https://openalex.org/W2401910900
https://openalex.org/W2039018305
https://openalex.org/W2180384437
https://openalex.org/W2088269286
https://openalex.org/W2131199581
https://openalex.org/W2480290181
https://openalex.org/W1541645087
https://openalex.org/W1974468167
https://openalex.org/W1997503809
https://openalex.org/W2020201044
https://openalex.org/W2091230686
https://openalex.org/W2106277212
https://openalex.org/W2106746227
https://openalex.org/W2797654649
https://openalex.org/W2891481093
https://openalex.org/W2893416137
https://openalex.org/W2906549788
https://openalex.org/W2916894615
https://openalex.org/W2934365269
https://openalex.org/W2986688201
https://openalex.org/W2099007821
https://openalex.org/W2180795077
https://openalex.org/W2298113586
https://openalex.org/W2317243873
https://openalex.org/W2325677519
https://openalex.org/W2510756653
https://openalex.org/W2515999574
https://openalex.org/W2518801842
https://openalex.org/W2538994822
https://openalex.org/W2909601132
https://openalex.org/W2916660833
https://openalex.org/W2942554771
https://openalex.org/W2968400957
https://openalex.org/W2975346823
https://openalex.org/W2979268833
https://openalex.org/W2991536885
https://openalex.org/W2994585931
https://openalex.org/W2995729997
https://openalex.org/W2992442010
https://openalex.org/W3005468141
https://openalex.org/W3014799569
https://openalex.org/W3017025256
https://openalex.org/W3043946188
https://openalex.org/W3110542929
https://openalex.org/W3112597393
https://openalex.org/W3115064987
https://openalex.org/W3122472506
https://openalex.org/W3133722663
https://openalex.org/W3134749686
https://openalex.org/W3153105578
https://openalex.org/W3156523967
https://openalex.org/W3174116831
https://openalex.org/W3190829376
https://openalex.org/W3205919830
https://openalex.org/W4200125893
https://openalex.org/W4200317739
https://openalex.org/W4210468638
https://openalex.org/W4212804369
https://openalex.org/W4212828500
https://openalex.org/W4229028088
https://openalex.org/W4280544807
https://openalex.org/W4291670363
https://openalex.org/W4297199997
https://openalex.org/W4297499189
https://openalex.org/W4308602006
https://openalex.org/W4286558701
https://openalex.org/W4313648261
https://openalex.org/W4313857641
https://openalex.org/W4321231837
https://openalex.org/W4324387397
https://openalex.org/W4328047941
https://openalex.org/W4360805398
https://openalex.org/W4366213048
https://openalex.org/W4367301359
https://openalex.org/W4367301536
https://openalex.org/W4372402889
https://openalex.org/W4376274817
https://openalex.org/W4376637663
https://openalex.org/W4378349532
https://openalex.org/W4378471806
https://openalex.org/W4378652030
https://openalex.org/W4378839445
https://openalex.org/W4379052081
https://openalex.org/W4383227004
https://openalex.org/W4383369095
https://openalex.org/W4383480822
https://openalex.org/W4383615414
https://openalex.org/W4384154010
https://openalex.org/W4385566440
https://openalex.org/W4387157495
https://openalex.org/W4387414008
https://openalex.org/W4387597825
https://openalex.org/W4387641412
https://openalex.org/W4387996563
https://openalex.org/W4388583318
https://openalex.org/W4389066798
https://openalex.org/W4389238162
https://openalex.org/W4390346403
https://openalex.org/W2116114891
https://openalex.org/W2024626271
https://openalex.org/W1512807191
https://openalex.org/W2010900035
https://openalex.org/W2337061548
https://openalex.org/W136565482
https://openalex.org/W1490256115
https://openalex.org/W157218008
https://openalex.org/W1918053372
https://openalex.org/W1970023205
https://openalex.org/W2090099342
https://openalex.org/W2056426204
https://openalex.org/W2022675963
https://openalex.org/W2138892580
https://openalex.org/W1982373983
https://openalex.org/W1990651594
https://openalex.org/W2072745727
https://openalex.org/W2974534040
https://openalex.org/W2063683694
https://openalex.org/W2093626108
https://openalex.org/W2414315195
https://openalex.org/W2418401154
https://openalex.org/W110426343
https://openalex.org/W72941709
https://openalex.org/W1971192284
https://openalex.org/W1986114685
https://openalex.org/W1990478262
https://openalex.org/W1997425345
https://openalex.org/W2060459959
https://openalex.org/W2006871770
https://openalex.org/W2075123025
https://openalex.org/W2078480711
https://openalex.org/W2153196626
https://openalex.org/W2548890685
https://openalex.org/W2587105737
https://openalex.org/W2598459844
https://openalex.org/W2750161202
https://openalex.org/W2768671574
https://openalex.org/W2771315224
https://openalex.org/W2775464024
https://openalex.org/W2889562042
https://openalex.org/W2905742165
https://openalex.org/W34558814
https://openalex.org/W2289199223
https://openalex.org/W2320098428
https://openalex.org/W2462229654
https://openalex.org/W2754815845
https://openalex.org/W2914277419
https://openalex.org/W2940659658
https://openalex.org/W2951225568
https://openalex.org/W2962041543
https://openalex.org/W2979719918
https://openalex.org/W2992981133
https://openalex.org/W2010808173
https://openalex.org/W2021874519
https://openalex.org/W2079872488
https://openalex.org/W1979656553
https://openalex.org/W2035542055
https://openalex.org/W2100414682
https://openalex.org/W2121552404
https://openalex.org/W2031982485
https://openalex.org/W2040099810
https://openalex.org/W2315085232
https://openalex.org/W1992469842
https://openalex.org/W2005370268
https://openalex.org/W2151804211
https://openalex.org/W1975460857
https://openalex.org/W2050534975
https://openalex.org/W2056742476
https://openalex.org/W4231834997
https://openalex.org/W193098254
https://openalex.org/W2077304767
https://openalex.org/W2084361276
https://openalex.org/W2008515205
https://openalex.org/W2015400287
https://openalex.org/W2023552417
https://openalex.org/W2042231595
https://openalex.org/W2052091630
https://openalex.org/W2114385576
https://openalex.org/W2122912460
https://openalex.org/W2154290172
https://openalex.org/W2301840101
https://openalex.org/W2791242342
https://openalex.org/W2794037513
https://openalex.org/W2895095106
https://openalex.org/W2897772613
https://openalex.org/W1984869968
https://openalex.org/W2011166760
https://openalex.org/W2096315971
https://openalex.org/W2408049435
https://openalex.org/W2478387003
https://openalex.org/W2526846966
https://openalex.org/W2556618009
https://openalex.org/W2584999154
https://openalex.org/W2586349793
https://openalex.org/W2587692290
https://openalex.org/W2603174317
https://openalex.org/W2743874826
https://openalex.org/W2755402614
https://openalex.org/W2905162159
https://openalex.org/W2910849361
https://openalex.org/W2942679703
https://openalex.org/W2967234639
https://openalex.org/W2979978745
https://openalex.org/W2997669938
https://openalex.org/W2999159837
https://openalex.org/W3024593715
https://openalex.org/W3035958751
https://openalex.org/W3085858803
https://openalex.org/W3106974341
https://openalex.org/W3208071935
https://openalex.org/W2440239630
https://openalex.org/W3091898862
https://openalex.org/W3129444268
https://openalex.org/W3156453050
https://openalex.org/W3162583574
https://openalex.org/W3165784776
https://openalex.org/W3201759689
https://openalex.org/W3207185569
https://openalex.org/W3210262056
https://openalex.org/W3214010410
https://openalex.org/W3214716625
https://openalex.org/W2414263333
https://openalex.org/W2432244156
https://openalex.org/W4301623337
https://openalex.org/W2149633855
https://openalex.org/W2188953025
https://openalex.org/W2264402142
https://openalex.org/W1999946545
https://openalex.org/W2065344521
https://openalex.org/W1587186052
https://openalex.org/W1982185090
https://openalex.org/W2004398607
https://openalex.org/W2078377937
https://openalex.org/W2079553217
https://openalex.org/W2205406947
https://openalex.org/W2099557926
https://openalex.org/W2135944617
https://openalex.org/W2025756670
https://openalex.org/W2098616117
https://openalex.org/W2058550058
https://openalex.org/W2147952745
https://openalex.org/W2400818520
https://openalex.org/W2411804581
https://openalex.org/W1979707547
https://openalex.org/W2013793199
https://openalex.org/W2065312773
https://openalex.org/W1989615538
https://openalex.org/W2040932443
https://openalex.org/W2053284345
https://openalex.org/W2408403478
https://openalex.org/W2414307079
https://openalex.org/W1966123867
https://openalex.org/W1972750385
https://openalex.org/W1994738196
https://openalex.org/W2030824616
https://openalex.org/W2040589211
https://openalex.org/W2045509777
https://openalex.org/W2084365201
https://openalex.org/W2097736978
https://openalex.org/W2789329261
https://openalex.org/W2808009324
https://openalex.org/W2809811012
https://openalex.org/W2891638959
https://openalex.org/W2896468110
https://openalex.org/W2902526532
https://openalex.org/W2902757529
https://openalex.org/W1554789203
https://openalex.org/W1974809090
https://openalex.org/W2055440460
https://openalex.org/W2057956345
https://openalex.org/W2195352984
https://openalex.org/W2288250582
https://openalex.org/W2541936158
https://openalex.org/W2568754168
https://openalex.org/W2612376855
https://openalex.org/W2765670873
https://openalex.org/W2964421017
https://openalex.org/W2966661621
https://openalex.org/W2982988386
https://openalex.org/W2985968061
https://openalex.org/W2987139418
https://openalex.org/W2990349754
https://openalex.org/W3013896357
https://openalex.org/W3034848430
https://openalex.org/W3046297644
https://openalex.org/W3047881785
https://openalex.org/W3094339097
https://openalex.org/W3115851070
https://openalex.org/W3183926122
https://openalex.org/W1976250809
https://openalex.org/W1995477904
https://openalex.org/W3113905674
https://openalex.org/W3138717645
https://openalex.org/W3184274841
https://openalex.org/W4200578648
https://openalex.org/W4238488872
https://openalex.org/W4220759187
https://openalex.org/W4220858785
https://openalex.org/W4282832653
https://openalex.org/W4293912506
https://openalex.org/W4302763281
https://openalex.org/W2071216482
https://openalex.org/W2154047288
https://openalex.org/W2415215679
https://openalex.org/W1995166100
https://openalex.org/W2015732903
https://openalex.org/W2037019607
https://openalex.org/W2135812054
https://openalex.org/W1861780944
https://openalex.org/W1981557907
https://openalex.org/W2041060477
https://openalex.org/W2048511115
https://openalex.org/W2087178107
https://openalex.org/W2119997609
https://openalex.org/W2236295084
https://openalex.org/W2404608869
https://openalex.org/W2026477277
https://openalex.org/W2282223798
https://openalex.org/W1997135367
https://openalex.org/W2094684730
https://openalex.org/W2098403974
https://openalex.org/W2187128148
https://openalex.org/W2342607009
https://openalex.org/W2785428484
https://openalex.org/W2809340886
https://openalex.org/W2888981331
https://openalex.org/W2905050747
https://openalex.org/W1494887703
https://openalex.org/W1608582899
https://openalex.org/W1623461165
https://openalex.org/W1964113320
https://openalex.org/W1989989649
https://openalex.org/W2008772831
https://openalex.org/W2009199944
https://openalex.org/W2017558503
https://openalex.org/W2065065267
https://openalex.org/W2126813420
https://openalex.org/W2134562844
https://openalex.org/W2139676293
https://openalex.org/W2155631316
https://openalex.org/W2471643920
https://openalex.org/W2527148877
https://openalex.org/W2963417911
https://openalex.org/W3005210128
https://openalex.org/W3005288838
https://openalex.org/W3035651200
https://openalex.org/W3083666184
https://openalex.org/W3090994961
https://openalex.org/W3096284391
https://openalex.org/W3096985969
https://openalex.org/W3124241530
https://openalex.org/W3124948378
https://openalex.org/W2206321941
https://openalex.org/W1519380141
https://openalex.org/W2011765437
https://openalex.org/W2102790920
https://openalex.org/W1973565188
https://openalex.org/W2016949029
https://openalex.org/W1969862618
https://openalex.org/W1995664703
https://openalex.org/W2021656048
https://openalex.org/W2333432711
https://openalex.org/W344912257
https://openalex.org/W39427829
https://openalex.org/W787767845
https://openalex.org/W1975688413
https://openalex.org/W2119838397
https://openalex.org/W2133639876
https://openalex.org/W2316455100
https://openalex.org/W1486788384
https://openalex.org/W2035986854
https://openalex.org/W2441216154
https://openalex.org/W2259233574
https://openalex.org/W2133796517
https://openalex.org/W2158774722
https://openalex.org/W2166047466
https://openalex.org/W2183591709
https://openalex.org/W2791902055
https://openalex.org/W2806208012
https://openalex.org/W2888571174
https://openalex.org/W2906700921
https://openalex.org/W2925325226
https://openalex.org/W2954542139
https://openalex.org/W2968329421
https://openalex.org/W2996772314
https://openalex.org/W4234985659
https://openalex.org/W2062518212
https://openalex.org/W2136061884
https://openalex.org/W2290788841
https://openalex.org/W2319855253
https://openalex.org/W2342639777
https://openalex.org/W2462715783
https://openalex.org/W2488197880
https://openalex.org/W2507004678
https://openalex.org/W2534558396
https://openalex.org/W2564028771
https://openalex.org/W2584735684
https://openalex.org/W2589065753
https://openalex.org/W3111485676
https://openalex.org/W3120495591
https://openalex.org/W3132544084
https://openalex.org/W3152070244
https://openalex.org/W3155456040
https://openalex.org/W3160053656
https://openalex.org/W3181262738
https://openalex.org/W3188809564
https://openalex.org/W3202703399
https://openalex.org/W144516977
https://openalex.org/W2044013359
https://openalex.org/W2339301665
https://openalex.org/W2469894644
https://openalex.org/W2040257564
https://openalex.org/W2061887861
https://openalex.org/W2065763430
https://openalex.org/W2075995052
https://openalex.org/W2408072120
https://openalex.org/W1967170674
https://openalex.org/W2040294810
https://openalex.org/W2223712447
https://openalex.org/W2418073509
https://openalex.org/W2011715678
https://openalex.org/W2166843738
https://openalex.org/W2005993702
https://openalex.org/W2050694199
https://openalex.org/W2289073835
https://openalex.org/W2403817743
https://openalex.org/W1967581117
https://openalex.org/W1987134885
https://openalex.org/W2044016174
https://openalex.org/W2044636172
https://openalex.org/W2418049745
https://openalex.org/W2098871908
https://openalex.org/W2114850715
https://openalex.org/W2129907517
https://openalex.org/W131411981
https://openalex.org/W1515160042
https://openalex.org/W1605063595
https://openalex.org/W1996612726
https://openalex.org/W2014537217
https://openalex.org/W2041427009
https://openalex.org/W2073288704
https://openalex.org/W2125244769
https://openalex.org/W2134205566
https://openalex.org/W2166012675
https://openalex.org/W2617954372
https://openalex.org/W2742564606
https://openalex.org/W2755550958
https://openalex.org/W2766474466
https://openalex.org/W2769993539
https://openalex.org/W2782615674
https://openalex.org/W2789726763
https://openalex.org/W2800118003
https://openalex.org/W2887525300
https://openalex.org/W2905000602
https://openalex.org/W2908542904
https://openalex.org/W2920362038
https://openalex.org/W2950606287
https://openalex.org/W2954982820
https://openalex.org/W2966266419
https://openalex.org/W2976355483
https://openalex.org/W3010286801
https://openalex.org/W3013378858
https://openalex.org/W3014907410
https://openalex.org/W3027625140
https://openalex.org/W3037829884
https://openalex.org/W3045305691
https://openalex.org/W3082795864
https://openalex.org/W3088979381
https://openalex.org/W3093750690
https://openalex.org/W3106734403
https://openalex.org/W3112207963
https://openalex.org/W1899548436
https://openalex.org/W2296069903
https://openalex.org/W2327721746
https://openalex.org/W2343442531
https://openalex.org/W2390033117
https://openalex.org/W2462464422
https://openalex.org/W2562943069
https://openalex.org/W2970529124
https://openalex.org/W4299904590
https://openalex.org/W4213087419
https://openalex.org/W4214518909
https://openalex.org/W4220685925
https://openalex.org/W4224987218
https://openalex.org/W4283078483
https://openalex.org/W4283826118
https://openalex.org/W4293178618
https://openalex.org/W4296686432
https://openalex.org/W4308443871
https://openalex.org/W4309509252
https://openalex.org/W4313281264
https://openalex.org/W1970435970
https://openalex.org/W2077678336
https://openalex.org/W2149294505
https://openalex.org/W2091955270
https://openalex.org/W31909838
https://openalex.org/W2171648154
https://openalex.org/W1784407108
https://openalex.org/W2076535916
https://openalex.org/W2108850613
https://openalex.org/W2161557875
https://openalex.org/W2137058584
https://openalex.org/W2159234002
https://openalex.org/W76054170
https://openalex.org/W1965222577
https://openalex.org/W2044604827
https://openalex.org/W2065570971
https://openalex.org/W2126072158
https://openalex.org/W246822619
https://openalex.org/W4245212020
https://openalex.org/W1911699593
https://openalex.org/W1968342211
https://openalex.org/W1989255594
https://openalex.org/W2019760617
https://openalex.org/W2035683729
https://openalex.org/W2038935512
https://openalex.org/W2043658392
https://openalex.org/W2066261893
https://openalex.org/W2080824340
https://openalex.org/W2083478552
https://openalex.org/W2089476624
https://openalex.org/W2094619053
https://openalex.org/W2102874794
https://openalex.org/W2105805404
https://openalex.org/W2113297638
https://openalex.org/W2125922208
https://openalex.org/W2152031932
https://openalex.org/W2247588371
https://openalex.org/W2294300293
https://openalex.org/W2323735531
https://openalex.org/W232511917
https://openalex.org/W2325626212
https://openalex.org/W2326313036
https://openalex.org/W2783691899
https://openalex.org/W2901202017
https://openalex.org/W2963119869
https://openalex.org/W1999086180
https://openalex.org/W2054718485
https://openalex.org/W2131780350
https://openalex.org/W2403337128
https://openalex.org/W2469796471
https://openalex.org/W4302768649
https://openalex.org/W1920565372
https://openalex.org/W2050927491
https://openalex.org/W309256353
https://openalex.org/W1748179625
https://openalex.org/W2169305720
https://openalex.org/W2469660923
https://openalex.org/W2027240996
https://openalex.org/W2158300926
https://openalex.org/W1555351460
https://openalex.org/W1984389842
https://openalex.org/W2002504536
https://openalex.org/W2010185061
https://openalex.org/W2330654579
https://openalex.org/W2437765608
https://openalex.org/W2069158020
https://openalex.org/W2073150013
https://openalex.org/W2149613836
https://openalex.org/W2557705637
https://openalex.org/W2582387961
https://openalex.org/W2728034570
https://openalex.org/W2752039813
https://openalex.org/W2756920784
https://openalex.org/W2775823584
https://openalex.org/W2787643923
https://openalex.org/W2800713100
https://openalex.org/W2890178549
https://openalex.org/W2903271177
https://openalex.org/W2906228792
https://openalex.org/W2915353966
https://openalex.org/W2917516367
https://openalex.org/W2921501513
https://openalex.org/W2944540160
https://openalex.org/W2947906324
https://openalex.org/W2982446274
https://openalex.org/W2989638701
https://openalex.org/W2998006204
https://openalex.org/W3011999742
https://openalex.org/W3013942893
https://openalex.org/W3028275894
https://openalex.org/W3028487475
https://openalex.org/W3028557990
https://openalex.org/W3094959371
https://openalex.org/W3095464722
https://openalex.org/W3098148294
https://openalex.org/W3099762475
https://openalex.org/W3110736781
https://openalex.org/W3121749332
https://openalex.org/W3153539712
https://openalex.org/W3164614948
https://openalex.org/W3171059459
https://openalex.org/W3181314091
https://openalex.org/W3193670004
https://openalex.org/W3195101416
https://openalex.org/W3199942968
https://openalex.org/W3203853222
https://openalex.org/W3213863614
https://openalex.org/W2192258780
https://openalex.org/W2337700357
https://openalex.org/W2465310184
https://openalex.org/W2507261524
https://openalex.org/W2514683851
https://openalex.org/W2518532438
https://openalex.org/W2529498737
https://openalex.org/W2535927867
https://openalex.org/W2556870492
https://openalex.org/W2926023234
https://openalex.org/W3164187655
https://openalex.org/W2053375899
https://openalex.org/W2098753223
https://openalex.org/W3092013083
https://openalex.org/W2007239378
https://openalex.org/W2187653717
https://openalex.org/W1532072617
https://openalex.org/W2124995431
https://openalex.org/W1523923441
https://openalex.org/W1867562382
https://openalex.org/W1980417576
https://openalex.org/W2193232517
https://openalex.org/W2406026551
https://openalex.org/W121556566
https://openalex.org/W1997423214
https://openalex.org/W2129189312
https://openalex.org/W2140569733
https://openalex.org/W2413374954
https://openalex.org/W2006678875
https://openalex.org/W2099415593
https://openalex.org/W2116493608
https://openalex.org/W2413861545
https://openalex.org/W3455912
https://openalex.org/W113144295
https://openalex.org/W119666673
https://openalex.org/W1584957136
https://openalex.org/W1974622869
https://openalex.org/W1976949076
https://openalex.org/W2021607930
https://openalex.org/W2030558088
https://openalex.org/W2041018001
https://openalex.org/W2043709506
https://openalex.org/W2046831355
https://openalex.org/W2053076198
https://openalex.org/W2069735957
https://openalex.org/W2107201276
https://openalex.org/W2297770261
https://openalex.org/W2309309130
https://openalex.org/W2322226319
https://openalex.org/W2463285728
https://openalex.org/W2561376057
https://openalex.org/W2962969974
https://openalex.org/W3143741961
https://openalex.org/W4247782931
https://openalex.org/W2099658484
https://openalex.org/W2104037289
https://openalex.org/W2983708235
https://openalex.org/W2888609344
https://openalex.org/W2908656002
https://openalex.org/W2908806911
https://openalex.org/W4280637198
https://openalex.org/W4313334554
https://openalex.org/W4317469349
https://openalex.org/W4318695219
https://openalex.org/W4321161086
https://openalex.org/W4321610899
https://openalex.org/W4322616679
https://openalex.org/W4322773272
https://openalex.org/W4323309991
https://openalex.org/W4323342920
https://openalex.org/W4323519656
https://openalex.org/W4327727627
https://openalex.org/W4327727635
https://openalex.org/W4327727636
https://openalex.org/W4327727781
https://openalex.org/W4327727794
https://openalex.org/W4327727801
https://openalex.org/W4327727836
https://openalex.org/W4327742766
https://openalex.org/W4327743157
https://openalex.org/W4353076429
https://openalex.org/W4361239869
https://openalex.org/W4361841546
https://openalex.org/W4361841625
https://openalex.org/W4361841628
https://openalex.org/W4361841650
https://openalex.org/W4361869224
https://openalex.org/W4361869415
https://openalex.org/W4361869496
https://openalex.org/W4361869548
https://openalex.org/W4362589183
https://openalex.org/W4362731136
https://openalex.org/W4365142619
https://openalex.org/W4378364171
https://openalex.org/W4379387995
https://openalex.org/W4379389118
https://openalex.org/W4379779476
https://openalex.org/W4380272509
https://openalex.org/W4383373114
https://openalex.org/W4383384726
https://openalex.org/W4383388738
https://openalex.org/W4383420202
https://openalex.org/W4383820886
https://openalex.org/W4383982417
https://openalex.org/W4384567255
https://openalex.org/W4384663218
https://openalex.org/W4384818802
https://openalex.org/W4384824561
https://openalex.org/W4385440024
https://openalex.org/W4385545295
https://openalex.org/W4385555813
https://openalex.org/W4385556110
https://openalex.org/W4385556390
https://openalex.org/W4385556977
https://openalex.org/W4385692909
https://openalex.org/W4385722997
https://openalex.org/W4385769926
https://openalex.org/W4385848694
https://openalex.org/W4385873639
https://openalex.org/W4385977653
https://openalex.org/W4386028968
https://openalex.org/W4386093621
https://openalex.org/W4386731020
https://openalex.org/W4387066396
https://openalex.org/W4387119284
https://openalex.org/W4387245571
https://openalex.org/W4387309448
https://openalex.org/W4387335970
https://openalex.org/W4387430219
https://openalex.org/W4387447158
https://openalex.org/W4387455804
https://openalex.org/W4387603273
https://openalex.org/W4387714431
https://openalex.org/W4387733402
https://openalex.org/W4387734018
https://openalex.org/W4387749497
https://openalex.org/W4387749509
https://openalex.org/W4387749981
https://openalex.org/W4387750554
https://openalex.org/W4387751073
https://openalex.org/W4387751126
https://openalex.org/W4387751592
https://openalex.org/W4387752236
https://openalex.org/W4387778437
https://openalex.org/W4387779950
https://openalex.org/W4387832130
https://openalex.org/W4387865990
https://openalex.org/W4388163703
https://openalex.org/W4388188683
https://openalex.org/W4388516617
https://openalex.org/W4388529406
https://openalex.org/W4388597091
https://openalex.org/W4388597213
https://openalex.org/W4388736494
https://openalex.org/W4388963802
https://openalex.org/W4388990628
https://openalex.org/W4388998005
https://openalex.org/W4389149320
https://openalex.org/W4389494220
https://openalex.org/W4389829281
https://openalex.org/W4389939248
https://openalex.org/W4389994893
https://openalex.org/W4390025275
https://openalex.org/W4390053137
https://openalex.org/W4390099758
https://openalex.org/W4390230915
https://openalex.org/W4391217252
https://openalex.org/W4391430026
https://openalex.org/W4392725008
https://openalex.org/W767136762
https://openalex.org/W2372541436
https://openalex.org/W19262469
https://openalex.org/W2087415342
https://openalex.org/W2121083425
https://openalex.org/W2336403218
https://openalex.org/W2507148108
https://openalex.org/W2051454618
https://openalex.org/W2088993598
https://openalex.org/W2212524890
https://openalex.org/W2313041153
https://openalex.org/W2127151526
https://openalex.org/W1985397466
https://openalex.org/W2043964021
https://openalex.org/W2067845283
https://openalex.org/W2402288190
https://openalex.org/W2422696568
https://openalex.org/W2570061397
https://openalex.org/W2590085605
https://openalex.org/W2612866260
https://openalex.org/W2734596872
https://openalex.org/W2734912598
https://openalex.org/W2735024178
https://openalex.org/W2740657794
https://openalex.org/W2767519753
https://openalex.org/W2789267558
https://openalex.org/W1963767096
https://openalex.org/W2059567227
https://openalex.org/W2401198348
https://openalex.org/W2413422283
https://openalex.org/W1989706046
https://openalex.org/W2751587362
https://openalex.org/W101971057
https://openalex.org/W134618493
https://openalex.org/W1565150189
https://openalex.org/W2017427858
https://openalex.org/W2094803978
https://openalex.org/W2107050250
https://openalex.org/W2117240044
https://openalex.org/W23296389
https://openalex.org/W2397166508
https://openalex.org/W2399069994
https://openalex.org/W2043880925
https://openalex.org/W2112437162
https://openalex.org/W2115001117
https://openalex.org/W2124034193
https://openalex.org/W2395469716
https://openalex.org/W2464637838
https://openalex.org/W2467999018
https://openalex.org/W2783066881
https://openalex.org/W2795201318
https://openalex.org/W2889141730
https://openalex.org/W2892121574
https://openalex.org/W2894974238
https://openalex.org/W2898001797
https://openalex.org/W2898262088
https://openalex.org/W2903518156
https://openalex.org/W2911524838
https://openalex.org/W2943924621
https://openalex.org/W2965765115
https://openalex.org/W2987338267
https://openalex.org/W3007136479
https://openalex.org/W3034263864
https://openalex.org/W3034410677
https://openalex.org/W3091436748
https://openalex.org/W3102246861
https://openalex.org/W3111988023
https://openalex.org/W3115830074
https://openalex.org/W3126310395
https://openalex.org/W3126457688
https://openalex.org/W3134447926
https://openalex.org/W3136658571
https://openalex.org/W3160644405
https://openalex.org/W3162771430
https://openalex.org/W3186862715
https://openalex.org/W3188934994
https://openalex.org/W3194963554
https://openalex.org/W3196666393
https://openalex.org/W3205216292
https://openalex.org/W4200059462
https://openalex.org/W4200090018
https://openalex.org/W4200193560
https://openalex.org/W4200528462
https://openalex.org/W4205776617
https://openalex.org/W4205845941
https://openalex.org/W4225495548
https://openalex.org/W4246859422
https://openalex.org/W2548624735
https://openalex.org/W2572553276
https://openalex.org/W3098945214
https://openalex.org/W4200084470
https://openalex.org/W4210708070
https://openalex.org/W4220898764
https://openalex.org/W4225790394
https://openalex.org/W4226380928
https://openalex.org/W4229442017
https://openalex.org/W4252547740
https://openalex.org/W4281989861
https://openalex.org/W4285023543
https://openalex.org/W4306922004
https://openalex.org/W4310446200
https://openalex.org/W4312129051
https://openalex.org/W4313272500
https://openalex.org/W2082666108
https://openalex.org/W2090443876
https://openalex.org/W4247695137
https://openalex.org/W1898221707
https://openalex.org/W1991981423
https://openalex.org/W2038876958
https://openalex.org/W2252925669
https://openalex.org/W2315967974
https://openalex.org/W2471281459
https://openalex.org/W4251431414
https://openalex.org/W2142631829
https://openalex.org/W2411060610
https://openalex.org/W1493479836
https://openalex.org/W2060028865
https://openalex.org/W2356807981
https://openalex.org/W2409036344
https://openalex.org/W2472480420
https://openalex.org/W2751403126
https://openalex.org/W2037817762
https://openalex.org/W2419671229
https://openalex.org/W109680903
https://openalex.org/W1550443325
https://openalex.org/W1589499090
https://openalex.org/W1706874192
https://openalex.org/W1833821178
https://openalex.org/W1853217175
https://openalex.org/W1982752724
https://openalex.org/W2006972086
https://openalex.org/W2027209444
https://openalex.org/W2027907199
https://openalex.org/W2047627382
https://openalex.org/W2050789782
https://openalex.org/W2075134328
https://openalex.org/W2076306369
https://openalex.org/W2077156474
https://openalex.org/W2085597850
https://openalex.org/W2091312099
https://openalex.org/W2117593884
https://openalex.org/W2143367931
https://openalex.org/W2170197823
https://openalex.org/W2189338604
https://openalex.org/W2222707450
https://openalex.org/W2314145006
https://openalex.org/W2330620784
https://openalex.org/W2395559602
https://openalex.org/W2524715811
https://openalex.org/W2524956780
https://openalex.org/W2547504217
https://openalex.org/W2621360800
https://openalex.org/W2789269693
https://openalex.org/W2900860406
https://openalex.org/W2951682709
https://openalex.org/W2952196577
https://openalex.org/W3145462948
https://openalex.org/W4220652084
https://openalex.org/W4220868477
https://openalex.org/W4233897946
https://openalex.org/W4241664565
https://openalex.org/W4248852912
https://openalex.org/W4249661430
https://openalex.org/W4281860796
https://openalex.org/W1980874857
https://openalex.org/W1971610496
https://openalex.org/W2019580413
https://openalex.org/W2398357899
https://openalex.org/W2430885455
https://openalex.org/W2072593709
https://openalex.org/W1526223719
https://openalex.org/W1984039957
https://openalex.org/W2031328115
https://openalex.org/W2056340202
https://openalex.org/W2070476372
https://openalex.org/W2153148094
https://openalex.org/W2170499404
https://openalex.org/W2404800093
https://openalex.org/W3023596412
https://openalex.org/W4239890439
https://openalex.org/W1963803773
https://openalex.org/W2047731031
https://openalex.org/W2070499475
https://openalex.org/W2323019125
https://openalex.org/W2394642256
https://openalex.org/W2397492108
https://openalex.org/W2519520067
https://openalex.org/W2530046949
https://openalex.org/W2591832702
https://openalex.org/W2592237972
https://openalex.org/W2599479115
https://openalex.org/W2750748857
https://openalex.org/W2759284315
https://openalex.org/W2765213392
https://openalex.org/W2766328228
https://openalex.org/W2766641560
https://openalex.org/W2808681890
https://openalex.org/W2886684528
https://openalex.org/W2920923962
https://openalex.org/W3025723289
https://openalex.org/W3125447887
https://openalex.org/W4206557778
https://openalex.org/W4231880912
https://openalex.org/W4234906741
https://openalex.org/W85571331
https://openalex.org/W1873240908
https://openalex.org/W1990931881
https://openalex.org/W2010072388
https://openalex.org/W2018834190
https://openalex.org/W2297530258
https://openalex.org/W2321347076
https://openalex.org/W2412049778
https://openalex.org/W2461506064
https://openalex.org/W2465008282
https://openalex.org/W2802314793
https://openalex.org/W2004389531
https://openalex.org/W2304975885
https://openalex.org/W3098677735
https://openalex.org/W1512440539
https://openalex.org/W1949741373
https://openalex.org/W1973771821
https://openalex.org/W2007706763
https://openalex.org/W2036118654
https://openalex.org/W2068413861
https://openalex.org/W2068622393
https://openalex.org/W2075562418
https://openalex.org/W2082899021
https://openalex.org/W2084660017
https://openalex.org/W2097459899
https://openalex.org/W2116966225
https://openalex.org/W2145496730
https://openalex.org/W2398459524
https://openalex.org/W2411790227
https://openalex.org/W2416338470
https://openalex.org/W2466794649
https://openalex.org/W2521272762
https://openalex.org/W2522068653
https://openalex.org/W2523003225
https://openalex.org/W2523250445
https://openalex.org/W2587701010
https://openalex.org/W2800049411
https://openalex.org/W2887615327
https://openalex.org/W2896106340
https://openalex.org/W2906281485
https://openalex.org/W2913178629
https://openalex.org/W2921062888
https://openalex.org/W3010396500
https://openalex.org/W3099419279
https://openalex.org/W317091497
https://openalex.org/W4239363383
https://openalex.org/W2037007817
https://openalex.org/W2015033544
https://openalex.org/W2466383152
https://openalex.org/W1971891343
https://openalex.org/W2034924685
https://openalex.org/W2043900991
https://openalex.org/W2119838281
https://openalex.org/W215423575
https://openalex.org/W2306440268
https://openalex.org/W2769838927
https://openalex.org/W2912727191
https://openalex.org/W2924840096
https://openalex.org/W2947073362
https://openalex.org/W2964371811
https://openalex.org/W2969185440
https://openalex.org/W2971584722
https://openalex.org/W2981379240
https://openalex.org/W2983402567
https://openalex.org/W2986476014
https://openalex.org/W2989286818
https://openalex.org/W2997848549
https://openalex.org/W3036394121
https://openalex.org/W3037780258
https://openalex.org/W3037967318
https://openalex.org/W3041909123
https://openalex.org/W3045076686
https://openalex.org/W3079408905
https://openalex.org/W3085839970
https://openalex.org/W308676482
https://openalex.org/W3115626292
https://openalex.org/W4205642924
https://openalex.org/W4237270822
https://openalex.org/W4246435495
https://openalex.org/W4287830133
https://openalex.org/W1985909382
https://openalex.org/W2046128319
https://openalex.org/W2090545037
https://openalex.org/W2297068803
https://openalex.org/W2404176574
https://openalex.org/W2405694516
https://openalex.org/W2407890014
https://openalex.org/W2414146108
https://openalex.org/W2439809185
https://openalex.org/W2511207384
https://openalex.org/W3153358844
https://openalex.org/W4242611666
https://openalex.org/W1502488226
https://openalex.org/W1977705587
https://openalex.org/W1995773481
https://openalex.org/W2164709364
https://openalex.org/W2416594652
https://openalex.org/W2429297493
https://openalex.org/W4205959707
https://openalex.org/W66208630
https://openalex.org/W946829034
https://openalex.org/W9488625
https://openalex.org/W2057821018
https://openalex.org/W2306535552
https://openalex.org/W2410450859
https://openalex.org/W2412465877
https://openalex.org/W2415250428
https://openalex.org/W2418945620
https://openalex.org/W2592716512
https://openalex.org/W3128006119
https://openalex.org/W3128832859
https://openalex.org/W3134597131
https://openalex.org/W3138124062
https://openalex.org/W3147205937
https://openalex.org/W3168485563
https://openalex.org/W3173365139
https://openalex.org/W3174949186
https://openalex.org/W3176256514
https://openalex.org/W3181193083
https://openalex.org/W3192134354
https://openalex.org/W3195580184
https://openalex.org/W3196141716
https://openalex.org/W3198019814
https://openalex.org/W3204226585
https://openalex.org/W3206339695
https://openalex.org/W3206395613
https://openalex.org/W3207707312
https://openalex.org/W3209802179
https://openalex.org/W3210584058
https://openalex.org/W3211341069
https://openalex.org/W3213098549
https://openalex.org/W3215836384
https://openalex.org/W4200425326
https://openalex.org/W4205488664
https://openalex.org/W4241173456
https://openalex.org/W561491397
https://openalex.org/W2210649373
https://openalex.org/W2417613889
https://openalex.org/W2423521168
https://openalex.org/W2464369016
https://openalex.org/W2955276111
https://openalex.org/W1968903109
https://openalex.org/W22081467
https://openalex.org/W129070969
https://openalex.org/W1839184109
https://openalex.org/W1983752341
https://openalex.org/W1985005619
https://openalex.org/W2021145925
https://openalex.org/W2067644140
https://openalex.org/W2126646634
https://openalex.org/W2398135334
https://openalex.org/W2413959647
https://openalex.org/W2464792250
https://openalex.org/W2531889383
https://openalex.org/W4236993399
https://openalex.org/W149582782
https://openalex.org/W2148183
https://openalex.org/W2154393849
https://openalex.org/W2314284181
https://openalex.org/W2586092229
https://openalex.org/W2588417075
https://openalex.org/W2992832543
https://openalex.org/W51267809
https://openalex.org/W52977278
https://openalex.org/W113383884
https://openalex.org/W180795963
https://openalex.org/W2042013682
https://openalex.org/W2142792081
https://openalex.org/W2400203985
https://openalex.org/W4242130353
https://openalex.org/W606500333
https://openalex.org/W98574723
https://openalex.org/W170901882
https://openalex.org/W1785057093
https://openalex.org/W2061294450
https://openalex.org/W2100821741
https://openalex.org/W1479237926
https://openalex.org/W1513750474
https://openalex.org/W1529537187
https://openalex.org/W1544839760
https://openalex.org/W1545123674
https://openalex.org/W1855711705
https://openalex.org/W1898253258
https://openalex.org/W1900647307
https://openalex.org/W1925108373
https://openalex.org/W1946300061
https://openalex.org/W1981026400
https://openalex.org/W2001542078
https://openalex.org/W2002926025
https://openalex.org/W2004117615
https://openalex.org/W2012660572
https://openalex.org/W2029392930
https://openalex.org/W2032602631
https://openalex.org/W2034798361
https://openalex.org/W2041896543
https://openalex.org/W2053262944
https://openalex.org/W2064079211
https://openalex.org/W2066395881
https://openalex.org/W2075311611
https://openalex.org/W2077243185
https://openalex.org/W2077759752
https://openalex.org/W2082568296
https://openalex.org/W2135634439
https://openalex.org/W2154087697
https://openalex.org/W2207501391
https://openalex.org/W2241315444
https://openalex.org/W2247724968
https://openalex.org/W2280942589
https://openalex.org/W2285995354
https://openalex.org/W2287573003
https://openalex.org/W2310262596
https://openalex.org/W2311700906
https://openalex.org/W2316834084
https://openalex.org/W2316946247
https://openalex.org/W2321080691
https://openalex.org/W2327487018
https://openalex.org/W2328666422
https://openalex.org/W2336874382
https://openalex.org/W2337223264
https://openalex.org/W2340492415
https://openalex.org/W2342856486
https://openalex.org/W2343133115
https://openalex.org/W2345639810
https://openalex.org/W2355551086
https://openalex.org/W2357646277
https://openalex.org/W2416680098
https://openalex.org/W2472117750
https://openalex.org/W2476049767
https://openalex.org/W2477487849
https://openalex.org/W2479743833
https://openalex.org/W2482535900
https://openalex.org/W2482872095
https://openalex.org/W2488492568
https://openalex.org/W2488650623
https://openalex.org/W2493506637
https://openalex.org/W2494900177
https://openalex.org/W2495190253
https://openalex.org/W2500694633
https://openalex.org/W2502571367
https://openalex.org/W2509958167
https://openalex.org/W2511024954
https://openalex.org/W2511956135
https://openalex.org/W2512533525
https://openalex.org/W2518528600
https://openalex.org/W2519493132
https://openalex.org/W2526662128
https://openalex.org/W2527890544
https://openalex.org/W2529759932
https://openalex.org/W2531881848
https://openalex.org/W2536329771
https://openalex.org/W2546423244
https://openalex.org/W2549194476
https://openalex.org/W2557581691
https://openalex.org/W2579504864
https://openalex.org/W2596224852
https://openalex.org/W2596395889
https://openalex.org/W2597095863
https://openalex.org/W2598111916
https://openalex.org/W2599888899
https://openalex.org/W2601050042
https://openalex.org/W2604695010
https://openalex.org/W2626304709
https://openalex.org/W2632658463
https://openalex.org/W2673228150
https://openalex.org/W2676622168
https://openalex.org/W2712174500
https://openalex.org/W2752909753
https://openalex.org/W2790762113
https://openalex.org/W288272343
https://openalex.org/W2901079769
https://openalex.org/W2904257440
https://openalex.org/W2905464643
https://openalex.org/W2912319677
https://openalex.org/W2949921511
https://openalex.org/W2950166753
https://openalex.org/W2950244603
https://openalex.org/W2950678553
https://openalex.org/W2951688237
https://openalex.org/W2963437973
https://openalex.org/W3022387606
https://openalex.org/W3041695142
https://openalex.org/W3090217227
https://openalex.org/W3121326586
https://openalex.org/W3122189749
https://openalex.org/W3157207011
https://openalex.org/W3160512642
https://openalex.org/W3164702610
https://openalex.org/W3181568658
https://openalex.org/W397785996
https://openalex.org/W4205429348
https://openalex.org/W4237081903
https://openalex.org/W4249991481
https://openalex.org/W4299809010
https://openalex.org/W4300097994
https://openalex.org/W4303110817
https://openalex.org/W4389274794
https://openalex.org/W582443181
https://openalex.org/W631910788
https://openalex.org/W1938437387
https://openalex.org/W2241602187
https://openalex.org/W2403634558
https://openalex.org/W2418857031
https://openalex.org/W2404274281
https://openalex.org/W346823009
https://openalex.org/W107569867
https://openalex.org/W113640156
https://openalex.org/W128318794
https://openalex.org/W149786913
https://openalex.org/W1526534163
https://openalex.org/W153215878
https://openalex.org/W1561308125
https://openalex.org/W156933750
https://openalex.org/W1581040439
https://openalex.org/W1853295751
https://openalex.org/W190294579
https://openalex.org/W195652920
https://openalex.org/W1963981705
https://openalex.org/W1964922120
https://openalex.org/W1979241427
https://openalex.org/W1988700736
https://openalex.org/W1996272252
https://openalex.org/W2027002028
https://openalex.org/W2032651492
https://openalex.org/W2037902040
https://openalex.org/W2039691686
https://openalex.org/W2041132831
https://openalex.org/W2050572650
https://openalex.org/W2057183473
https://openalex.org/W2061795927
https://openalex.org/W2062116345
https://openalex.org/W2067206129
https://openalex.org/W2069550150
https://openalex.org/W2081772370
https://openalex.org/W2086686218
https://openalex.org/W2090903005
https://openalex.org/W2092327871
https://openalex.org/W2109347792
https://openalex.org/W2114701881
https://openalex.org/W2140412170
https://openalex.org/W2152986896
https://openalex.org/W2169719183
https://openalex.org/W2183659641
https://openalex.org/W2210327767
https://openalex.org/W2230230756
https://openalex.org/W2240949389
https://openalex.org/W2249743924
https://openalex.org/W2249806879
https://openalex.org/W2314452529
https://openalex.org/W2315139300
https://openalex.org/W2329564687
https://openalex.org/W2331624133
https://openalex.org/W2331876733
https://openalex.org/W2332543426
https://openalex.org/W2335284543
https://openalex.org/W2346382338
https://openalex.org/W2363619625
https://openalex.org/W2371961939
https://openalex.org/W2388149655
https://openalex.org/W2394069952
https://openalex.org/W2394990340
https://openalex.org/W2408709280
https://openalex.org/W2417633347
https://openalex.org/W2418094987
https://openalex.org/W2462117801
https://openalex.org/W2467982986
https://openalex.org/W2469255664
https://openalex.org/W2477461488
https://openalex.org/W2477812709
https://openalex.org/W2478398125
https://openalex.org/W2482500616
https://openalex.org/W248318836
https://openalex.org/W2486773480
https://openalex.org/W2492723821
https://openalex.org/W2498388585
https://openalex.org/W2503434609
https://openalex.org/W2505844796
https://openalex.org/W2506197831
https://openalex.org/W2510343266
https://openalex.org/W2563716807
https://openalex.org/W2570627892
https://openalex.org/W2583390379
https://openalex.org/W2682514523
https://openalex.org/W2769061111
https://openalex.org/W2788839087
https://openalex.org/W2793666898
https://openalex.org/W2803061044
https://openalex.org/W2900591280
https://openalex.org/W2901022424
https://openalex.org/W2901221333
https://openalex.org/W2901596052
https://openalex.org/W2952259480
https://openalex.org/W3046659065
https://openalex.org/W3123076468
https://openalex.org/W3165049501
https://openalex.org/W3179177666
https://openalex.org/W3192793768
https://openalex.org/W3196951865
https://openalex.org/W3198325528
https://openalex.org/W3217158402
https://openalex.org/W346049551
https://openalex.org/W38062022
https://openalex.org/W4239395178
https://openalex.org/W4243997272
https://openalex.org/W4247716084
https://openalex.org/W42486838
https://openalex.org/W4253901474
https://openalex.org/W4289885082
https://openalex.org/W4291941800
https://openalex.org/W4300811204
https://openalex.org/W4393298622
https://openalex.org/W54135298
https://openalex.org/W62208346
https://openalex.org/W114488258
https://openalex.org/W1968438076
https://openalex.org/W1975943879
https://openalex.org/W2015884566
https://openalex.org/W2026278939
https://openalex.org/W2078506309
https://openalex.org/W2412904224
https://openalex.org/W2461502573
https://openalex.org/W2510576594
https://openalex.org/W2118788568
https://openalex.org/W2137057219
https://openalex.org/W2186524536
https://openalex.org/W2258150227
https://openalex.org/W2404874644
https://openalex.org/W2417480754
https://openalex.org/W2419515417
https://openalex.org/W2420289884
https://openalex.org/W2421375869
https://openalex.org/W2466125097
https://openalex.org/W4240918638
https://openalex.org/W4243735290
https://openalex.org/W1474028573
https://openalex.org/W1491731888
https://openalex.org/W149596498
https://openalex.org/W1592829366
https://openalex.org/W1992203235
https://openalex.org/W2004676364
https://openalex.org/W2006812948
https://openalex.org/W2007463932
https://openalex.org/W2017811942
https://openalex.org/W2045877274
https://openalex.org/W2067399499
https://openalex.org/W2077295955
https://openalex.org/W2216353214
https://openalex.org/W2220080729
https://openalex.org/W2241294853
https://openalex.org/W2246404417
https://openalex.org/W2361406165
https://openalex.org/W2402954385
https://openalex.org/W2418409589
https://openalex.org/W2421854054
https://openalex.org/W2430233669
https://openalex.org/W2430873414
https://openalex.org/W2462632098
https://openalex.org/W2463272475
https://openalex.org/W2472243427
https://openalex.org/W2522444760
https://openalex.org/W2542935734
https://openalex.org/W2568972207
https://openalex.org/W2569938423
https://openalex.org/W2592302558
https://openalex.org/W2594801667
https://openalex.org/W2614506452
https://openalex.org/W2621503879
https://openalex.org/W2622569843
https://openalex.org/W2622892316
https://openalex.org/W2623189782
https://openalex.org/W2624539346
https://openalex.org/W2709462349
https://openalex.org/W2727650467
https://openalex.org/W2735034936
https://openalex.org/W2745618105
https://openalex.org/W2748420458
https://openalex.org/W2755866599
https://openalex.org/W2757685219
https://openalex.org/W2758958282
https://openalex.org/W2759273696
https://openalex.org/W2760571295
https://openalex.org/W2760583455
https://openalex.org/W2763181086
https://openalex.org/W2774614742
https://openalex.org/W2778702636
https://openalex.org/W2787402968
https://openalex.org/W282037251
https://openalex.org/W2893052238
https://openalex.org/W2900880180
https://openalex.org/W2901395294
https://openalex.org/W2991452151
https://openalex.org/W3003731643
https://openalex.org/W3025732176
https://openalex.org/W3049115867
https://openalex.org/W3125128751
https://openalex.org/W3135116664
https://openalex.org/W3166229516
https://openalex.org/W3188489750
https://openalex.org/W4233476056
https://openalex.org/W4237422793
https://openalex.org/W4240108173
https://openalex.org/W4241869243
https://openalex.org/W4247087583
https://openalex.org/W4248789570
https://openalex.org/W4249664858
https://openalex.org/W4249673793
https://openalex.org/W4253475879
https://openalex.org/W4255865374
https://openalex.org/W4256274690
https://openalex.org/W4298272564
https://openalex.org/W4393762832
https://openalex.org/W4394328176
https://openalex.org/W79275178
https://openalex.org/W2093968251
https://openalex.org/W2404533534
https://openalex.org/W1004476053
https://openalex.org/W135666725
https://openalex.org/W1495262188
https://openalex.org/W1515261031
https://openalex.org/W15164244
https://openalex.org/W1526914944
https://openalex.org/W1563718149
https://openalex.org/W1569137334
https://openalex.org/W1585884310
https://openalex.org/W1586583028
https://openalex.org/W171710861
https://openalex.org/W1997881947
https://openalex.org/W199975951
https://openalex.org/W2000778448
https://openalex.org/W2050862857
https://openalex.org/W2054347595
https://openalex.org/W2062383161
https://openalex.org/W2077759134
https://openalex.org/W2107865225
https://openalex.org/W2109207935
https://openalex.org/W2127342975
https://openalex.org/W2128655933
https://openalex.org/W2130443904
https://openalex.org/W2140057652
https://openalex.org/W2144972819
https://openalex.org/W2155367481
https://openalex.org/W2158417355
https://openalex.org/W2185620598
https://openalex.org/W2298467720
https://openalex.org/W2311393200
https://openalex.org/W2322734285
https://openalex.org/W2328607950
https://openalex.org/W2330878419
https://openalex.org/W2354862400
https://openalex.org/W2355400002
https://openalex.org/W2364217776
https://openalex.org/W2381915157
https://openalex.org/W2390516179
https://openalex.org/W2394681422
https://openalex.org/W2398041423
https://openalex.org/W2406508222
https://openalex.org/W2410469106
https://openalex.org/W2412555138
https://openalex.org/W2414701717
https://openalex.org/W2421096333
https://openalex.org/W2438676651
https://openalex.org/W2439078495
https://openalex.org/W2462279229
https://openalex.org/W247152658
https://openalex.org/W250118407
https://openalex.org/W2518917925
https://openalex.org/W2539211477
https://openalex.org/W2541847223
https://openalex.org/W2559507180
https://openalex.org/W2577174164
https://openalex.org/W2580459969
https://openalex.org/W2632858015
https://openalex.org/W2917672005
https://openalex.org/W2921529748
https://openalex.org/W2944381318
https://openalex.org/W2954877556
https://openalex.org/W2973103248
https://openalex.org/W2997737136
https://openalex.org/W3034963437
https://openalex.org/W331890147
https://openalex.org/W340549773
https://openalex.org/W4205273920
https://openalex.org/W4206353112
https://openalex.org/W4210793327
https://openalex.org/W4214605151
https://openalex.org/W4220675394
https://openalex.org/W4220768284
https://openalex.org/W4220830243
https://openalex.org/W4220876298
https://openalex.org/W4220895606
https://openalex.org/W4220992335
https://openalex.org/W4221028538
https://openalex.org/W4221088149
https://openalex.org/W4224254562
https://openalex.org/W4225105895
https://openalex.org/W4225562160
https://openalex.org/W4225898101
https://openalex.org/W4226373489
https://openalex.org/W4226411452
https://openalex.org/W4229376222
https://openalex.org/W4234258449
https://openalex.org/W4244705125
https://openalex.org/W4252255070
https://openalex.org/W4255780201
https://openalex.org/W42741281
https://openalex.org/W4280526060
https://openalex.org/W4281664782
https://openalex.org/W4282976793
https://openalex.org/W4284975611
https://openalex.org/W4285506207
https://openalex.org/W4286295534
https://openalex.org/W4293178493
https://openalex.org/W4293178574
https://openalex.org/W4293178647
https://openalex.org/W4293178661
https://openalex.org/W4293178668
https://openalex.org/W4293178712
https://openalex.org/W4293178719
https://openalex.org/W4293178732
https://openalex.org/W4293178736
https://openalex.org/W4293178746
https://openalex.org/W4293203883
https://openalex.org/W4294707299
https://openalex.org/W4294884762
https://openalex.org/W4295923939
https://openalex.org/W4296827046
https://openalex.org/W4297007224
https://openalex.org/W4297838214
https://openalex.org/W4301188045
https://openalex.org/W4309710896
https://openalex.org/W4311672246
https://openalex.org/W4312399248
https://openalex.org/W4313183005
https://openalex.org/W4315488854
https://openalex.org/W4316084324
https://openalex.org/W4316086760
https://openalex.org/W4319433219
https://openalex.org/W4321462526
https://openalex.org/W4360996306
https://openalex.org/W4362675812
https://openalex.org/W4378422623
https://openalex.org/W4389170976
https://openalex.org/W4394401297
https://openalex.org/W4395399435
https://openalex.org/W6301110
https://openalex.org/W99250791
https://openalex.org/W1984340150
https://openalex.org/W2013969814
https://openalex.org/W2022597493
https://openalex.org/W2402188054
https://openalex.org/W2410887659
https://openalex.org/W2411153217
https://openalex.org/W2413300209
https://openalex.org/W2433486229
https://openalex.org/W2462383866
https://openalex.org/W259872053
https://openalex.org/W2802283324
https://openalex.org/W2916087081
https://openalex.org/W4235868277
https://openalex.org/W4239708731
https://openalex.org/W1590310209
https://openalex.org/W1629494237
https://openalex.org/W2031385108
https://openalex.org/W2047332704
https://openalex.org/W2047844997
https://openalex.org/W205312226
https://openalex.org/W2064415722
https://openalex.org/W2188177322
https://openalex.org/W2328256644
https://openalex.org/W2387803812
https://openalex.org/W2400379477
https://openalex.org/W2409812252
https://openalex.org/W2410290325
https://openalex.org/W2413770843
https://openalex.org/W2414286867
https://openalex.org/W2417230477
https://openalex.org/W2439358103
https://openalex.org/W2616606729
https://openalex.org/W2768296393
https://openalex.org/W2789436529
https://openalex.org/W2790548346
https://openalex.org/W2791238401
https://openalex.org/W2793866610
https://openalex.org/W2795604770
https://openalex.org/W2804433938
https://openalex.org/W2805313619
https://openalex.org/W2808276870
https://openalex.org/W2808544128
https://openalex.org/W2826365690
https://openalex.org/W2883281451
https://openalex.org/W2884077442
https://openalex.org/W2886386534
https://openalex.org/W2887138413
https://openalex.org/W2888498459
https://openalex.org/W2890442194
https://openalex.org/W2891324070
https://openalex.org/W2893188828
https://openalex.org/W2894598897
https://openalex.org/W2894832218
https://openalex.org/W2894891322
https://openalex.org/W2895126670
https://openalex.org/W2895950634
https://openalex.org/W2896053836
https://openalex.org/W2898145221
https://openalex.org/W2898207382
https://openalex.org/W2900340604
https://openalex.org/W2900800552
https://openalex.org/W2902083542
https://openalex.org/W2902088622
https://openalex.org/W2902841625
https://openalex.org/W2903629947
https://openalex.org/W2906097923
https://openalex.org/W2911393652
https://openalex.org/W2911476876
https://openalex.org/W2911889727
https://openalex.org/W2914017498
https://openalex.org/W2914782534
https://openalex.org/W2920387613
https://openalex.org/W2920499670
https://openalex.org/W2921940000
https://openalex.org/W2923340896
https://openalex.org/W2925104509
https://openalex.org/W2940743778
https://openalex.org/W2940791083
https://openalex.org/W2941112867
https://openalex.org/W2941818879
https://openalex.org/W2942415299
https://openalex.org/W2942904442
https://openalex.org/W2943861213
https://openalex.org/W2947263800
https://openalex.org/W2947697528
https://openalex.org/W2952533207
https://openalex.org/W2955606152
https://openalex.org/W2965267935
https://openalex.org/W2967645724
https://openalex.org/W2969141931
https://openalex.org/W2979259022
https://openalex.org/W2979980638
https://openalex.org/W2980234274
https://openalex.org/W2980341931
https://openalex.org/W2980884122
https://openalex.org/W2981673267
https://openalex.org/W2983163041
https://openalex.org/W2989886460
https://openalex.org/W2995572763
https://openalex.org/W2996532471
https://openalex.org/W2999668358
https://openalex.org/W2999903291
https://openalex.org/W3000265765
https://openalex.org/W3003427627
https://openalex.org/W3004939055
https://openalex.org/W3026389015
https://openalex.org/W3063218517
https://openalex.org/W3083513135
https://openalex.org/W3089781516
https://openalex.org/W3107489803
https://openalex.org/W3153710837
https://openalex.org/W3169684150
https://openalex.org/W3177311700
https://openalex.org/W3200853193
https://openalex.org/W3208539154
https://openalex.org/W3209894073
https://openalex.org/W3212444243
https://openalex.org/W4161244
https://openalex.org/W4205682499
https://openalex.org/W4239870108
https://openalex.org/W4240066555
https://openalex.org/W4240193949
https://openalex.org/W4241030954
https://openalex.org/W4241441565
https://openalex.org/W4245441054
https://openalex.org/W4246319261
https://openalex.org/W4253608248
https://openalex.org/W4287239853
https://openalex.org/W4319716231
https://openalex.org/W4393488896
https://openalex.org/W4393685320
https://openalex.org/W4393834796
https://openalex.org/W4395200246
https://openalex.org/W48842214
https://openalex.org/W603393878
https://openalex.org/W655956410
https://openalex.org/W182143969
https://openalex.org/W1966093680
https://openalex.org/W1974848802
https://openalex.org/W2121318034
https://openalex.org/W2200496885
https://openalex.org/W2412165351
https://openalex.org/W2413144948
https://openalex.org/W2414724535
https://openalex.org/W2415707404
https://openalex.org/W2423364483
https://openalex.org/W2425363236
https://openalex.org/W2471106897
https://openalex.org/W2727575264
https://openalex.org/W2777984228
https://openalex.org/W3025083373
https://openalex.org/W3036945308
https://openalex.org/W4392262669
https://openalex.org/W114233515
https://openalex.org/W136446980
https://openalex.org/W1486822435
https://openalex.org/W1492799096
https://openalex.org/W1522548863
https://openalex.org/W1526618222
https://openalex.org/W1557720343
https://openalex.org/W1585241883
https://openalex.org/W1603101565
https://openalex.org/W1775817980
https://openalex.org/W2002481399
https://openalex.org/W2030430070
https://openalex.org/W2107015617
https://openalex.org/W2114011883
https://openalex.org/W2156634539
https://openalex.org/W2186675113
https://openalex.org/W2248910748
https://openalex.org/W2315752100
https://openalex.org/W2324449624
https://openalex.org/W2344855023
https://openalex.org/W2377175806
https://openalex.org/W2405022586
https://openalex.org/W2407924144
https://openalex.org/W2409867923
https://openalex.org/W2412914071
https://openalex.org/W2414792415
https://openalex.org/W2417535787
https://openalex.org/W2418668966
https://openalex.org/W2419026886
https://openalex.org/W2468739793
https://openalex.org/W2489587690
https://openalex.org/W2529925268
https://openalex.org/W2571067609
https://openalex.org/W2589327264
https://openalex.org/W2596164247
https://openalex.org/W2610748148
https://openalex.org/W2612230828
https://openalex.org/W2614310646
https://openalex.org/W2614837936
https://openalex.org/W2615005597
https://openalex.org/W263125296
https://openalex.org/W2667343926
https://openalex.org/W279680226
https://openalex.org/W2801587960
https://openalex.org/W2802862825
https://openalex.org/W2914360884
https://openalex.org/W2916410761
https://openalex.org/W3014403443
https://openalex.org/W3014859949
https://openalex.org/W3016710435
https://openalex.org/W3022191374
https://openalex.org/W3022600853
https://openalex.org/W3023374875
https://openalex.org/W3023888981
https://openalex.org/W3024433505
https://openalex.org/W3025740455
https://openalex.org/W3026211451
https://openalex.org/W3026471115
https://openalex.org/W3026830840
https://openalex.org/W3027519479
https://openalex.org/W3027764048
https://openalex.org/W3028240802
https://openalex.org/W3030358053
https://openalex.org/W3031323052
https://openalex.org/W3033017943
https://openalex.org/W3033928133
https://openalex.org/W3033967731
https://openalex.org/W3043785380
https://openalex.org/W3044481825
https://openalex.org/W3047394357
https://openalex.org/W3079395784
https://openalex.org/W3080290762
https://openalex.org/W3081902492
https://openalex.org/W3082311937
https://openalex.org/W3082377888
https://openalex.org/W3083682703
https://openalex.org/W3084437405
https://openalex.org/W3089169007
https://openalex.org/W3090091021
https://openalex.org/W3093713852
https://openalex.org/W3093988224
https://openalex.org/W3094519403
https://openalex.org/W3103078688
https://openalex.org/W3103122906
https://openalex.org/W3109168550
https://openalex.org/W3110028250
https://openalex.org/W3111239354
https://openalex.org/W3114892272
https://openalex.org/W3129683637
https://openalex.org/W31352866
https://openalex.org/W3175379080
https://openalex.org/W3184108466
https://openalex.org/W3194891013
https://openalex.org/W3205111403
https://openalex.org/W3208200929
https://openalex.org/W3210204707
https://openalex.org/W3214689553
https://openalex.org/W4232096077
https://openalex.org/W4232321416
https://openalex.org/W4236744309
https://openalex.org/W4239755633
https://openalex.org/W4244975113
https://openalex.org/W4246737813
https://openalex.org/W4253641946
https://openalex.org/W4253824618
https://openalex.org/W4255344534
https://openalex.org/W4364387950
https://openalex.org/W4388790553
https://openalex.org/W5021135
https://openalex.org/W97338629
https://openalex.org/W206696368
https://openalex.org/W2151663155
https://openalex.org/W2285715910
https://openalex.org/W2407482987
https://openalex.org/W36346469
https://openalex.org/W4234426482
https://openalex.org/W1552327884
https://openalex.org/W1942429137
https://openalex.org/W1988058605
https://openalex.org/W2011717381
https://openalex.org/W2097621698
https://openalex.org/W2365979323
https://openalex.org/W2399068684
https://openalex.org/W2407761000
https://openalex.org/W2409063619
https://openalex.org/W2417174729
https://openalex.org/W2425593309
https://openalex.org/W2950533240
https://openalex.org/W2953267499
https://openalex.org/W3134067211
https://openalex.org/W3137800503
https://openalex.org/W3191609122
https://openalex.org/W4243375173
https://openalex.org/W4247168251
https://openalex.org/W81283044
https://openalex.org/W1965143777
https://openalex.org/W1986921263
https://openalex.org/W1987991567
https://openalex.org/W2027924563
https://openalex.org/W2275935469
https://openalex.org/W2276707083
https://openalex.org/W2298794387
https://openalex.org/W2302227903
https://openalex.org/W2367850479
https://openalex.org/W2396875818
https://openalex.org/W2413380254
https://openalex.org/W2414068828
https://openalex.org/W2588049341
https://openalex.org/W2801848941
https://openalex.org/W2984817744
https://openalex.org/W3116474886
https://openalex.org/W3119732897
https://openalex.org/W3119942291
https://openalex.org/W3122255357
https://openalex.org/W3134806452
https://openalex.org/W3139509503
https://openalex.org/W3142990138
https://openalex.org/W3154872574
https://openalex.org/W3157213176
https://openalex.org/W3158665216
https://openalex.org/W3161980116
https://openalex.org/W3162543372
https://openalex.org/W3162787674
https://openalex.org/W3163581478
https://openalex.org/W3164471710
https://openalex.org/W3169224768
https://openalex.org/W3173182588
https://openalex.org/W3176322423
https://openalex.org/W3177012348
https://openalex.org/W3180497637
https://openalex.org/W3181877475
https://openalex.org/W3186319881
https://openalex.org/W3186828207
https://openalex.org/W3189713056
https://openalex.org/W3191647582
https://openalex.org/W3191943265
https://openalex.org/W3193397073
https://openalex.org/W3196667174
https://openalex.org/W3200595714
https://openalex.org/W3201153603
https://openalex.org/W3201584022
https://openalex.org/W3203286009
https://openalex.org/W3209483222
https://openalex.org/W3209625410
https://openalex.org/W3209632491
https://openalex.org/W3210001915
https://openalex.org/W3210738300
https://openalex.org/W3210823833
https://openalex.org/W3213054137
https://openalex.org/W3214609126
https://openalex.org/W3215577295
https://openalex.org/W3216205475
https://openalex.org/W3216702273
https://openalex.org/W3216928960
https://openalex.org/W4200399091
https://openalex.org/W4200617682
https://openalex.org/W4206014044
https://openalex.org/W4206175040
https://openalex.org/W4206224845
https://openalex.org/W4206335747
https://openalex.org/W4211235276
https://openalex.org/W4213068193
https://openalex.org/W4226269915
https://openalex.org/W4230535011
https://openalex.org/W4237655884
https://openalex.org/W4242041778
https://openalex.org/W4286926668
https://openalex.org/W4312973839
https://openalex.org/W4390529491
https://openalex.org/W4394464834
https://openalex.org/W4395196861
https://openalex.org/W581378141
https://openalex.org/W1603422040
https://openalex.org/W1999911145
https://openalex.org/W2007856221
https://openalex.org/W2048781474
https://openalex.org/W2089895717
https://openalex.org/W2094554565
https://openalex.org/W2129266294
https://openalex.org/W2188609627
https://openalex.org/W2256453349
https://openalex.org/W2299736543
https://openalex.org/W2363720782
https://openalex.org/W2382876929
https://openalex.org/W2400689015
https://openalex.org/W2410301966
https://openalex.org/W2411973654
https://openalex.org/W2413168113
https://openalex.org/W2413724501
https://openalex.org/W2413926154
https://openalex.org/W2414919823
https://openalex.org/W2438933894
https://openalex.org/W2589702431
https://openalex.org/W2602194209
https://openalex.org/W2762106556
https://openalex.org/W3200784322
https://openalex.org/W4232622575
https://openalex.org/W4240299699
https://openalex.org/W4256526825
https://openalex.org/W9823514
https://openalex.org/W1976063635
https://openalex.org/W2438794008
https://openalex.org/W2993195000
https://openalex.org/W114288064
https://openalex.org/W1598112197
https://openalex.org/W1762747958
https://openalex.org/W1996481652
https://openalex.org/W1999369030
https://openalex.org/W2030538000
https://openalex.org/W2040062749
https://openalex.org/W2057538360
https://openalex.org/W2064484370
https://openalex.org/W2079460541
https://openalex.org/W2090544202
https://openalex.org/W2146083292
https://openalex.org/W2185020433
https://openalex.org/W2253607351
https://openalex.org/W2326237302
https://openalex.org/W2385728675
https://openalex.org/W2405925711
https://openalex.org/W2415966122
https://openalex.org/W2416467340
https://openalex.org/W2416979731
https://openalex.org/W2417952195
https://openalex.org/W2418218622
https://openalex.org/W2419667408
https://openalex.org/W2463602247
https://openalex.org/W2554214829
https://openalex.org/W2570549020
https://openalex.org/W2616291896
https://openalex.org/W2792301390
https://openalex.org/W2900517379
https://openalex.org/W2913644114
https://openalex.org/W3163959312
https://openalex.org/W579947070
https://openalex.org/W150294092
https://openalex.org/W157646193
https://openalex.org/W1988111307
https://openalex.org/W2021444178
https://openalex.org/W2026596720
https://openalex.org/W2041943164
https://openalex.org/W2049854111
https://openalex.org/W2059423470
https://openalex.org/W2064334282
https://openalex.org/W2314878672
https://openalex.org/W2319257917
https://openalex.org/W2319609234
https://openalex.org/W2321055418
https://openalex.org/W2327374994
https://openalex.org/W2327552933
https://openalex.org/W2329379896
https://openalex.org/W2330241163
https://openalex.org/W2403055640
https://openalex.org/W2406881448
https://openalex.org/W2407685571
https://openalex.org/W2410521998
https://openalex.org/W2411377173
https://openalex.org/W2412448365
https://openalex.org/W2414511491
https://openalex.org/W2415449257
https://openalex.org/W2416365281
https://openalex.org/W2418079856
https://openalex.org/W2418839348
https://openalex.org/W2418941696
https://openalex.org/W2422684770
https://openalex.org/W2428534152
https://openalex.org/W2432288157
https://openalex.org/W2462178912
https://openalex.org/W2465762802
https://openalex.org/W2469874375
https://openalex.org/W2475110615
https://openalex.org/W2517559499
https://openalex.org/W2614570464
https://openalex.org/W2724418959
https://openalex.org/W2776608645
https://openalex.org/W2800235858
https://openalex.org/W3123048558
https://openalex.org/W39405439
https://openalex.org/W4238179128
https://openalex.org/W74412732
https://openalex.org/W143628866
https://openalex.org/W1507904689
https://openalex.org/W1740323547
https://openalex.org/W1968182682
https://openalex.org/W1998155820
https://openalex.org/W2024070983
https://openalex.org/W2029090219
https://openalex.org/W2037294039
https://openalex.org/W2069299719
https://openalex.org/W2069888994
https://openalex.org/W2082239174
https://openalex.org/W2084074538
https://openalex.org/W2219332605
https://openalex.org/W2237566652
https://openalex.org/W2259055079
https://openalex.org/W2277708987
https://openalex.org/W2345660868
https://openalex.org/W2397225832
https://openalex.org/W2397943067
https://openalex.org/W2398941042
https://openalex.org/W2404293972
https://openalex.org/W2408316693
https://openalex.org/W2409624611
https://openalex.org/W2410457599
https://openalex.org/W2410739514
https://openalex.org/W2412042428
https://openalex.org/W2412789399
https://openalex.org/W2414170985
https://openalex.org/W2414215313
https://openalex.org/W2416530169
https://openalex.org/W2417354551
https://openalex.org/W2424447715
https://openalex.org/W2430145858
https://openalex.org/W2431035323
https://openalex.org/W2438624662
https://openalex.org/W2464383255
https://openalex.org/W2469153576
https://openalex.org/W2471955031
https://openalex.org/W2474539608
https://openalex.org/W282568983
https://openalex.org/W2971553253
https://openalex.org/W3010614051
https://openalex.org/W3023767600
https://openalex.org/W306611663
https://openalex.org/W3123947850
https://openalex.org/W4243651827
https://openalex.org/W4251469048
https://openalex.org/W4298158625
https://openalex.org/W4302384738
https://openalex.org/W430726593
https://openalex.org/W4390566645
https://openalex.org/W71353472
https://openalex.org/W134871358
https://openalex.org/W1526402724
https://openalex.org/W1672808101
https://openalex.org/W18946173
https://openalex.org/W1970587140
https://openalex.org/W1980783125
https://openalex.org/W2006639278
https://openalex.org/W2007538456
https://openalex.org/W2012391521
https://openalex.org/W2016759009
https://openalex.org/W2053470240
https://openalex.org/W2125075043
https://openalex.org/W2173490050
https://openalex.org/W2237513202
https://openalex.org/W2286613782
https://openalex.org/W2312566191
https://openalex.org/W2327756089
https://openalex.org/W2331890065
https://openalex.org/W2383641109
https://openalex.org/W2395174514
https://openalex.org/W2400320728
https://openalex.org/W2405376376
https://openalex.org/W2405677369
https://openalex.org/W2407432580
https://openalex.org/W2410160096
https://openalex.org/W2411595689
https://openalex.org/W2417268719
https://openalex.org/W2417554320
https://openalex.org/W2418884437
https://openalex.org/W2421497300
https://openalex.org/W2461769229
https://openalex.org/W2462284104
https://openalex.org/W2469594404
https://openalex.org/W2471468351
https://openalex.org/W2497431022
https://openalex.org/W2575068034
https://openalex.org/W2583346985
https://openalex.org/W2768468179
https://openalex.org/W2802975874
https://openalex.org/W2915614459
https://openalex.org/W2969741651
https://openalex.org/W3004282014
https://openalex.org/W3030729573
https://openalex.org/W3033551982
https://openalex.org/W3033600080
https://openalex.org/W3096412005
https://openalex.org/W3106596314
https://openalex.org/W3106737940
https://openalex.org/W3107228115
https://openalex.org/W3107727737
https://openalex.org/W3110074213
https://openalex.org/W3110772519
https://openalex.org/W3111644769
https://openalex.org/W3111938059
https://openalex.org/W3112018188
https://openalex.org/W3118528678
https://openalex.org/W3119509570
https://openalex.org/W3119900444
https://openalex.org/W3121564398
https://openalex.org/W3123456308
https://openalex.org/W3155551391
https://openalex.org/W3155863233
https://openalex.org/W3158435619
https://openalex.org/W3199618152
https://openalex.org/W340038464
https://openalex.org/W358027083
https://openalex.org/W413323440
https://openalex.org/W4301360840
https://openalex.org/W46469559
https://openalex.org/W578499489
https://openalex.org/W2048305477
https://openalex.org/W2142368474
https://openalex.org/W2910737538
https://openalex.org/W2170214771
https://openalex.org/W2011146811
https://openalex.org/W2159011919
https://openalex.org/W1974640915
https://openalex.org/W2053807215
https://openalex.org/W2144322780
https://openalex.org/W2921053578
https://openalex.org/W2099015738
https://openalex.org/W2041134111
https://openalex.org/W2114199165
https://openalex.org/W2557184605
https://openalex.org/W2157387187
https://openalex.org/W2090360086
https://openalex.org/W2113063440
https://openalex.org/W2521854653
https://openalex.org/W2144331646
https://openalex.org/W2573899674
https://openalex.org/W2151989390
https://openalex.org/W2022777558
https://openalex.org/W2113743121
https://openalex.org/W2143860449
https://openalex.org/W1921522108
https://openalex.org/W2102803142
https://openalex.org/W3197328793
https://openalex.org/W2111444437
https://openalex.org/W2791793571
https://openalex.org/W2462792485
https://openalex.org/W3034022385
https://openalex.org/W3128829816
https://openalex.org/W3160476106
https://openalex.org/W4387563884
https://openalex.org/W1656928430
https://openalex.org/W4236586423
https://openalex.org/W2056920319
https://openalex.org/W2117524604
https://openalex.org/W1988167564
https://openalex.org/W2147639753
https://openalex.org/W2092107907
https://openalex.org/W2087016879
https://openalex.org/W2075087088
https://openalex.org/W2116330177
https://openalex.org/W2092152053
https://openalex.org/W2055592068
https://openalex.org/W2168611559
https://openalex.org/W2091263049
https://openalex.org/W2135450144
https://openalex.org/W2138220104
https://openalex.org/W2076420199
https://openalex.org/W1994013901
https://openalex.org/W2111783957
https://openalex.org/W2009221410
https://openalex.org/W1971859851
https://openalex.org/W2111371475
https://openalex.org/W2062732602
https://openalex.org/W4249254923
https://openalex.org/W1977018102
https://openalex.org/W2029954340
https://openalex.org/W2050560348
https://openalex.org/W2051868844
https://openalex.org/W2085882361
https://openalex.org/W1990945329
https://openalex.org/W95623138
https://openalex.org/W2154314990
https://openalex.org/W2122085015
https://openalex.org/W2116410045
https://openalex.org/W1537962102
https://openalex.org/W2104446117
https://openalex.org/W2080059234
https://openalex.org/W2088404888
https://openalex.org/W2128744809
https://openalex.org/W2113054865
https://openalex.org/W2159790848
https://openalex.org/W2027107569
https://openalex.org/W2067404934
https://openalex.org/W2087450488
https://openalex.org/W2153811538
https://openalex.org/W2403974914
https://openalex.org/W2030453091
https://openalex.org/W2076645100
https://openalex.org/W2026292627
https://openalex.org/W1904209158
https://openalex.org/W2012276805
https://openalex.org/W4233785233
https://openalex.org/W2117107411
https://openalex.org/W2512973801
https://openalex.org/W2770116287
https://openalex.org/W2159915268
https://openalex.org/W2100157168
https://openalex.org/W2980819145
https://openalex.org/W2040847714
https://openalex.org/W2108437215
https://openalex.org/W2155524816
https://openalex.org/W3143983931
https://openalex.org/W2134877860
https://openalex.org/W1989739302
https://openalex.org/W2581206612
https://openalex.org/W2224592948
https://openalex.org/W2916563848
https://openalex.org/W3039939499
https://openalex.org/W2090036750
https://openalex.org/W2098380920
https://openalex.org/W2768863452
https://openalex.org/W3028326779
https://openalex.org/W2164555317
https://openalex.org/W2932715234
https://openalex.org/W1981164170
https://openalex.org/W3000654261
https://openalex.org/W2911294518
https://openalex.org/W2963804573
https://openalex.org/W3042364261
https://openalex.org/W3080403124
https://openalex.org/W3155302493
https://openalex.org/W4313482854
https://openalex.org/W4360619239
https://openalex.org/W4388523881
https://openalex.org/W2014232335
https://openalex.org/W2113028019
https://openalex.org/W1988633934
https://openalex.org/W2222470382
https://openalex.org/W1784311570
https://openalex.org/W2088393981
https://openalex.org/W2032941011
https://openalex.org/W1996412037
https://openalex.org/W42979965
https://openalex.org/W2059800402
https://openalex.org/W4255669647
https://openalex.org/W2061198334
https://openalex.org/W2001674723
https://openalex.org/W2154477609
https://openalex.org/W2147226685
https://openalex.org/W2032503839
https://openalex.org/W2019113684
https://openalex.org/W1977160749
https://openalex.org/W4230781627
https://openalex.org/W2011336058
https://openalex.org/W2089128121
https://openalex.org/W2071048639
https://openalex.org/W2090998916
https://openalex.org/W1969573932
https://openalex.org/W1990892851
https://openalex.org/W2025644108
https://openalex.org/W1970870442
https://openalex.org/W2029100910
https://openalex.org/W2054279673
https://openalex.org/W1996373371
https://openalex.org/W2101126087
https://openalex.org/W2105662962
https://openalex.org/W1984127343
https://openalex.org/W2055146723
https://openalex.org/W323514491
https://openalex.org/W2159056323
https://openalex.org/W2072503065
https://openalex.org/W2101439919
https://openalex.org/W2139879939
https://openalex.org/W1967198288
https://openalex.org/W1484873854
https://openalex.org/W2052231225
https://openalex.org/W2056578843
https://openalex.org/W2156012869
https://openalex.org/W2003769907
https://openalex.org/W2164533521
https://openalex.org/W2077845711
https://openalex.org/W1963575973
https://openalex.org/W2002340857
https://openalex.org/W2022192668
https://openalex.org/W2067202475
https://openalex.org/W2084761705
https://openalex.org/W2054097320
https://openalex.org/W2161655407
https://openalex.org/W1964727939
https://openalex.org/W2001906533
https://openalex.org/W2005102765
https://openalex.org/W2044000445
https://openalex.org/W2038560260
https://openalex.org/W1973006593
https://openalex.org/W2065001537
https://openalex.org/W2081242900
https://openalex.org/W2066445249
https://openalex.org/W1778049949
https://openalex.org/W1969485404
https://openalex.org/W2010745040
https://openalex.org/W2163697846
https://openalex.org/W2018125958
https://openalex.org/W2896526246
https://openalex.org/W1991483627
https://openalex.org/W2605809783
https://openalex.org/W2192021939
https://openalex.org/W2771222777
https://openalex.org/W2134964957
https://openalex.org/W2894290035
https://openalex.org/W2350539200
https://openalex.org/W2791886147
https://openalex.org/W2279809037
https://openalex.org/W2726890586
https://openalex.org/W3048177327
https://openalex.org/W2776943698
https://openalex.org/W2895004300
https://openalex.org/W2986287556
https://openalex.org/W2951358175
https://openalex.org/W3033348409
https://openalex.org/W3138631797
https://openalex.org/W3162055979
https://openalex.org/W3207846361
https://openalex.org/W4210628676
https://openalex.org/W4283757259
https://openalex.org/W4200230567
https://openalex.org/W4313594081
https://openalex.org/W4380047612
https://openalex.org/W4389265115
https://openalex.org/W4391070400
https://openalex.org/W4391251857
https://openalex.org/W4392356823
https://openalex.org/W4392380532
https://openalex.org/W2054892333
https://openalex.org/W2038294518
https://openalex.org/W1962330954
https://openalex.org/W2122404551
https://openalex.org/W1965457232
https://openalex.org/W2033479191
https://openalex.org/W2050757145
https://openalex.org/W2100717919
https://openalex.org/W2129936913
https://openalex.org/W1992773742
https://openalex.org/W2060154009
https://openalex.org/W2062489145
https://openalex.org/W2327187346
https://openalex.org/W2067131992
https://openalex.org/W2048491908
https://openalex.org/W4237069736
https://openalex.org/W4242308760
https://openalex.org/W10281780
https://openalex.org/W2145065070
https://openalex.org/W1983386144
https://openalex.org/W2034442466
https://openalex.org/W1983768961
https://openalex.org/W2022030438
https://openalex.org/W2006285751
https://openalex.org/W2026266146
https://openalex.org/W2416736183
https://openalex.org/W2949853280
https://openalex.org/W1988141599
https://openalex.org/W2010275126
https://openalex.org/W2152097023
https://openalex.org/W1491197250
https://openalex.org/W2134661296
https://openalex.org/W2009372064
https://openalex.org/W2047400607
https://openalex.org/W2111897479
https://openalex.org/W2140194841
https://openalex.org/W2021609429
https://openalex.org/W2000309242
https://openalex.org/W2051773495
https://openalex.org/W2024558090
https://openalex.org/W1993831080
https://openalex.org/W2107950861
https://openalex.org/W2055285843
https://openalex.org/W2057448446
https://openalex.org/W2152078740
https://openalex.org/W2124496099
https://openalex.org/W2123216025
https://openalex.org/W2014309308
https://openalex.org/W2770109464
https://openalex.org/W827079712
https://openalex.org/W1991115754
https://openalex.org/W2039914858
https://openalex.org/W2565988616
https://openalex.org/W2061272743
https://openalex.org/W2547463393
https://openalex.org/W2010881716
https://openalex.org/W2298454109
https://openalex.org/W2576212949
https://openalex.org/W2664513151
https://openalex.org/W2898235217
https://openalex.org/W2886638453
https://openalex.org/W2941437674
https://openalex.org/W2962999232
https://openalex.org/W3025324418
https://openalex.org/W2892979128
https://openalex.org/W3034783326
https://openalex.org/W3012127776
https://openalex.org/W3015773696
https://openalex.org/W3111815842
https://openalex.org/W3092212450
https://openalex.org/W3205301142
https://openalex.org/W3196961955
https://openalex.org/W3081614198
https://openalex.org/W3120283857
https://openalex.org/W4226279019
https://openalex.org/W3091899566
https://openalex.org/W4224653655
https://openalex.org/W4221138045
https://openalex.org/W4289335893
https://openalex.org/W4307934765
https://openalex.org/W4315927645
https://openalex.org/W4316034886
https://openalex.org/W4382603041
https://openalex.org/W4309436806
https://openalex.org/W4313453730
https://openalex.org/W4319061758
https://openalex.org/W2095064953
https://openalex.org/W1988883719
https://openalex.org/W2127817291
https://openalex.org/W2004730246
https://openalex.org/W2131253204
https://openalex.org/W1972988980
https://openalex.org/W2017347739
https://openalex.org/W2148317461
https://openalex.org/W1973302877
https://openalex.org/W2041075997
https://openalex.org/W2145335300
https://openalex.org/W2045392136
https://openalex.org/W2079695370
https://openalex.org/W1963634766
https://openalex.org/W2058248265
https://openalex.org/W2107919199
https://openalex.org/W1996236285
https://openalex.org/W2114622593
https://openalex.org/W2202300117
https://openalex.org/W1981760366
https://openalex.org/W1520602040
https://openalex.org/W2155287512
https://openalex.org/W2045653438
https://openalex.org/W1588704793
https://openalex.org/W2011671086
https://openalex.org/W1994732749
https://openalex.org/W1997427005
https://openalex.org/W2095848269
https://openalex.org/W1986161305
https://openalex.org/W1964662263
https://openalex.org/W1977751661
https://openalex.org/W3168722539
https://openalex.org/W2026919772
https://openalex.org/W2049907515
https://openalex.org/W2167567520
https://openalex.org/W2119262278
https://openalex.org/W2109345325
https://openalex.org/W2004271490
https://openalex.org/W2073080330
https://openalex.org/W1982406453
https://openalex.org/W2087767745
https://openalex.org/W2132785965
https://openalex.org/W1973269056
https://openalex.org/W2080719619
https://openalex.org/W1992155224
https://openalex.org/W2020325784
https://openalex.org/W2316933014
https://openalex.org/W1928967941
https://openalex.org/W2616940800
https://openalex.org/W2002522571
https://openalex.org/W2594291287
https://openalex.org/W2806381344
https://openalex.org/W2610693869
https://openalex.org/W2953277205
https://openalex.org/W2342749481
https://openalex.org/W2515990905
https://openalex.org/W2904358426
https://openalex.org/W2950143547
https://openalex.org/W2980723808
https://openalex.org/W2969562216
https://openalex.org/W2950549206
https://openalex.org/W2994758183
https://openalex.org/W3009175371
https://openalex.org/W2999235952
https://openalex.org/W3158388795
https://openalex.org/W3048446355
https://openalex.org/W4200369354
https://openalex.org/W4213104667
https://openalex.org/W4214817079
https://openalex.org/W4292264889
https://openalex.org/W4200447216
https://openalex.org/W4295074074
https://openalex.org/W4307176793
https://openalex.org/W4320038804
https://openalex.org/W4376132667
https://openalex.org/W4380291049
https://openalex.org/W4382182431
https://openalex.org/W4382243576
https://openalex.org/W2015902699
https://openalex.org/W2040573196
https://openalex.org/W2113842206
https://openalex.org/W1972428810
https://openalex.org/W2086831181
https://openalex.org/W2107095782
https://openalex.org/W2335218128
https://openalex.org/W2013930083
https://openalex.org/W1858858177
https://openalex.org/W2089628132
https://openalex.org/W2163446216
https://openalex.org/W1737944032
https://openalex.org/W2081825726
https://openalex.org/W2162140040
https://openalex.org/W2114117853
https://openalex.org/W2170668224
https://openalex.org/W2007773342
https://openalex.org/W2084682757
https://openalex.org/W1977770606
https://openalex.org/W2049946153
https://openalex.org/W2062798609
https://openalex.org/W2021681683
https://openalex.org/W2025104451
https://openalex.org/W2058286897
https://openalex.org/W2081279112
https://openalex.org/W2115376598
https://openalex.org/W2066566815
https://openalex.org/W1970529946
https://openalex.org/W2069053220
https://openalex.org/W2034489048
https://openalex.org/W1585078959
https://openalex.org/W2064464153
https://openalex.org/W2121232799
https://openalex.org/W2135172942
https://openalex.org/W2149973717
https://openalex.org/W2155055442
https://openalex.org/W2012820727
https://openalex.org/W2123581122
https://openalex.org/W1574788898
https://openalex.org/W1951173182
https://openalex.org/W2000029832
https://openalex.org/W2149999139
https://openalex.org/W2015961726
https://openalex.org/W2097048082
https://openalex.org/W2138095669
https://openalex.org/W2172218266
https://openalex.org/W1976790006
https://openalex.org/W2067940852
https://openalex.org/W2181756340
https://openalex.org/W2583584752
https://openalex.org/W1512071667
https://openalex.org/W2168804442
https://openalex.org/W2223952983
https://openalex.org/W2488237658
https://openalex.org/W2608409821
https://openalex.org/W2786909057
https://openalex.org/W2886671490
https://openalex.org/W2076761129
https://openalex.org/W2290375419
https://openalex.org/W2524048402
https://openalex.org/W2589042701
https://openalex.org/W2777749925
https://openalex.org/W2805609290
https://openalex.org/W2914124965
https://openalex.org/W2922443154
https://openalex.org/W2905553671
https://openalex.org/W2915524427
https://openalex.org/W2943913586
https://openalex.org/W2956173586
https://openalex.org/W2989063316
https://openalex.org/W3119787773
https://openalex.org/W3134074557
https://openalex.org/W3160613755
https://openalex.org/W3206636652
https://openalex.org/W4220959383
https://openalex.org/W4297348465
https://openalex.org/W4313570773
https://openalex.org/W4319958356
https://openalex.org/W4378782043
https://openalex.org/W2127489583
https://openalex.org/W2158098197
https://openalex.org/W1499969810
https://openalex.org/W2071018821
https://openalex.org/W2018239076
https://openalex.org/W2149146216
https://openalex.org/W1981743823
https://openalex.org/W2054224219
https://openalex.org/W2128249506
https://openalex.org/W4238225560
https://openalex.org/W2093355387
https://openalex.org/W2034180515
https://openalex.org/W2055828849
https://openalex.org/W2080956424
https://openalex.org/W2139889546
https://openalex.org/W2147402003
https://openalex.org/W2151693996
https://openalex.org/W1991512313
https://openalex.org/W2009768329
https://openalex.org/W2076958655
https://openalex.org/W2031184198
https://openalex.org/W1984833734
https://openalex.org/W2008438628
https://openalex.org/W2081283119
https://openalex.org/W1943791902
https://openalex.org/W2145544241
https://openalex.org/W2128113874
https://openalex.org/W1980274432
https://openalex.org/W2055873134
https://openalex.org/W2082879920
https://openalex.org/W2030515762
https://openalex.org/W2019542843
https://openalex.org/W2043622872
https://openalex.org/W1993759825
https://openalex.org/W2005154002
https://openalex.org/W2324102751
https://openalex.org/W2556510606
https://openalex.org/W2468504792
https://openalex.org/W2562224162
https://openalex.org/W2790630607
https://openalex.org/W2103317105
https://openalex.org/W2268801575
https://openalex.org/W2492971939
https://openalex.org/W2785267306
https://openalex.org/W2891759704
https://openalex.org/W2262724135
https://openalex.org/W2569690568
https://openalex.org/W2801706558
https://openalex.org/W2904933400
https://openalex.org/W2930229979
https://openalex.org/W2976428661
https://openalex.org/W3090890527
https://openalex.org/W3112860936
https://openalex.org/W3109272883
https://openalex.org/W3119780049
https://openalex.org/W3199359166
https://openalex.org/W4214541105
https://openalex.org/W4225870636
https://openalex.org/W4285795110
https://openalex.org/W4295979485
https://openalex.org/W4307405855
https://openalex.org/W4309339220
https://openalex.org/W4312614783
https://openalex.org/W4205320136
https://openalex.org/W4223450106
https://openalex.org/W4280510506
https://openalex.org/W4306252520
https://openalex.org/W4327742968
https://openalex.org/W1984328080
https://openalex.org/W2115597717
https://openalex.org/W2028588809
https://openalex.org/W1961850939
https://openalex.org/W2054696470
https://openalex.org/W2102786418
https://openalex.org/W1983142849
https://openalex.org/W2126807275
https://openalex.org/W2263764208
https://openalex.org/W2142811095
https://openalex.org/W1978791604
https://openalex.org/W2098128087
https://openalex.org/W1994986237
https://openalex.org/W2075970733
https://openalex.org/W2048940685
https://openalex.org/W1866667399
https://openalex.org/W1606651212
https://openalex.org/W191369879
https://openalex.org/W2000569090
https://openalex.org/W2058674629
https://openalex.org/W2550787877
https://openalex.org/W1968711660
https://openalex.org/W2055464789
https://openalex.org/W2005150536
https://openalex.org/W2147679224
https://openalex.org/W1481166780
https://openalex.org/W2085995748
https://openalex.org/W2055298183
https://openalex.org/W2058559097
https://openalex.org/W1977702891
https://openalex.org/W2118015135
https://openalex.org/W2542100374
https://openalex.org/W2611689620
https://openalex.org/W2288494694
https://openalex.org/W2950590924
https://openalex.org/W2327002288
https://openalex.org/W2696402305
https://openalex.org/W2805295219
https://openalex.org/W2412266927
https://openalex.org/W2781880236
https://openalex.org/W2899778367
https://openalex.org/W2971361545
https://openalex.org/W4206741972
https://openalex.org/W2942776083
https://openalex.org/W2985891182
https://openalex.org/W3012479200
https://openalex.org/W3038316659
https://openalex.org/W3096801826
https://openalex.org/W3198644357
https://openalex.org/W3203199226
https://openalex.org/W4210409374
https://openalex.org/W4212857895
https://openalex.org/W4225117620
https://openalex.org/W4386161338
https://openalex.org/W4386950491
https://openalex.org/W4387167931
https://openalex.org/W4388688923
https://openalex.org/W4390754817
https://openalex.org/W4390759347
https://openalex.org/W4390973456
https://openalex.org/W4390976954
https://openalex.org/W4391166992
https://openalex.org/W4391172152
https://openalex.org/W4391289193
https://openalex.org/W4391317423
https://openalex.org/W4391481960
https://openalex.org/W4391543918
https://openalex.org/W4391738661
https://openalex.org/W4391799730
https://openalex.org/W4391824652
https://openalex.org/W4391996232
https://openalex.org/W4392235321
https://openalex.org/W4392385993
https://openalex.org/W4392399199
https://openalex.org/W4392462096
https://openalex.org/W4392672605
https://openalex.org/W4392743219
https://openalex.org/W4392747968
https://openalex.org/W4392782806
https://openalex.org/W4392940054
https://openalex.org/W4393034069
https://openalex.org/W4393093274
https://openalex.org/W4393096548
https://openalex.org/W4393164102
https://openalex.org/W4393167183
https://openalex.org/W4393409463
https://openalex.org/W4393850862
https://openalex.org/W4393928567
https://openalex.org/W4394013356
https://openalex.org/W4394585806
https://openalex.org/W4394719166
https://openalex.org/W4394720036
https://openalex.org/W4394761891
https://openalex.org/W4394850677
https://openalex.org/W4395091004
https://openalex.org/W4395960666
https://openalex.org/W4396555892
https://openalex.org/W4396556120
https://openalex.org/W4396559950
https://openalex.org/W4396573558
https://openalex.org/W4396577348
https://openalex.org/W1975491850
https://openalex.org/W1986224259
https://openalex.org/W1988175692
https://openalex.org/W1998102124
https://openalex.org/W2009092227
https://openalex.org/W4234933895
https://openalex.org/W2037143211
https://openalex.org/W1980680728
https://openalex.org/W2040321722
https://openalex.org/W2046128607
https://openalex.org/W2087341320
https://openalex.org/W2162781372
https://openalex.org/W2170076671
https://openalex.org/W1985549924
https://openalex.org/W2092994437
https://openalex.org/W2089558545
https://openalex.org/W1991631231
https://openalex.org/W2153272942
https://openalex.org/W1996280413
https://openalex.org/W41912390
https://openalex.org/W2131046869
https://openalex.org/W205058513
https://openalex.org/W2078486441
https://openalex.org/W130556359
https://openalex.org/W2008397155
https://openalex.org/W2037662016
https://openalex.org/W2109029910
https://openalex.org/W2127072581
https://openalex.org/W2072204695
https://openalex.org/W2093815013
https://openalex.org/W2314913876
https://openalex.org/W2730473587
https://openalex.org/W1980382973
https://openalex.org/W2041538435
https://openalex.org/W2059727530
https://openalex.org/W2283099803
https://openalex.org/W2318998232
https://openalex.org/W2528608738
https://openalex.org/W2802898587
https://openalex.org/W1136558425
https://openalex.org/W2056344444
https://openalex.org/W2594494141
https://openalex.org/W2909973874
https://openalex.org/W2947172147
https://openalex.org/W2403435068
https://openalex.org/W2929268976
https://openalex.org/W2965754272
https://openalex.org/W2981395802
https://openalex.org/W3032635874
https://openalex.org/W3128122102
https://openalex.org/W3164668057
https://openalex.org/W4295511709
https://openalex.org/W4308032198
https://openalex.org/W4309503967
https://openalex.org/W4313566463
https://openalex.org/W4319874766
https://openalex.org/W4321496852
https://openalex.org/W4323034709
https://openalex.org/W4324085434
https://openalex.org/W4382055317
https://openalex.org/W4383908706
https://openalex.org/W4385156520
https://openalex.org/W4385568941
https://openalex.org/W4386001695
https://openalex.org/W4386324655
https://openalex.org/W201552647
https://openalex.org/W2216300610
https://openalex.org/W1526111225
https://openalex.org/W2092584794
https://openalex.org/W42226458
https://openalex.org/W2158218712
https://openalex.org/W2952982998
https://openalex.org/W2067951455
https://openalex.org/W2096441504
https://openalex.org/W2169435087
https://openalex.org/W2032765130
https://openalex.org/W2097074370
https://openalex.org/W2096879679
https://openalex.org/W1965800054
https://openalex.org/W2146406748
https://openalex.org/W2034501523
https://openalex.org/W2103416806
https://openalex.org/W2140074156
https://openalex.org/W2144723063
https://openalex.org/W4236090609
https://openalex.org/W2033730907
https://openalex.org/W2074043534
https://openalex.org/W2124957974
https://openalex.org/W1504203282
https://openalex.org/W2051528854
https://openalex.org/W2066525517
https://openalex.org/W2068398874
https://openalex.org/W1985428887
https://openalex.org/W1990406482
https://openalex.org/W2108043882
https://openalex.org/W1968447166
https://openalex.org/W1995652611
https://openalex.org/W2034089030
https://openalex.org/W2035942310
https://openalex.org/W2047697143
https://openalex.org/W2064387179
https://openalex.org/W2072024443
https://openalex.org/W2102242444
https://openalex.org/W2232507136
https://openalex.org/W2619260661
https://openalex.org/W2399932357
https://openalex.org/W2481978185
https://openalex.org/W2771011136
https://openalex.org/W2316740535
https://openalex.org/W2529224524
https://openalex.org/W2901895758
https://openalex.org/W2902155804
https://openalex.org/W3010676249
https://openalex.org/W3081232772
https://openalex.org/W3090781564
https://openalex.org/W3098122342
https://openalex.org/W2969303184
https://openalex.org/W3018868482
https://openalex.org/W3133912380
https://openalex.org/W3213998407
https://openalex.org/W4200098987
https://openalex.org/W4206922956
https://openalex.org/W2079525453
https://openalex.org/W1978269586
https://openalex.org/W1979575984
https://openalex.org/W2050147187
https://openalex.org/W2186818038
https://openalex.org/W1979244297
https://openalex.org/W2013058884
https://openalex.org/W2055324553
https://openalex.org/W2166148944
https://openalex.org/W17697861
https://openalex.org/W1999749171
https://openalex.org/W2951211668
https://openalex.org/W1965953083
https://openalex.org/W2003619107
https://openalex.org/W2020063887
https://openalex.org/W2953341487
https://openalex.org/W1972758881
https://openalex.org/W1979547579
https://openalex.org/W2010052778
https://openalex.org/W2020814406
https://openalex.org/W1972769942
https://openalex.org/W2082586767
https://openalex.org/W1992324305
https://openalex.org/W2049604320
https://openalex.org/W2066050582
https://openalex.org/W2037486988
https://openalex.org/W2064968319
https://openalex.org/W4242035720
https://openalex.org/W2009780746
https://openalex.org/W2081114046
https://openalex.org/W1979020061
https://openalex.org/W2027879026
https://openalex.org/W2320164009
https://openalex.org/W1977721277
https://openalex.org/W2130132133
https://openalex.org/W1991043376
https://openalex.org/W2032711985
https://openalex.org/W2036626095
https://openalex.org/W2044679975
https://openalex.org/W2073309988
https://openalex.org/W2118863210
https://openalex.org/W2195915604
https://openalex.org/W2761987038
https://openalex.org/W2771987496
https://openalex.org/W1963818620
https://openalex.org/W2074706337
https://openalex.org/W2158645747
https://openalex.org/W2192233287
https://openalex.org/W2318204597
https://openalex.org/W2561918106
https://openalex.org/W2741239996
https://openalex.org/W2801263766
https://openalex.org/W2899587631
https://openalex.org/W2933692514
https://openalex.org/W2964325043
https://openalex.org/W2967382145
https://openalex.org/W2977098632
https://openalex.org/W2495722704
https://openalex.org/W2906170376
https://openalex.org/W2913178043
https://openalex.org/W2924848293
https://openalex.org/W2949716162
https://openalex.org/W2952198660
https://openalex.org/W2992980443
https://openalex.org/W2995275229
https://openalex.org/W3176677555
https://openalex.org/W3200225571
https://openalex.org/W4200498452
https://openalex.org/W4205543232
https://openalex.org/W4213286391
https://openalex.org/W1978413648
https://openalex.org/W2126973754
https://openalex.org/W2038435203
https://openalex.org/W2952505572
https://openalex.org/W2021804965
https://openalex.org/W1996209849
https://openalex.org/W1972679467
https://openalex.org/W2015117036
https://openalex.org/W1991875509
https://openalex.org/W1528667647
https://openalex.org/W1973126043
https://openalex.org/W2040453838
https://openalex.org/W2949465974
https://openalex.org/W1992708712
https://openalex.org/W2012195854
https://openalex.org/W2024550048
https://openalex.org/W2103510498
https://openalex.org/W2007161571
https://openalex.org/W2061805114
https://openalex.org/W1981191691
https://openalex.org/W1990286161
https://openalex.org/W2025070120
https://openalex.org/W2413039189
https://openalex.org/W2592631649
https://openalex.org/W2605740341
https://openalex.org/W2735901610
https://openalex.org/W2779504463
https://openalex.org/W2786482691
https://openalex.org/W2076387564
https://openalex.org/W2191821469
https://openalex.org/W2317416360
https://openalex.org/W2339573699
https://openalex.org/W2410245889
https://openalex.org/W271447253
https://openalex.org/W2901587941
https://openalex.org/W3000047993
https://openalex.org/W4300853007
https://openalex.org/W620965819
https://openalex.org/W2334326683
https://openalex.org/W2494833898
https://openalex.org/W2560658087
https://openalex.org/W3047697143
https://openalex.org/W3011384292
https://openalex.org/W3083861229
https://openalex.org/W3093028144
https://openalex.org/W3096488883
https://openalex.org/W3082578302
https://openalex.org/W3107671126
https://openalex.org/W3200870906
https://openalex.org/W1526963379
https://openalex.org/W2078112496
https://openalex.org/W2166730028
https://openalex.org/W1599924272
https://openalex.org/W2026566582
https://openalex.org/W2087433380
https://openalex.org/W2150573845
https://openalex.org/W4235113097
https://openalex.org/W4247598496
https://openalex.org/W1964628471
https://openalex.org/W2005544088
https://openalex.org/W2032058964
https://openalex.org/W2062106872
https://openalex.org/W1964050328
https://openalex.org/W1970753206
https://openalex.org/W1998566756
https://openalex.org/W2067439564
https://openalex.org/W2015027154
https://openalex.org/W2151467206
https://openalex.org/W2156818419
https://openalex.org/W1980054094
https://openalex.org/W2042633123
https://openalex.org/W2086786342
https://openalex.org/W1615505828
https://openalex.org/W1987334111
https://openalex.org/W1987912844
https://openalex.org/W2079155575
https://openalex.org/W2126675439
https://openalex.org/W2052608982
https://openalex.org/W1980392131
https://openalex.org/W2004319212
https://openalex.org/W2087442405
https://openalex.org/W2125635264
https://openalex.org/W2011693206
https://openalex.org/W2037540217
https://openalex.org/W2288245051
https://openalex.org/W2010319183
https://openalex.org/W2036453268
https://openalex.org/W2071860959
https://openalex.org/W119459996
https://openalex.org/W2095657650
https://openalex.org/W2117809976
https://openalex.org/W1828155201
https://openalex.org/W2092654822
https://openalex.org/W2139789792
https://openalex.org/W2179668180
https://openalex.org/W2587569569
https://openalex.org/W2589732394
https://openalex.org/W2604231752
https://openalex.org/W2616078545
https://openalex.org/W2626987651
https://openalex.org/W2783461175
https://openalex.org/W2885601672
https://openalex.org/W2891542466
https://openalex.org/W2900066134
https://openalex.org/W2994689385
https://openalex.org/W1253081875
https://openalex.org/W1988517411
https://openalex.org/W2018352409
https://openalex.org/W2028224876
https://openalex.org/W2083778353
https://openalex.org/W2122495537
https://openalex.org/W2160589034
https://openalex.org/W2178218125
https://openalex.org/W2475116796
https://openalex.org/W2530633404
https://openalex.org/W2547280837
https://openalex.org/W2954174448
https://openalex.org/W2956012004
https://openalex.org/W2969306163
https://openalex.org/W2981791789
https://openalex.org/W4210572449
https://openalex.org/W2999802292
https://openalex.org/W3036839860
https://openalex.org/W3048251634
https://openalex.org/W3189162228
https://openalex.org/W3189399718
https://openalex.org/W3215146682
https://openalex.org/W4200417443
https://openalex.org/W4220680698
https://openalex.org/W4220896697
https://openalex.org/W4283161484
https://openalex.org/W4283513576
https://openalex.org/W4283733850
https://openalex.org/W4285498915
https://openalex.org/W4293081897
https://openalex.org/W4306160420
https://openalex.org/W4310465718
https://openalex.org/W4312439808
https://openalex.org/W4309759311
https://openalex.org/W4311433199
https://openalex.org/W4318499491
https://openalex.org/W4360604278
https://openalex.org/W4361264578
https://openalex.org/W4364351809
https://openalex.org/W4376871345
https://openalex.org/W4380730754
https://openalex.org/W4381679728
https://openalex.org/W4384627142
https://openalex.org/W4385146486
https://openalex.org/W4385795930
https://openalex.org/W4386564732
https://openalex.org/W4386588597
https://openalex.org/W4386865454
https://openalex.org/W4387242148
https://openalex.org/W4387515838
https://openalex.org/W4388869292
https://openalex.org/W4389153248
https://openalex.org/W4389393243
https://openalex.org/W4389628406
https://openalex.org/W4389827622
https://openalex.org/W4390205469
https://openalex.org/W4390342936
https://openalex.org/W2012068461
https://openalex.org/W1928455160
https://openalex.org/W1964257659
https://openalex.org/W1982820110
https://openalex.org/W2119438670
https://openalex.org/W4237398344
https://openalex.org/W1966407846
https://openalex.org/W1988633643
https://openalex.org/W2076458615
https://openalex.org/W4254983651
https://openalex.org/W2025845993
https://openalex.org/W2056915108
https://openalex.org/W2051241296
https://openalex.org/W1986576509
https://openalex.org/W2133713902
https://openalex.org/W2117888220
https://openalex.org/W2034277460
https://openalex.org/W2159969577
https://openalex.org/W1978060469
https://openalex.org/W2045489835
https://openalex.org/W2661117142
https://openalex.org/W2795991611
https://openalex.org/W2899187056
https://openalex.org/W2903724320
https://openalex.org/W601275996
https://openalex.org/W1013425714
https://openalex.org/W1996380838
https://openalex.org/W2102020172
https://openalex.org/W2139668289
https://openalex.org/W2220337472
https://openalex.org/W2617545070
https://openalex.org/W2905955227
https://openalex.org/W2063822755
https://openalex.org/W2080177431
https://openalex.org/W2009951912
https://openalex.org/W2417785552
https://openalex.org/W90519329
https://openalex.org/W1982305589
https://openalex.org/W1994972370
https://openalex.org/W2080872689
https://openalex.org/W2095165627
https://openalex.org/W2434744750
https://openalex.org/W1990594011
https://openalex.org/W2071484344
https://openalex.org/W1977972341
https://openalex.org/W2075204574
https://openalex.org/W2106133170
https://openalex.org/W1997578735
https://openalex.org/W2008135236
https://openalex.org/W2141284383
https://openalex.org/W1965025878
https://openalex.org/W2039326366
https://openalex.org/W2981563836
https://openalex.org/W1985902987
https://openalex.org/W2038958152
https://openalex.org/W132329118
https://openalex.org/W1989796511
https://openalex.org/W2040756749
https://openalex.org/W2070837995
https://openalex.org/W2093825920
https://openalex.org/W2775044790
https://openalex.org/W2796224719
https://openalex.org/W1555601775
https://openalex.org/W1776662521
https://openalex.org/W1991685226
https://openalex.org/W1995945300
https://openalex.org/W2205279393
https://openalex.org/W2319672640
https://openalex.org/W2340992626
https://openalex.org/W2441328820
https://openalex.org/W2473727209
https://openalex.org/W2943842636
https://openalex.org/W2957882301
https://openalex.org/W3023468226
https://openalex.org/W3044864983
https://openalex.org/W3082857187
https://openalex.org/W3119473690
https://openalex.org/W575009757
https://openalex.org/W2214403338
https://openalex.org/W2423437210
https://openalex.org/W3163958366
https://openalex.org/W3213591108
https://openalex.org/W3214382936
https://openalex.org/W4200148257
https://openalex.org/W1967650215
https://openalex.org/W2003431975
https://openalex.org/W2139712496
https://openalex.org/W2071975855
https://openalex.org/W2093928793
https://openalex.org/W2171708741
https://openalex.org/W2321348401
https://openalex.org/W4251695774
https://openalex.org/W1982927652
https://openalex.org/W2036216585
https://openalex.org/W2891484349
https://openalex.org/W2031155740
https://openalex.org/W2162542902
https://openalex.org/W2070804926
https://openalex.org/W2116587362
https://openalex.org/W2128355902
https://openalex.org/W2053067326
https://openalex.org/W2170262531
https://openalex.org/W769635432
https://openalex.org/W2168354397
https://openalex.org/W2396808908
https://openalex.org/W1967100331
https://openalex.org/W1987097296
https://openalex.org/W2063075287
https://openalex.org/W1524056023
https://openalex.org/W2007294097
https://openalex.org/W2320767895
https://openalex.org/W2809534266
https://openalex.org/W2890667631
https://openalex.org/W2901577166
https://openalex.org/W1965394798
https://openalex.org/W2005001677
https://openalex.org/W2006403614
https://openalex.org/W2038925565
https://openalex.org/W2045432501
https://openalex.org/W2089326275
https://openalex.org/W2101576747
https://openalex.org/W2137171899
https://openalex.org/W2176200811
https://openalex.org/W2204016469
https://openalex.org/W2230539386
https://openalex.org/W2477378115
https://openalex.org/W2971987813
https://openalex.org/W2974791017
https://openalex.org/W3002627750
https://openalex.org/W3004637805
https://openalex.org/W3016982492
https://openalex.org/W3076916438
https://openalex.org/W3090764227
https://openalex.org/W3094248227
https://openalex.org/W3100444057
https://openalex.org/W4210588565
https://openalex.org/W3216077366
https://openalex.org/W3180815558
https://openalex.org/W4205290404
https://openalex.org/W4206928096
https://openalex.org/W4213100786
https://openalex.org/W4213252876
https://openalex.org/W4223619434
https://openalex.org/W4224031139
https://openalex.org/W4225397868
https://openalex.org/W4282835457
https://openalex.org/W4298003420
https://openalex.org/W4306677198
https://openalex.org/W4312066472
https://openalex.org/W4313259704
https://openalex.org/W22730424
https://openalex.org/W1971562259
https://openalex.org/W1982810345
https://openalex.org/W2017277997
https://openalex.org/W2079187383
https://openalex.org/W2144886935
https://openalex.org/W2951760389
https://openalex.org/W1985082933
https://openalex.org/W2005511876
https://openalex.org/W2007582975
https://openalex.org/W2168036537
https://openalex.org/W2051835925
https://openalex.org/W2328137476
https://openalex.org/W2019044769
https://openalex.org/W2046015658
https://openalex.org/W2913890468
https://openalex.org/W2011155860
https://openalex.org/W2042630215
https://openalex.org/W2048407004
https://openalex.org/W2134824524
https://openalex.org/W2625342969
https://openalex.org/W4242342771
https://openalex.org/W2138433895
https://openalex.org/W2419213951
https://openalex.org/W2802956379
https://openalex.org/W2808608846
https://openalex.org/W2883088247
https://openalex.org/W2899324647
https://openalex.org/W2937642539
https://openalex.org/W1904728368
https://openalex.org/W1919986301
https://openalex.org/W1964127876
https://openalex.org/W2142949689
https://openalex.org/W2326698787
https://openalex.org/W2401432289
https://openalex.org/W2469766301
https://openalex.org/W2540811085
https://openalex.org/W2584433069
https://openalex.org/W2605001224
https://openalex.org/W2620396542
https://openalex.org/W2904752062
https://openalex.org/W3006428537
https://openalex.org/W3093661181
https://openalex.org/W3151130003
https://openalex.org/W2416392326
https://openalex.org/W2044639482
https://openalex.org/W2212727451
https://openalex.org/W1990941079
https://openalex.org/W2065922435
https://openalex.org/W1980508216
https://openalex.org/W2016433222
https://openalex.org/W2087818625
https://openalex.org/W1555578958
https://openalex.org/W1904815394
https://openalex.org/W1972177988
https://openalex.org/W2072733566
https://openalex.org/W22985737
https://openalex.org/W2356272002
https://openalex.org/W2797960440
https://openalex.org/W2884420679
https://openalex.org/W2884611526
https://openalex.org/W2912575321
https://openalex.org/W2933217081
https://openalex.org/W1967220387
https://openalex.org/W2017338403
https://openalex.org/W2025032998
https://openalex.org/W2051745302
https://openalex.org/W2073373097
https://openalex.org/W2222977175
https://openalex.org/W2277555933
https://openalex.org/W2318033401
https://openalex.org/W2329678620
https://openalex.org/W2465472764
https://openalex.org/W2473226429
https://openalex.org/W3149849255
https://openalex.org/W3155871709
https://openalex.org/W3164341646
https://openalex.org/W3168951575
https://openalex.org/W3173958093
https://openalex.org/W3174362549
https://openalex.org/W3189747340
https://openalex.org/W3201593720
https://openalex.org/W157253332
https://openalex.org/W2056717151
https://openalex.org/W2038380329
https://openalex.org/W4253426717
https://openalex.org/W2042779427
https://openalex.org/W1977863730
https://openalex.org/W2036153935
https://openalex.org/W2048484657
https://openalex.org/W4249859761
https://openalex.org/W1616038887
https://openalex.org/W2045084797
https://openalex.org/W2097535045
https://openalex.org/W2147293529
https://openalex.org/W2026396467
https://openalex.org/W2077658877
https://openalex.org/W2425268377
https://openalex.org/W3008644818
https://openalex.org/W2016618334
https://openalex.org/W2020592479
https://openalex.org/W2042736122
https://openalex.org/W2073301773
https://openalex.org/W2076649664
https://openalex.org/W2086587870
https://openalex.org/W2125397152
https://openalex.org/W2408181435
https://openalex.org/W2582753945
https://openalex.org/W2607290170
https://openalex.org/W2610501629
https://openalex.org/W2620960985
https://openalex.org/W2679418218
https://openalex.org/W2753834657
https://openalex.org/W2889526655
https://openalex.org/W2895320573
https://openalex.org/W2929255483
https://openalex.org/W2944535796
https://openalex.org/W2956922864
https://openalex.org/W2987226680
https://openalex.org/W2992450319
https://openalex.org/W3006798146
https://openalex.org/W3022443332
https://openalex.org/W3022649128
https://openalex.org/W1965420659
https://openalex.org/W2465500759
https://openalex.org/W2526807128
https://openalex.org/W4206994761
https://openalex.org/W4210374343
https://openalex.org/W4211011878
https://openalex.org/W4213305027
https://openalex.org/W4224979965
https://openalex.org/W4280609884
https://openalex.org/W4283313307
https://openalex.org/W4295308541
https://openalex.org/W4295837542
https://openalex.org/W4306776013
https://openalex.org/W4307032822
https://openalex.org/W2045079460
https://openalex.org/W2322995709
https://openalex.org/W2127972608
https://openalex.org/W2469422681
https://openalex.org/W3034407302
https://openalex.org/W1785947723
https://openalex.org/W1967708648
https://openalex.org/W2060636960
https://openalex.org/W2049332912
https://openalex.org/W2017813674
https://openalex.org/W2052378243
https://openalex.org/W1966584267
https://openalex.org/W1975242257
https://openalex.org/W1994269638
https://openalex.org/W1998335251
https://openalex.org/W2006327924
https://openalex.org/W2025883530
https://openalex.org/W2029520097
https://openalex.org/W2048607448
https://openalex.org/W2062933305
https://openalex.org/W2085448917
https://openalex.org/W2109631378
https://openalex.org/W2514476269
https://openalex.org/W2950646084
https://openalex.org/W1267023048
https://openalex.org/W1982592762
https://openalex.org/W2022892415
https://openalex.org/W2035575092
https://openalex.org/W2051979328
https://openalex.org/W2067681910
https://openalex.org/W2092314686
https://openalex.org/W4245828124
https://openalex.org/W2016045367
https://openalex.org/W1525574724
https://openalex.org/W2019364393
https://openalex.org/W2022712849
https://openalex.org/W1980994442
https://openalex.org/W1996194678
https://openalex.org/W2061124788
https://openalex.org/W2160117990
https://openalex.org/W1983878930
https://openalex.org/W2037910157
https://openalex.org/W2101543930
https://openalex.org/W2163403661
https://openalex.org/W2316171120
https://openalex.org/W2800830761
https://openalex.org/W2804360014
https://openalex.org/W2895704578
https://openalex.org/W2910118408
https://openalex.org/W2911065823
https://openalex.org/W2921010100
https://openalex.org/W2921627467
https://openalex.org/W2983529065
https://openalex.org/W2985460174
https://openalex.org/W2990155485
https://openalex.org/W2994185748
https://openalex.org/W3004836057
https://openalex.org/W3024153890
https://openalex.org/W3025256548
https://openalex.org/W3030736473
https://openalex.org/W3031994403
https://openalex.org/W3048460287
https://openalex.org/W3092140497
https://openalex.org/W3092199942
https://openalex.org/W3093589830
https://openalex.org/W3140707555
https://openalex.org/W3142331972
https://openalex.org/W3197825162
https://openalex.org/W3217546973
https://openalex.org/W4206398617
https://openalex.org/W1677574876
https://openalex.org/W2178814026
https://openalex.org/W2264112381
https://openalex.org/W2302381297
https://openalex.org/W2529688263
https://openalex.org/W2597239135
https://openalex.org/W2624816734
https://openalex.org/W818542029
https://openalex.org/W1999703069
https://openalex.org/W2024327220
https://openalex.org/W2049637397
https://openalex.org/W2058746577
https://openalex.org/W2150001685
https://openalex.org/W1974663976
https://openalex.org/W2014093426
https://openalex.org/W2085718534
https://openalex.org/W2090055551
https://openalex.org/W2471289330
https://openalex.org/W2951911194
https://openalex.org/W4230413629
https://openalex.org/W1979622181
https://openalex.org/W4245171513
https://openalex.org/W2035550871
https://openalex.org/W2068896762
https://openalex.org/W1559110868
https://openalex.org/W1583479170
https://openalex.org/W17962661
https://openalex.org/W1822415334
https://openalex.org/W2005826777
https://openalex.org/W2006158874
https://openalex.org/W2018576475
https://openalex.org/W2026225606
https://openalex.org/W2070242327
https://openalex.org/W2073905807
https://openalex.org/W2078871144
https://openalex.org/W2079444242
https://openalex.org/W2082299049
https://openalex.org/W2107217662
https://openalex.org/W2114766636
https://openalex.org/W2149595074
https://openalex.org/W2189065121
https://openalex.org/W2264000927
https://openalex.org/W2393514177
https://openalex.org/W2437776674
https://openalex.org/W2461814750
https://openalex.org/W2521916454
https://openalex.org/W2565294276
https://openalex.org/W2592880580
https://openalex.org/W98716731
https://openalex.org/W4306393608
https://openalex.org/W4311769908
https://openalex.org/W4312419653
https://openalex.org/W4317940538
https://openalex.org/W4319066746
https://openalex.org/W4319459740
https://openalex.org/W4319461990
https://openalex.org/W4323310728
https://openalex.org/W4324319573
https://openalex.org/W4324320328
https://openalex.org/W4327551586
https://openalex.org/W4327614980
https://openalex.org/W4328048110
https://openalex.org/W4361240801
https://openalex.org/W4361244026
https://openalex.org/W4361249167
https://openalex.org/W4361262511
https://openalex.org/W4361824791
https://openalex.org/W4361831562
https://openalex.org/W4361835642
https://openalex.org/W4361876729
https://openalex.org/W4361876757
https://openalex.org/W4361876816
https://openalex.org/W4361876943
https://openalex.org/W4361878108
https://openalex.org/W4361898536
https://openalex.org/W4361898538
https://openalex.org/W4361898811
https://openalex.org/W4361898947
https://openalex.org/W4361899768
https://openalex.org/W4361899980
https://openalex.org/W4361899989
https://openalex.org/W4361969090
https://openalex.org/W4361972067
https://openalex.org/W4361972531
https://openalex.org/W4361972533
https://openalex.org/W4362415451
https://openalex.org/W4362415616
https://openalex.org/W4362525567
https://openalex.org/W4362575783
https://openalex.org/W4366831071
https://openalex.org/W4375862013
https://openalex.org/W4376253661
https://openalex.org/W4377088371
https://openalex.org/W4378078256
https://openalex.org/W4379646149
https://openalex.org/W4379982500
https://openalex.org/W4382025357
https://openalex.org/W4382653477
https://openalex.org/W4383302561
https://openalex.org/W4383499951
https://openalex.org/W4383819370
https://openalex.org/W4384385490
https://openalex.org/W4385218131
https://openalex.org/W4385281271
https://openalex.org/W4385316675
https://openalex.org/W4385647161
https://openalex.org/W4386477642
https://openalex.org/W4386573446
https://openalex.org/W4387362782
https://openalex.org/W4387362791
https://openalex.org/W4387424877
https://openalex.org/W4387572119
https://openalex.org/W4387591702
https://openalex.org/W4387779329
https://openalex.org/W4387917571
https://openalex.org/W4387949228
https://openalex.org/W4388541228
https://openalex.org/W4388597021
https://openalex.org/W4388597869
https://openalex.org/W4388597915
https://openalex.org/W4388598527
https://openalex.org/W4388600474
https://openalex.org/W4389343234
https://openalex.org/W4389345465
https://openalex.org/W4389669685
https://openalex.org/W4389920944
https://openalex.org/W4389944315
https://openalex.org/W4390050282
https://openalex.org/W4390681309
https://openalex.org/W4391073517
https://openalex.org/W4391623280
https://openalex.org/W4392683746
https://openalex.org/W4392685545
https://openalex.org/W4392692595
https://openalex.org/W4393956679
https://openalex.org/W2019241327
https://openalex.org/W2027557802
https://openalex.org/W2037557111
https://openalex.org/W2044971526
https://openalex.org/W2052865793
https://openalex.org/W2077767111
https://openalex.org/W2402267919
https://openalex.org/W2410956319
https://openalex.org/W2951175566
https://openalex.org/W652258603
https://openalex.org/W2085327886
https://openalex.org/W4239030577
https://openalex.org/W2045952253
https://openalex.org/W2081523599
https://openalex.org/W2094933822
https://openalex.org/W2107951017
https://openalex.org/W2542243479
https://openalex.org/W2020082053
https://openalex.org/W2601566602
https://openalex.org/W2704836398
https://openalex.org/W2755743030
https://openalex.org/W1914203711
https://openalex.org/W1980746464
https://openalex.org/W2026296738
https://openalex.org/W2162119936
https://openalex.org/W2008182495
https://openalex.org/W2022323395
https://openalex.org/W2034000375
https://openalex.org/W1481271052
https://openalex.org/W1520913376
https://openalex.org/W1992359322
https://openalex.org/W2292672335
https://openalex.org/W2341334147
https://openalex.org/W2407627584
https://openalex.org/W2414576944
https://openalex.org/W2785232118
https://openalex.org/W2790084883
https://openalex.org/W2885060629
https://openalex.org/W2895668045
https://openalex.org/W2904119070
https://openalex.org/W2943533210
https://openalex.org/W2949204663
https://openalex.org/W2989409772
https://openalex.org/W2998257177
https://openalex.org/W3014446430
https://openalex.org/W3024002576
https://openalex.org/W3049572316
https://openalex.org/W3082213834
https://openalex.org/W3087519268
https://openalex.org/W3092954084
https://openalex.org/W3111601585
https://openalex.org/W3120737065
https://openalex.org/W3134278072
https://openalex.org/W3140680704
https://openalex.org/W3144170149
https://openalex.org/W3165221462
https://openalex.org/W3173466122
https://openalex.org/W3177983513
https://openalex.org/W3199804981
https://openalex.org/W3208224423
https://openalex.org/W4206520904
https://openalex.org/W2319677483
https://openalex.org/W2417014160
https://openalex.org/W2521587647
https://openalex.org/W2523107857
https://openalex.org/W2527274416
https://openalex.org/W2565163918
https://openalex.org/W2570843465
https://openalex.org/W2986925560
https://openalex.org/W4205171822
https://openalex.org/W4206664004
https://openalex.org/W4210806947
https://openalex.org/W4226372967
https://openalex.org/W4281390062
https://openalex.org/W4283069134
https://openalex.org/W4285137799
https://openalex.org/W4291016460
https://openalex.org/W4311869443
https://openalex.org/W4312879958
https://openalex.org/W2066781425
https://openalex.org/W2950130631
https://openalex.org/W2952836339
https://openalex.org/W1528529158
https://openalex.org/W2091711648
https://openalex.org/W2134571607
https://openalex.org/W2396403289
https://openalex.org/W2476683365
https://openalex.org/W2021702730
https://openalex.org/W2328172646
https://openalex.org/W2333955165
https://openalex.org/W2411031571
https://openalex.org/W2032906413
https://openalex.org/W2317618049
https://openalex.org/W2413914867
https://openalex.org/W1572454400
https://openalex.org/W1585524762
https://openalex.org/W1970727279
https://openalex.org/W2004364134
https://openalex.org/W2012271946
https://openalex.org/W2016378840
https://openalex.org/W2025100165
https://openalex.org/W2066554818
https://openalex.org/W2078923325
https://openalex.org/W2157998615
https://openalex.org/W2158084952
https://openalex.org/W2159233151
https://openalex.org/W2335734355
https://openalex.org/W2398759823
https://openalex.org/W2403407830
https://openalex.org/W2409971625
https://openalex.org/W2414629311
https://openalex.org/W2479550325
https://openalex.org/W2529222733
https://openalex.org/W2979834938
https://openalex.org/W4214494087
https://openalex.org/W4229008011
https://openalex.org/W4234228403
https://openalex.org/W4245984504
https://openalex.org/W4248123828
https://openalex.org/W4306787043
https://openalex.org/W4307758249
https://openalex.org/W601900019
https://openalex.org/W86059165
https://openalex.org/W1965005067
https://openalex.org/W1971574144
https://openalex.org/W2051571846
https://openalex.org/W2335024818
https://openalex.org/W2951096571
https://openalex.org/W3021370073
https://openalex.org/W4242854363
https://openalex.org/W1972824512
https://openalex.org/W2010938860
https://openalex.org/W2081816358
https://openalex.org/W2314529767
https://openalex.org/W4256076520
https://openalex.org/W1628036300
https://openalex.org/W1988831118
https://openalex.org/W1994124966
https://openalex.org/W2020689731
https://openalex.org/W2037876841
https://openalex.org/W2065301382
https://openalex.org/W2089675933
https://openalex.org/W2092822262
https://openalex.org/W2331627137
https://openalex.org/W2385231254
https://openalex.org/W2549442207
https://openalex.org/W2574897938
https://openalex.org/W2613820309
https://openalex.org/W2617905588
https://openalex.org/W2735478512
https://openalex.org/W2744196134
https://openalex.org/W2765205891
https://openalex.org/W2981751437
https://openalex.org/W4233699299
https://openalex.org/W4381988802
https://openalex.org/W197620808
https://openalex.org/W2004292936
https://openalex.org/W2044859682
https://openalex.org/W2420323686
https://openalex.org/W2950819371
https://openalex.org/W2952212887
https://openalex.org/W4252051574
https://openalex.org/W1483600471
https://openalex.org/W2018433369
https://openalex.org/W2089004474
https://openalex.org/W2411212429
https://openalex.org/W2109163155
https://openalex.org/W2164523529
https://openalex.org/W2415314541
https://openalex.org/W2578881542
https://openalex.org/W2784116382
https://openalex.org/W2789271285
https://openalex.org/W2792641164
https://openalex.org/W2792760796
https://openalex.org/W2796105852
https://openalex.org/W2796836159
https://openalex.org/W2796855842
https://openalex.org/W2805827396
https://openalex.org/W2805853415
https://openalex.org/W2862633686
https://openalex.org/W2980820239
https://openalex.org/W3179232545
https://openalex.org/W111090305
https://openalex.org/W2154220404
https://openalex.org/W2953135864
https://openalex.org/W2033566950
https://openalex.org/W2042783369
https://openalex.org/W2073082972
https://openalex.org/W2093064258
https://openalex.org/W2027278311
https://openalex.org/W2087719179
https://openalex.org/W2410917861
https://openalex.org/W2912993744
https://openalex.org/W2942769027
https://openalex.org/W2943099280
https://openalex.org/W2960418512
https://openalex.org/W2962970156
https://openalex.org/W2970873723
https://openalex.org/W2981320587
https://openalex.org/W2984003257
https://openalex.org/W2993981804
https://openalex.org/W2999064982
https://openalex.org/W3003519947
https://openalex.org/W3006736317
https://openalex.org/W3015073872
https://openalex.org/W3024358400
https://openalex.org/W3033508751
https://openalex.org/W3080514167
https://openalex.org/W3096252678
https://openalex.org/W3112002069
https://openalex.org/W3112869574
https://openalex.org/W3113537924
https://openalex.org/W3114103339
https://openalex.org/W4245350807
https://openalex.org/W2008151057
https://openalex.org/W2045707057
https://openalex.org/W2057711630
https://openalex.org/W2095057219
https://openalex.org/W2416857737
https://openalex.org/W2506541264
https://openalex.org/W2737717379
https://openalex.org/W4237629049
https://openalex.org/W4242983079
https://openalex.org/W4256629088
https://openalex.org/W6961280
https://openalex.org/W170849295
https://openalex.org/W93168193
https://openalex.org/W2323959575
https://openalex.org/W2418535309
https://openalex.org/W2461051027
https://openalex.org/W3089002095
https://openalex.org/W3118629456
https://openalex.org/W3125742451
https://openalex.org/W3126799291
https://openalex.org/W3153510547
https://openalex.org/W3160241971
https://openalex.org/W3203662568
https://openalex.org/W3208432009
https://openalex.org/W3212910239
https://openalex.org/W1973137716
https://openalex.org/W2060699984
https://openalex.org/W2175127115
https://openalex.org/W2470828423
https://openalex.org/W2952123772
https://openalex.org/W2003168208
https://openalex.org/W2031750214
https://openalex.org/W2100415493
https://openalex.org/W2419604712
https://openalex.org/W243144
https://openalex.org/W4236766771
https://openalex.org/W4242321424
https://openalex.org/W2290491251
https://openalex.org/W2397093546
https://openalex.org/W2412180312
https://openalex.org/W2463077361
https://openalex.org/W1981521198
https://openalex.org/W2094679810
https://openalex.org/W2136227129
https://openalex.org/W2398070908
https://openalex.org/W2439006551
https://openalex.org/W150168986
https://openalex.org/W2117255389
https://openalex.org/W1746230226
https://openalex.org/W1805603553
https://openalex.org/W1984875199
https://openalex.org/W2004293025
https://openalex.org/W2015589643
https://openalex.org/W2037335007
https://openalex.org/W2067392443
https://openalex.org/W2151314286
https://openalex.org/W2183911752
https://openalex.org/W2221900737
https://openalex.org/W2255518533
https://openalex.org/W2308024109
https://openalex.org/W2314074800
https://openalex.org/W2314625665
https://openalex.org/W2321131589
https://openalex.org/W2328747984
https://openalex.org/W2335359252
https://openalex.org/W2341801512
https://openalex.org/W2343181064
https://openalex.org/W2358568924
https://openalex.org/W2396112810
https://openalex.org/W2398437283
https://openalex.org/W2398673452
https://openalex.org/W2411813812
https://openalex.org/W2415927506
https://openalex.org/W2417496402
https://openalex.org/W2464001717
https://openalex.org/W2472214505
https://openalex.org/W2499067104
https://openalex.org/W2505752657
https://openalex.org/W2521071235
https://openalex.org/W2528520250
https://openalex.org/W2533448804
https://openalex.org/W2550562105
https://openalex.org/W2561971436
https://openalex.org/W2596222465
https://openalex.org/W2725537281
https://openalex.org/W2751946965
https://openalex.org/W2753112083
https://openalex.org/W2953144646
https://openalex.org/W2954346506
https://openalex.org/W2966147739
https://openalex.org/W2977982212
https://openalex.org/W3029049016
https://openalex.org/W3029784659
https://openalex.org/W3044000293
https://openalex.org/W3047775112
https://openalex.org/W3199959807
https://openalex.org/W4234174322
https://openalex.org/W4243768993
https://openalex.org/W4254122651
https://openalex.org/W4299507223
https://openalex.org/W4394458105
https://openalex.org/W90065483
https://openalex.org/W998344870
https://openalex.org/W2409104580
https://openalex.org/W2409875385
https://openalex.org/W2418634466
https://openalex.org/W2420458197
https://openalex.org/W4241626573
https://openalex.org/W4248907926
https://openalex.org/W2394946379
https://openalex.org/W377430894
https://openalex.org/W101284434
https://openalex.org/W1536930149
https://openalex.org/W1798560255
https://openalex.org/W1980986125
https://openalex.org/W1982084834
https://openalex.org/W1982856357
https://openalex.org/W1982924878
https://openalex.org/W1990819774
https://openalex.org/W1995906172
https://openalex.org/W2001952988
https://openalex.org/W2007099785
https://openalex.org/W2014337068
https://openalex.org/W2014371945
https://openalex.org/W2018712550
https://openalex.org/W2025029344
https://openalex.org/W2036555493
https://openalex.org/W2038899055
https://openalex.org/W2041461253
https://openalex.org/W2041711535
https://openalex.org/W2052536566
https://openalex.org/W2072465404
https://openalex.org/W2078892250
https://openalex.org/W2086557238
https://openalex.org/W2095395687
https://openalex.org/W2154646155
https://openalex.org/W2155178939
https://openalex.org/W2172831885
https://openalex.org/W2179609212
https://openalex.org/W2266267949
https://openalex.org/W2319988382
https://openalex.org/W2320735351
https://openalex.org/W2325207575
https://openalex.org/W2326385247
https://openalex.org/W2347918723
https://openalex.org/W2353900887
https://openalex.org/W2365125669
https://openalex.org/W2369245509
https://openalex.org/W2382990512
https://openalex.org/W2397872139
https://openalex.org/W2399308294
https://openalex.org/W2408963015
https://openalex.org/W2411422571
https://openalex.org/W2417325502
https://openalex.org/W2418290201
https://openalex.org/W2509919311
https://openalex.org/W2521405110
https://openalex.org/W2526629774
https://openalex.org/W2583702390
https://openalex.org/W2584653140
https://openalex.org/W2589962240
https://openalex.org/W2601997521
https://openalex.org/W2751855824
https://openalex.org/W2774538135
https://openalex.org/W2799067100
https://openalex.org/W2808196344
https://openalex.org/W2809002850
https://openalex.org/W2952494921
https://openalex.org/W2977285532
https://openalex.org/W2977756998
https://openalex.org/W2978863739
https://openalex.org/W2992281406
https://openalex.org/W3021895958
https://openalex.org/W3031337224
https://openalex.org/W3090225822
https://openalex.org/W3090316605
https://openalex.org/W314636353
https://openalex.org/W3152102702
https://openalex.org/W3161748726
https://openalex.org/W3206014281
https://openalex.org/W4229563831
https://openalex.org/W4236370978
https://openalex.org/W4243430320
https://openalex.org/W4243923653
https://openalex.org/W4249206033
https://openalex.org/W4251359795
https://openalex.org/W4254011650
https://openalex.org/W569664380
https://openalex.org/W619380875
https://openalex.org/W180124393
https://openalex.org/W2067970785
https://openalex.org/W2093637870
https://openalex.org/W2189425424
https://openalex.org/W2282524780
https://openalex.org/W2468377181
https://openalex.org/W4237268645
https://openalex.org/W844000558
https://openalex.org/W132835597
https://openalex.org/W2007548335
https://openalex.org/W2123550003
https://openalex.org/W2412389692
https://openalex.org/W4214681425
https://openalex.org/W100467178
https://openalex.org/W171828611
https://openalex.org/W1965314790
https://openalex.org/W1966583884
https://openalex.org/W1982400074
https://openalex.org/W1990891513
https://openalex.org/W1991794282
https://openalex.org/W2021230403
https://openalex.org/W2030122123
https://openalex.org/W2032443931
https://openalex.org/W2034369705
https://openalex.org/W2040022422
https://openalex.org/W2044644432
https://openalex.org/W2051943482
https://openalex.org/W2064315948
https://openalex.org/W2072184492
https://openalex.org/W2076423351
https://openalex.org/W2082652943
https://openalex.org/W2084418622
https://openalex.org/W2085195693
https://openalex.org/W2085397695
https://openalex.org/W2184597177
https://openalex.org/W2320135057
https://openalex.org/W2325730858
https://openalex.org/W2352859128
https://openalex.org/W2359126278
https://openalex.org/W2410963273
https://openalex.org/W2560042446
https://openalex.org/W2581816360
https://openalex.org/W2582354053
https://openalex.org/W2586021122
https://openalex.org/W2592245575
https://openalex.org/W2593890270
https://openalex.org/W2594707572
https://openalex.org/W2599299494
https://openalex.org/W2600976929
https://openalex.org/W2602476214
https://openalex.org/W2604603923
https://openalex.org/W2605164148
https://openalex.org/W2610724876
https://openalex.org/W2735568303
https://openalex.org/W2736075036
https://openalex.org/W2746246983
https://openalex.org/W2751572781
https://openalex.org/W2788915658
https://openalex.org/W283231345
https://openalex.org/W2891867063
https://openalex.org/W2892299167
https://openalex.org/W2952401299
https://openalex.org/W2980269600
https://openalex.org/W3029127600
https://openalex.org/W3108899540
https://openalex.org/W4210738062
https://openalex.org/W4240075902
https://openalex.org/W4381988309
https://openalex.org/W4389446204
https://openalex.org/W771021092
https://openalex.org/W956142784
https://openalex.org/W2406238096
https://openalex.org/W1986788560
https://openalex.org/W1994922572
https://openalex.org/W1999106491
https://openalex.org/W2007336385
https://openalex.org/W2032519513
https://openalex.org/W2060660320
https://openalex.org/W2098942641
https://openalex.org/W2107261653
https://openalex.org/W2108626834
https://openalex.org/W2110448270
https://openalex.org/W2112093055
https://openalex.org/W2123085417
https://openalex.org/W2129535958
https://openalex.org/W2138571348
https://openalex.org/W2140356076
https://openalex.org/W2140757958
https://openalex.org/W2145198651
https://openalex.org/W2152390637
https://openalex.org/W2158815006
https://openalex.org/W2167475812
https://openalex.org/W2168140635
https://openalex.org/W2171433450
https://openalex.org/W2269823281
https://openalex.org/W2326713961
https://openalex.org/W2392224865
https://openalex.org/W2403443734
https://openalex.org/W2516580807
https://openalex.org/W2526086852
https://openalex.org/W2580366548
https://openalex.org/W2594459467
https://openalex.org/W2603159063
https://openalex.org/W2736483179
https://openalex.org/W2774790917
https://openalex.org/W2783556340
https://openalex.org/W361647524
https://openalex.org/W4206376279
https://openalex.org/W4210669360
https://openalex.org/W4212985343
https://openalex.org/W4220790756
https://openalex.org/W4226328105
https://openalex.org/W4247508951
https://openalex.org/W4283070888
https://openalex.org/W4283729749
https://openalex.org/W4284963538
https://openalex.org/W4285188122
https://openalex.org/W4285235557
https://openalex.org/W4285302513
https://openalex.org/W4293421031
https://openalex.org/W4293544964
https://openalex.org/W4296508542
https://openalex.org/W4296556136
https://openalex.org/W4296972939
https://openalex.org/W4297009309
https://openalex.org/W4301397756
https://openalex.org/W4307299953
https://openalex.org/W4309173301
https://openalex.org/W4309232503
https://openalex.org/W4310106180
https://openalex.org/W4310106550
https://openalex.org/W4310124890
https://openalex.org/W4311019795
https://openalex.org/W4311678535
https://openalex.org/W4312195822
https://openalex.org/W4313031868
https://openalex.org/W4316928421
https://openalex.org/W4393512237
https://openalex.org/W4393700976
https://openalex.org/W929022231
https://openalex.org/W2052113175
https://openalex.org/W2060586984
https://openalex.org/W2088937764
https://openalex.org/W2091465831
https://openalex.org/W2398552575
https://openalex.org/W2403889658
https://openalex.org/W2406765582
https://openalex.org/W4250391156
https://openalex.org/W67231367
https://openalex.org/W1503421550
https://openalex.org/W1550715203
https://openalex.org/W1551183925
https://openalex.org/W1859553810
https://openalex.org/W1894358386
https://openalex.org/W1980996854
https://openalex.org/W2020059134
https://openalex.org/W2067014433
https://openalex.org/W2368349510
https://openalex.org/W2378255505
https://openalex.org/W2397326665
https://openalex.org/W2515245186
https://openalex.org/W2782240877
https://openalex.org/W2790033236
https://openalex.org/W2790095517
https://openalex.org/W2790412925
https://openalex.org/W2791726169
https://openalex.org/W2793225819
https://openalex.org/W2795498919
https://openalex.org/W2803121226
https://openalex.org/W2803232935
https://openalex.org/W2803367374
https://openalex.org/W2806104022
https://openalex.org/W2806391346
https://openalex.org/W2806405903
https://openalex.org/W2883260672
https://openalex.org/W2897974016
https://openalex.org/W2898114910
https://openalex.org/W2901647163
https://openalex.org/W2910872629
https://openalex.org/W2915478595
https://openalex.org/W2917161232
https://openalex.org/W2921136167
https://openalex.org/W2921493829
https://openalex.org/W2922278466
https://openalex.org/W2944101253
https://openalex.org/W2946387366
https://openalex.org/W2951464450
https://openalex.org/W2952490627
https://openalex.org/W2952539153
https://openalex.org/W2952672525
https://openalex.org/W2952677597
https://openalex.org/W2953322504
https://openalex.org/W2953808515
https://openalex.org/W2966476938
https://openalex.org/W2970185793
https://openalex.org/W2970968152
https://openalex.org/W2979018293
https://openalex.org/W2981034078
https://openalex.org/W2981968823
https://openalex.org/W2982308029
https://openalex.org/W2985115696
https://openalex.org/W2987257444
https://openalex.org/W2987411033
https://openalex.org/W2989116742
https://openalex.org/W2989468714
https://openalex.org/W2990827041
https://openalex.org/W2991205897
https://openalex.org/W2996771740
https://openalex.org/W3013609014
https://openalex.org/W3021711621
https://openalex.org/W3040139992
https://openalex.org/W3081894226
https://openalex.org/W3119350727
https://openalex.org/W3128265642
https://openalex.org/W3130871309
https://openalex.org/W3164299758
https://openalex.org/W3217654668
https://openalex.org/W4213319029
https://openalex.org/W4214814084
https://openalex.org/W4239656134
https://openalex.org/W4243874643
https://openalex.org/W4247203906
https://openalex.org/W4256243995
https://openalex.org/W49317273
https://openalex.org/W98326558
https://openalex.org/W1528782321
https://openalex.org/W153668365
https://openalex.org/W17873492
https://openalex.org/W1990668888
https://openalex.org/W2011122536
https://openalex.org/W2066812382
https://openalex.org/W2078029425
https://openalex.org/W2417345592
https://openalex.org/W2417453663
https://openalex.org/W2442548546
https://openalex.org/W33549239
https://openalex.org/W4254152024
https://openalex.org/W53997122
https://openalex.org/W611710139
https://openalex.org/W755648980
https://openalex.org/W1442854726
https://openalex.org/W1496324839
https://openalex.org/W1966747292
https://openalex.org/W1977560632
https://openalex.org/W1992114942
https://openalex.org/W1994868390
https://openalex.org/W1994897873
https://openalex.org/W2018494637
https://openalex.org/W2020000203
https://openalex.org/W2023747212
https://openalex.org/W2054784372
https://openalex.org/W2062796067
https://openalex.org/W2069618619
https://openalex.org/W2072376649
https://openalex.org/W2079563465
https://openalex.org/W2086806390
https://openalex.org/W2103041859
https://openalex.org/W2163984547
https://openalex.org/W2168835042
https://openalex.org/W2312002967
https://openalex.org/W2323426522
https://openalex.org/W2356211548
https://openalex.org/W2369840367
https://openalex.org/W2401831705
https://openalex.org/W2405234396
https://openalex.org/W2411089273
https://openalex.org/W2415709196
https://openalex.org/W2415867849
https://openalex.org/W2466745241
https://openalex.org/W2505574696
https://openalex.org/W2547872931
https://openalex.org/W2557413366
https://openalex.org/W2572915367
https://openalex.org/W2577081070
https://openalex.org/W2600673102
https://openalex.org/W2763910911
https://openalex.org/W2999429757
https://openalex.org/W3000626743
https://openalex.org/W3007432477
https://openalex.org/W3009029978
https://openalex.org/W3013935438
https://openalex.org/W3014310645
https://openalex.org/W3014364673
https://openalex.org/W3025282222
https://openalex.org/W3026094506
https://openalex.org/W3033222273
https://openalex.org/W3037338407
https://openalex.org/W3087800235
https://openalex.org/W3089761923
https://openalex.org/W3091456982
https://openalex.org/W3094136737
https://openalex.org/W3094460179
https://openalex.org/W3096086145
https://openalex.org/W3096687455
https://openalex.org/W3116907217
https://openalex.org/W3143047030
https://openalex.org/W3150563543
https://openalex.org/W3183128489
https://openalex.org/W3184590186
https://openalex.org/W3208026301
https://openalex.org/W3209592875
https://openalex.org/W3212020493
https://openalex.org/W4212881691
https://openalex.org/W4229884403
https://openalex.org/W4238184356
https://openalex.org/W4239959748
https://openalex.org/W4240001280
https://openalex.org/W4249159492
https://openalex.org/W4256117079
https://openalex.org/W429809131
https://openalex.org/W816037108
https://openalex.org/W1990184023
https://openalex.org/W2005372509
https://openalex.org/W2410744656
https://openalex.org/W2460327924
https://openalex.org/W624552540
https://openalex.org/W8335985
https://openalex.org/W102483185
https://openalex.org/W111183903
https://openalex.org/W1967281616
https://openalex.org/W207115308
https://openalex.org/W2075609242
https://openalex.org/W2131218219
https://openalex.org/W2325646452
https://openalex.org/W2332914772
https://openalex.org/W2384275318
https://openalex.org/W2395877882
https://openalex.org/W2395909270
https://openalex.org/W2397091169
https://openalex.org/W2401346962
https://openalex.org/W2402283010
https://openalex.org/W2402655107
https://openalex.org/W2407482442
https://openalex.org/W2408633777
https://openalex.org/W2409801671
https://openalex.org/W2410353970
https://openalex.org/W2412454713
https://openalex.org/W2414880171
https://openalex.org/W2417811880
https://openalex.org/W2418869324
https://openalex.org/W2420696234
https://openalex.org/W2441874536
https://openalex.org/W2444377773
https://openalex.org/W2460051330
https://openalex.org/W2462415906
https://openalex.org/W2466213650
https://openalex.org/W2469018419
https://openalex.org/W2470832142
https://openalex.org/W2979857875
https://openalex.org/W4255481608
https://openalex.org/W2080849824
https://openalex.org/W2296684480
https://openalex.org/W2394893568
https://openalex.org/W2402298480
https://openalex.org/W2413349626
https://openalex.org/W2418616419
https://openalex.org/W2461746001
https://openalex.org/W2548235397
https://openalex.org/W2600865081
https://openalex.org/W279650434
https://openalex.org/W2951300788
https://openalex.org/W2951304701
https://openalex.org/W2997422809
https://openalex.org/W3127777967
https://openalex.org/W3128989895
https://openalex.org/W3129132883
https://openalex.org/W3147894316
https://openalex.org/W3152812332
https://openalex.org/W3159401453
https://openalex.org/W3163536950
https://openalex.org/W3180808111
https://openalex.org/W3182243502
https://openalex.org/W3191378101
https://openalex.org/W3200676261
https://openalex.org/W3212235981
https://openalex.org/W3214406140
https://openalex.org/W3217547994
https://openalex.org/W4200064631
https://openalex.org/W4205443983
https://openalex.org/W4206129358
https://openalex.org/W4225678557
https://openalex.org/W4242206915
https://openalex.org/W4253549280
https://openalex.org/W4362520466
https://openalex.org/W1685068239
https://openalex.org/W1969247857
https://openalex.org/W1987357503
https://openalex.org/W2008523365
https://openalex.org/W2050719147
https://openalex.org/W2324750857
https://openalex.org/W2373155896
https://openalex.org/W2400468651
https://openalex.org/W2414415751
https://openalex.org/W2415369773
https://openalex.org/W2418257023
https://openalex.org/W2422385895
https://openalex.org/W2438023761
https://openalex.org/W2951303608
https://openalex.org/W2951348614
https://openalex.org/W2951618527
https://openalex.org/W4233110820
https://openalex.org/W4236944190
https://openalex.org/W4243451533
https://openalex.org/W4248699270
https://openalex.org/W2398753465
https://openalex.org/W2409966767
https://openalex.org/W2410113704
https://openalex.org/W2420032531
https://openalex.org/W2432610488
https://openalex.org/W2001130988
https://openalex.org/W2095198349
https://openalex.org/W2398252374
https://openalex.org/W2399986787
https://openalex.org/W2413937721
https://openalex.org/W2414436101
https://openalex.org/W2416282277
https://openalex.org/W2587018942
https://openalex.org/W4229621047
https://openalex.org/W4234068705
https://openalex.org/W4235324849
https://openalex.org/W874834689
https://openalex.org/W1971939233
https://openalex.org/W1978427417
https://openalex.org/W1983242646
https://openalex.org/W1983887929
https://openalex.org/W2002410759
https://openalex.org/W2007296993
https://openalex.org/W2014950365
https://openalex.org/W2022466779
https://openalex.org/W2038915431
https://openalex.org/W2041629018
https://openalex.org/W2052175301
https://openalex.org/W2067008062
https://openalex.org/W2070616397
https://openalex.org/W2079488199
https://openalex.org/W2082910323
https://openalex.org/W2086921895
https://openalex.org/W21326573
https://openalex.org/W2233589388
https://openalex.org/W2244232808
https://openalex.org/W2398671761
https://openalex.org/W2400295940
https://openalex.org/W2423833006
https://openalex.org/W2434313827
https://openalex.org/W2464746075
https://openalex.org/W2588822518
https://openalex.org/W2600545022
https://openalex.org/W2600946502
https://openalex.org/W2601506710
https://openalex.org/W2735994922
https://openalex.org/W2949172370
https://openalex.org/W2949344962
https://openalex.org/W2950096265
https://openalex.org/W2950330465
https://openalex.org/W2950564648
https://openalex.org/W4211035510
https://openalex.org/W4214716542
https://openalex.org/W4238075490
https://openalex.org/W4238392591
https://openalex.org/W4243048137
https://openalex.org/W4244913717
https://openalex.org/W4247620137
https://openalex.org/W4247993494
https://openalex.org/W4248390194
https://openalex.org/W4248968241
https://openalex.org/W4255992029
https://openalex.org/W1983026471
https://openalex.org/W2017185948
https://openalex.org/W2058322037
https://openalex.org/W2078938091
https://openalex.org/W2079891835
https://openalex.org/W2402375275
https://openalex.org/W2409054045
https://openalex.org/W2419136904
https://openalex.org/W2468263223
https://openalex.org/W2885330681
https://openalex.org/W2949213132
https://openalex.org/W2950685085
https://openalex.org/W2951332504
https://openalex.org/W2951862480
https://openalex.org/W2952317212
https://openalex.org/W3042953326
https://openalex.org/W307343207
https://openalex.org/W4232878838
https://openalex.org/W4234330517
https://openalex.org/W4290304054
https://openalex.org/W606630803
https://openalex.org/W764205064
https://openalex.org/W851675813
https://openalex.org/W1489484072
https://openalex.org/W1500519416
https://openalex.org/W1980973470
https://openalex.org/W2002553472
https://openalex.org/W2015403827
https://openalex.org/W2034534694
https://openalex.org/W2037061346
https://openalex.org/W2058116712
https://openalex.org/W2060609506
https://openalex.org/W2074173876
https://openalex.org/W2084611285
https://openalex.org/W2090683810
https://openalex.org/W2094147732
https://openalex.org/W2094488584
https://openalex.org/W2236477683
https://openalex.org/W2278191019
https://openalex.org/W2294218116
https://openalex.org/W2307697958
https://openalex.org/W2345912738
https://openalex.org/W2395195456
https://openalex.org/W2395745790
https://openalex.org/W2404164855
https://openalex.org/W2406850659
https://openalex.org/W2408443113
https://openalex.org/W2408778581
https://openalex.org/W2409797562
https://openalex.org/W2412103904
https://openalex.org/W2438483659
https://openalex.org/W2439024862
https://openalex.org/W2440266721
https://openalex.org/W2467215841
https://openalex.org/W2474003143
https://openalex.org/W2603119042
https://openalex.org/W266110993
https://openalex.org/W2738992684
https://openalex.org/W2786119718
https://openalex.org/W2798627951
https://openalex.org/W2949723830
https://openalex.org/W2950253112
https://openalex.org/W2950386239
https://openalex.org/W2953352113
https://openalex.org/W3025080020
https://openalex.org/W3169456693
https://openalex.org/W3204256168
https://openalex.org/W4233206174
https://openalex.org/W4234365625
https://openalex.org/W4235527133
https://openalex.org/W4237168878
https://openalex.org/W4241028412
https://openalex.org/W4242351235
https://openalex.org/W4243506304
https://openalex.org/W4253209308
https://openalex.org/W606578495
https://openalex.org/W625386582
https://openalex.org/W62609139
https://openalex.org/W758069155
https://openalex.org/W770949573
https://openalex.org/W87539780
https://openalex.org/W3047144258
https://openalex.org/W2110569728
https://openalex.org/W2072063763
https://openalex.org/W2125655203
https://openalex.org/W2171655721
https://openalex.org/W2164267446
https://openalex.org/W2892002136
https://openalex.org/W4293029111
https://openalex.org/W2096549168
https://openalex.org/W2331302678
https://openalex.org/W2036503551
https://openalex.org/W2134241091
https://openalex.org/W2189263758
https://openalex.org/W2967044977
https://openalex.org/W195741252
https://openalex.org/W2028293827
https://openalex.org/W1987912573
https://openalex.org/W2184462349
https://openalex.org/W2073448816
https://openalex.org/W2084197013
https://openalex.org/W2077135798
https://openalex.org/W2735211627
https://openalex.org/W2165372937
https://openalex.org/W2070338467
https://openalex.org/W2064915358
https://openalex.org/W2053754146
https://openalex.org/W1995499810
https://openalex.org/W1995064146
https://openalex.org/W2952081370
https://openalex.org/W2007933408
https://openalex.org/W3021091730
https://openalex.org/W2036146616
https://openalex.org/W3112209524
https://openalex.org/W2342514051
https://openalex.org/W1989056960
https://openalex.org/W3158323486
https://openalex.org/W2062524176
https://openalex.org/W2008421769
https://openalex.org/W2039138053
https://openalex.org/W2100174069
https://openalex.org/W4283646787
https://openalex.org/W2137169520
https://openalex.org/W2913813689
https://openalex.org/W1981550330
https://openalex.org/W2091146938
https://openalex.org/W3089153595
https://openalex.org/W2164793547
https://openalex.org/W2528304237
https://openalex.org/W2891769967
https://openalex.org/W2033184210
https://openalex.org/W2612576926
https://openalex.org/W2292650015
https://openalex.org/W2142044692
https://openalex.org/W2339189374
https://openalex.org/W2324791347
https://openalex.org/W3136104126
https://openalex.org/W1791218006
https://openalex.org/W2791859480
https://openalex.org/W3162131771
https://openalex.org/W3007247774
https://openalex.org/W4229043487
https://openalex.org/W4226425454
https://openalex.org/W3180310990
https://openalex.org/W3174793429
https://openalex.org/W3122449491
https://openalex.org/W4282916578
https://openalex.org/W4309515692
https://openalex.org/W4205191546
https://openalex.org/W4285730828
https://openalex.org/W4367185783
https://openalex.org/W4365444025
https://openalex.org/W1971697017
https://openalex.org/W2127367385
https://openalex.org/W2022929878
https://openalex.org/W2067164914
https://openalex.org/W1981756981
https://openalex.org/W2042299076
https://openalex.org/W2067194299
https://openalex.org/W2137338238
https://openalex.org/W1983882926
https://openalex.org/W2127269253
https://openalex.org/W2084317309
https://openalex.org/W4376848213
https://openalex.org/W2139947311
https://openalex.org/W2295904834
https://openalex.org/W2037341773
https://openalex.org/W2046851558
https://openalex.org/W1993818604
https://openalex.org/W2040348117
https://openalex.org/W1562529838
https://openalex.org/W1985785474
https://openalex.org/W184948381
https://openalex.org/W2128951621
https://openalex.org/W2172292721
https://openalex.org/W1978403224
https://openalex.org/W2065246777
https://openalex.org/W2027981265
https://openalex.org/W4243122202
https://openalex.org/W1992193555
https://openalex.org/W1979600349
https://openalex.org/W2015610480
https://openalex.org/W2080518113
https://openalex.org/W2362082574
https://openalex.org/W2060757369
https://openalex.org/W2161842478
https://openalex.org/W65565690
https://openalex.org/W2036622733
https://openalex.org/W2156694871
https://openalex.org/W1886156337
https://openalex.org/W2272525520
https://openalex.org/W2068474455
https://openalex.org/W2158306517
https://openalex.org/W152612737
https://openalex.org/W2054093045
https://openalex.org/W2081544309
https://openalex.org/W1980977659
https://openalex.org/W1994107700
https://openalex.org/W2080506510
https://openalex.org/W12660874
https://openalex.org/W2068910226
https://openalex.org/W2090776952
https://openalex.org/W16322671
https://openalex.org/W2010874844
https://openalex.org/W2141034093
https://openalex.org/W2159280763
https://openalex.org/W2127088268
https://openalex.org/W2006588281
https://openalex.org/W2124257002
https://openalex.org/W1984163556
https://openalex.org/W1937700077
https://openalex.org/W2078090242
https://openalex.org/W2022663220
https://openalex.org/W2020558317
https://openalex.org/W2041399238
https://openalex.org/W2142431889
https://openalex.org/W2026621089
https://openalex.org/W2132333544
https://openalex.org/W1996557380
https://openalex.org/W2002850884
https://openalex.org/W2129632486
https://openalex.org/W1969777225
https://openalex.org/W2501349753
https://openalex.org/W2155926405
https://openalex.org/W1875720097
https://openalex.org/W2008260698
https://openalex.org/W2033471902
https://openalex.org/W2314552137
https://openalex.org/W1989482264
https://openalex.org/W2154331804
https://openalex.org/W1717835252
https://openalex.org/W2535188612
https://openalex.org/W1998837278
https://openalex.org/W2143515687
https://openalex.org/W2170023089
https://openalex.org/W576588225
https://openalex.org/W2119500059
https://openalex.org/W2120440924
https://openalex.org/W2000428109
https://openalex.org/W1986300737
https://openalex.org/W2047944199
https://openalex.org/W2498457897
https://openalex.org/W1975143971
https://openalex.org/W1973427834
https://openalex.org/W2986270226
https://openalex.org/W2796535607
https://openalex.org/W2028643667
https://openalex.org/W2063829375
https://openalex.org/W2902428717
https://openalex.org/W2309750345
https://openalex.org/W2587830394
https://openalex.org/W2204668488
https://openalex.org/W2941995248
https://openalex.org/W2785459526
https://openalex.org/W2754546558
https://openalex.org/W2982424910
https://openalex.org/W3198305631
https://openalex.org/W2586917727
https://openalex.org/W2794392339
https://openalex.org/W3122482492
https://openalex.org/W2970934024
https://openalex.org/W3113152292
https://openalex.org/W2937856832
https://openalex.org/W2996135673
https://openalex.org/W3137046421
https://openalex.org/W2945199957
https://openalex.org/W3119496554
https://openalex.org/W3123781519
https://openalex.org/W3097306118
https://openalex.org/W3124717955
https://openalex.org/W3122961937
https://openalex.org/W3185197944
https://openalex.org/W4207028604
https://openalex.org/W4316036617
https://openalex.org/W2040549890
https://openalex.org/W1520814868
https://openalex.org/W1539541179
https://openalex.org/W2100222522
https://openalex.org/W2169982662
https://openalex.org/W2472758901
https://openalex.org/W2159215614
https://openalex.org/W1980458532
https://openalex.org/W2023991915
https://openalex.org/W2051695273
https://openalex.org/W2054313215
https://openalex.org/W2613414253
https://openalex.org/W2068066782
https://openalex.org/W2125323766
https://openalex.org/W1848018469
https://openalex.org/W2002204776
https://openalex.org/W1986404381
https://openalex.org/W2050145747
https://openalex.org/W2075863486
https://openalex.org/W2062011427
https://openalex.org/W2207608644
https://openalex.org/W2128197293
https://openalex.org/W1255757723
https://openalex.org/W1987239385
https://openalex.org/W2187359559
https://openalex.org/W2172056358
https://openalex.org/W2155181409
https://openalex.org/W1830478373
https://openalex.org/W2135579781
https://openalex.org/W2066624893
https://openalex.org/W2145848933
https://openalex.org/W1982969569
https://openalex.org/W1997274335
https://openalex.org/W2114809915
https://openalex.org/W2129268120
https://openalex.org/W2083483943
https://openalex.org/W1997727534
https://openalex.org/W2028038199
https://openalex.org/W2118216442
https://openalex.org/W2021285425
https://openalex.org/W2063030302
https://openalex.org/W1998619235
https://openalex.org/W2111356635
https://openalex.org/W2141524476
https://openalex.org/W1961199144
https://openalex.org/W575507427
https://openalex.org/W2338163565
https://openalex.org/W1608782514
https://openalex.org/W2070398224
https://openalex.org/W2051127094
https://openalex.org/W2133350645
https://openalex.org/W2112171859
https://openalex.org/W2130957673
https://openalex.org/W2058204419
https://openalex.org/W2234342957
https://openalex.org/W1991907415
https://openalex.org/W2108328226
https://openalex.org/W2066106986
https://openalex.org/W2030077230
https://openalex.org/W2080922523
https://openalex.org/W2012723811
https://openalex.org/W2149481503
https://openalex.org/W2116981641
https://openalex.org/W2041998014
https://openalex.org/W2065418531
https://openalex.org/W1984293349
https://openalex.org/W1999550240
https://openalex.org/W2123299920
https://openalex.org/W2136528939
https://openalex.org/W2039914642
https://openalex.org/W2123486023
https://openalex.org/W2045674325
https://openalex.org/W1970335463
https://openalex.org/W1780842662
https://openalex.org/W2176132976
https://openalex.org/W2536629973
https://openalex.org/W1970431570
https://openalex.org/W1974654880
https://openalex.org/W1980075079
https://openalex.org/W2031274888
https://openalex.org/W2096694963
https://openalex.org/W2616727812
https://openalex.org/W2515678791
https://openalex.org/W2525181467
https://openalex.org/W2949990847
https://openalex.org/W1980142446
https://openalex.org/W2460159315
https://openalex.org/W1970171858
https://openalex.org/W1970700904
https://openalex.org/W2040592518
https://openalex.org/W2775699933
https://openalex.org/W2096053175
https://openalex.org/W1991092907
https://openalex.org/W2079985350
https://openalex.org/W2782163584
https://openalex.org/W4236863718
https://openalex.org/W1875231889
https://openalex.org/W2757549725
https://openalex.org/W3015416478
https://openalex.org/W3020406123
https://openalex.org/W3126120061
https://openalex.org/W3137426863
https://openalex.org/W3181511921
https://openalex.org/W3210667876
https://openalex.org/W3118890743
https://openalex.org/W4221039064
https://openalex.org/W4281609857
https://openalex.org/W4284671988
https://openalex.org/W4221024085
https://openalex.org/W4281773619
https://openalex.org/W4384207023
https://openalex.org/W4387996193
https://openalex.org/W4390740091
https://openalex.org/W4390971959
https://openalex.org/W4391104735
https://openalex.org/W4391167367
https://openalex.org/W2007938102
https://openalex.org/W2008351370
https://openalex.org/W2097779513
https://openalex.org/W2010987628
https://openalex.org/W2121960150
https://openalex.org/W1976826704
https://openalex.org/W1990286749
https://openalex.org/W1990235837
https://openalex.org/W2012828649
https://openalex.org/W2021260370
https://openalex.org/W2144876507
https://openalex.org/W2416019871
https://openalex.org/W1524403075
https://openalex.org/W1521227040
https://openalex.org/W1971100803
https://openalex.org/W1996974151
https://openalex.org/W2099435448
https://openalex.org/W182256207
https://openalex.org/W1987361428
https://openalex.org/W2020725031
https://openalex.org/W2086323375
https://openalex.org/W2128287254
https://openalex.org/W3100963788
https://openalex.org/W1767074590
https://openalex.org/W1981348465
https://openalex.org/W2062535870
https://openalex.org/W263827941
https://openalex.org/W2863643
https://openalex.org/W1976416432
https://openalex.org/W2065865658
https://openalex.org/W2072616338
https://openalex.org/W1798952685
https://openalex.org/W1966487974
https://openalex.org/W2050671260
https://openalex.org/W1969721783
https://openalex.org/W2054791010
https://openalex.org/W2015567177
https://openalex.org/W1963584997
https://openalex.org/W2034769634
https://openalex.org/W2047225062
https://openalex.org/W2095605951
https://openalex.org/W2118198704
https://openalex.org/W2026408174
https://openalex.org/W2031396147
https://openalex.org/W2046890382
https://openalex.org/W2050073898
https://openalex.org/W2074487788
https://openalex.org/W2059840356
https://openalex.org/W2084346077
https://openalex.org/W2150709239
https://openalex.org/W2036530908
https://openalex.org/W2052330084
https://openalex.org/W2118020140
https://openalex.org/W1980423267
https://openalex.org/W2076888931
https://openalex.org/W2151130196
https://openalex.org/W2064185406
https://openalex.org/W2092898308
https://openalex.org/W1550803977
https://openalex.org/W1988452478
https://openalex.org/W2070037510
https://openalex.org/W2126199370
https://openalex.org/W2407094788
https://openalex.org/W2123632471
https://openalex.org/W1568949798
https://openalex.org/W2058192640
https://openalex.org/W1985445562
https://openalex.org/W2501735116
https://openalex.org/W160323443
https://openalex.org/W2157014621
https://openalex.org/W2046723655
https://openalex.org/W1996264923
https://openalex.org/W2130534165
https://openalex.org/W2003902305
https://openalex.org/W2022945847
https://openalex.org/W1987804887
https://openalex.org/W2016755378
https://openalex.org/W1956644265
https://openalex.org/W1989723520
https://openalex.org/W2024504376
https://openalex.org/W2099091042
https://openalex.org/W2120141041
https://openalex.org/W2800287861
https://openalex.org/W2808869732
https://openalex.org/W2039742351
https://openalex.org/W2752262703
https://openalex.org/W2803714261
https://openalex.org/W2287960013
https://openalex.org/W2344234652
https://openalex.org/W2613496389
https://openalex.org/W2588287126
https://openalex.org/W2636992842
https://openalex.org/W2746693967
https://openalex.org/W2929299742
https://openalex.org/W2952381571
https://openalex.org/W2782646756
https://openalex.org/W2963589210
https://openalex.org/W2913393142
https://openalex.org/W2937443713
https://openalex.org/W2989939172
https://openalex.org/W3111212078
https://openalex.org/W3138815959
https://openalex.org/W4200606080
https://openalex.org/W4225985127
https://openalex.org/W4286009623
https://openalex.org/W4221023167
https://openalex.org/W4225124987
https://openalex.org/W4327957493
https://openalex.org/W4318831745
https://openalex.org/W4321332728
https://openalex.org/W4377140076
https://openalex.org/W2135455143
https://openalex.org/W2022351142
https://openalex.org/W2114469722
https://openalex.org/W2076480832
https://openalex.org/W2082542367
https://openalex.org/W2019738419
https://openalex.org/W2050081933
https://openalex.org/W2118927871
https://openalex.org/W1977459141
https://openalex.org/W2049232451
https://openalex.org/W2108885819
https://openalex.org/W2147838755
https://openalex.org/W1513892914
https://openalex.org/W2142801964
https://openalex.org/W2048650744
https://openalex.org/W2073829357
https://openalex.org/W144340857
https://openalex.org/W2015115970
https://openalex.org/W2039194368
https://openalex.org/W2088563776
https://openalex.org/W2116573291
https://openalex.org/W1980605841
https://openalex.org/W2011713138
https://openalex.org/W2067463453
https://openalex.org/W1986859398
https://openalex.org/W2014402707
https://openalex.org/W2033262167
https://openalex.org/W2048617640
https://openalex.org/W2082740377
https://openalex.org/W2134920558
https://openalex.org/W1994321217
https://openalex.org/W2004935263
https://openalex.org/W2066829425
https://openalex.org/W2083549712
https://openalex.org/W2122736655
https://openalex.org/W2079916308
https://openalex.org/W2166412386
https://openalex.org/W2086699208
https://openalex.org/W1508662384
https://openalex.org/W1965553834
https://openalex.org/W2034239274
https://openalex.org/W1960968633
https://openalex.org/W2157192540
https://openalex.org/W2160933226
https://openalex.org/W2264459160
https://openalex.org/W1901686220
https://openalex.org/W3106464131
https://openalex.org/W2074929375
https://openalex.org/W2064852634
https://openalex.org/W2134032000
https://openalex.org/W2011560533
https://openalex.org/W2150062053
https://openalex.org/W2012726887
https://openalex.org/W1975795500
https://openalex.org/W1994415577
https://openalex.org/W1967365559
https://openalex.org/W2143809749
https://openalex.org/W1561230440
https://openalex.org/W2105465676
https://openalex.org/W2132408826
https://openalex.org/W2077261449
https://openalex.org/W2105726511
https://openalex.org/W1774840790
https://openalex.org/W2143044388
https://openalex.org/W2083507269
https://openalex.org/W2092415623
https://openalex.org/W2335482074
https://openalex.org/W1972057082
https://openalex.org/W2142504701
https://openalex.org/W1965881058
https://openalex.org/W1969513982
https://openalex.org/W2478092092
https://openalex.org/W2527930826
https://openalex.org/W2770283201
https://openalex.org/W1935361355
https://openalex.org/W2094006758
https://openalex.org/W2276701634
https://openalex.org/W2155642774
https://openalex.org/W2413668713
https://openalex.org/W2463578904
https://openalex.org/W2774649813
https://openalex.org/W1988786589
https://openalex.org/W2277177391
https://openalex.org/W2588956304
https://openalex.org/W2594400855
https://openalex.org/W2621616755
https://openalex.org/W2238411894
https://openalex.org/W2321483747
https://openalex.org/W2556237555
https://openalex.org/W2807828567
https://openalex.org/W2941548089
https://openalex.org/W2767948279
https://openalex.org/W2944623904
https://openalex.org/W2980523246
https://openalex.org/W2792182981
https://openalex.org/W2940690224
https://openalex.org/W2947827062
https://openalex.org/W2907695013
https://openalex.org/W2947973474
https://openalex.org/W2970081250
https://openalex.org/W2947289837
https://openalex.org/W2957686514
https://openalex.org/W3005368653
https://openalex.org/W3123685840
https://openalex.org/W3111204567
https://openalex.org/W3212726718
https://openalex.org/W4205594908
https://openalex.org/W4225393630
https://openalex.org/W4292219975
https://openalex.org/W4320710206
https://openalex.org/W4376636591
https://openalex.org/W4386117077
https://openalex.org/W1963723684
https://openalex.org/W2008116313
https://openalex.org/W2204389047
https://openalex.org/W2335153919
https://openalex.org/W2051723842
https://openalex.org/W2080701310
https://openalex.org/W2112360431
https://openalex.org/W1967748929
https://openalex.org/W2022753461
https://openalex.org/W2087898326
https://openalex.org/W1973809085
https://openalex.org/W1997359705
https://openalex.org/W2067944903
https://openalex.org/W2055788846
https://openalex.org/W2012382149
https://openalex.org/W2036206486
https://openalex.org/W2048359462
https://openalex.org/W1495736723
https://openalex.org/W2340208317
https://openalex.org/W1990459275
https://openalex.org/W2131561239
https://openalex.org/W2164427429
https://openalex.org/W132624603
https://openalex.org/W1994157745
https://openalex.org/W1974811592
https://openalex.org/W2325825009
https://openalex.org/W1561766484
https://openalex.org/W2078859894
https://openalex.org/W1999458818
https://openalex.org/W2091507808
https://openalex.org/W1764442744
https://openalex.org/W2060824469
https://openalex.org/W2066220154
https://openalex.org/W2111753769
https://openalex.org/W1967518830
https://openalex.org/W2047520039
https://openalex.org/W1903882832
https://openalex.org/W2002100031
https://openalex.org/W2022497001
https://openalex.org/W2226002718
https://openalex.org/W2020846029
https://openalex.org/W2055957864
https://openalex.org/W2161091338
https://openalex.org/W2082807764
https://openalex.org/W2140801703
https://openalex.org/W2154300377
https://openalex.org/W2325002332
https://openalex.org/W31029416
https://openalex.org/W2059286577
https://openalex.org/W2076675434
https://openalex.org/W2000200351
https://openalex.org/W2005873737
https://openalex.org/W2081810674
https://openalex.org/W2018891060
https://openalex.org/W2063515416
https://openalex.org/W2118781345
https://openalex.org/W1964406598
https://openalex.org/W2067118961
https://openalex.org/W2314165801
https://openalex.org/W2767553957
https://openalex.org/W2938967928
https://openalex.org/W1986009103
https://openalex.org/W2402531011
https://openalex.org/W2602097487
https://openalex.org/W2034442190
https://openalex.org/W2772946961
https://openalex.org/W3105120751
https://openalex.org/W2256786584
https://openalex.org/W2404748569
https://openalex.org/W2850962900
https://openalex.org/W2946198693
https://openalex.org/W2418161118
https://openalex.org/W2524472731
https://openalex.org/W2996681413
https://openalex.org/W2919470454
https://openalex.org/W3088968684
https://openalex.org/W3033723467
https://openalex.org/W2989012597
https://openalex.org/W3016514471
https://openalex.org/W3097304380
https://openalex.org/W3089346364
https://openalex.org/W3157177329
https://openalex.org/W3125387173
https://openalex.org/W3179138139
https://openalex.org/W3093865045
https://openalex.org/W3173775082
https://openalex.org/W4220886572
https://openalex.org/W1550402504
https://openalex.org/W2037244265
https://openalex.org/W2130230410
https://openalex.org/W2131168674
https://openalex.org/W2141184613
https://openalex.org/W4256458913
https://openalex.org/W2004103247
https://openalex.org/W2097768427
https://openalex.org/W2134690493
https://openalex.org/W2034937738
https://openalex.org/W2169803842
https://openalex.org/W1974871240
https://openalex.org/W2051555919
https://openalex.org/W2139357859
https://openalex.org/W2399154511
https://openalex.org/W2019506456
https://openalex.org/W2096680298
https://openalex.org/W2099817124
https://openalex.org/W2126534830
https://openalex.org/W2165513700
https://openalex.org/W2403641895
https://openalex.org/W56182252
https://openalex.org/W1978756824
https://openalex.org/W1999552097
https://openalex.org/W2083030660
https://openalex.org/W2088924119
https://openalex.org/W1490702283
https://openalex.org/W2078199159
https://openalex.org/W2911471049
https://openalex.org/W1970542964
https://openalex.org/W1969243089
https://openalex.org/W1978038625
https://openalex.org/W2079082146
https://openalex.org/W2083525950
https://openalex.org/W2277793709
https://openalex.org/W127451926
https://openalex.org/W1542241081
https://openalex.org/W2016025054
https://openalex.org/W2024069374
https://openalex.org/W2058582587
https://openalex.org/W2296570222
https://openalex.org/W2012423519
https://openalex.org/W2039917033
https://openalex.org/W1865716530
https://openalex.org/W2008775243
https://openalex.org/W2005334982
https://openalex.org/W2015792957
https://openalex.org/W2055695670
https://openalex.org/W4247117860
https://openalex.org/W2028057179
https://openalex.org/W3102005926
https://openalex.org/W2020923927
https://openalex.org/W2071256502
https://openalex.org/W2115227167
https://openalex.org/W624032887
https://openalex.org/W1995541338
https://openalex.org/W2003127518
https://openalex.org/W2030573374
https://openalex.org/W2148010538
https://openalex.org/W1980412791
https://openalex.org/W1995498806
https://openalex.org/W2027544658
https://openalex.org/W2040392169
https://openalex.org/W2128808001
https://openalex.org/W1893241373
https://openalex.org/W1988960463
https://openalex.org/W2055570645
https://openalex.org/W2301118721
https://openalex.org/W2906504496
https://openalex.org/W2074267210
https://openalex.org/W2255363198
https://openalex.org/W2396564338
https://openalex.org/W2556424962
https://openalex.org/W2627041764
https://openalex.org/W2780417766
https://openalex.org/W579659199
https://openalex.org/W983221446
https://openalex.org/W2427368421
https://openalex.org/W2765148135
https://openalex.org/W2900477598
https://openalex.org/W2508027063
https://openalex.org/W2618657772
https://openalex.org/W2758090759
https://openalex.org/W2884697387
https://openalex.org/W2889883223
https://openalex.org/W2899482279
https://openalex.org/W2971192231
https://openalex.org/W3036566920
https://openalex.org/W3106245616
https://openalex.org/W3124248612
https://openalex.org/W3134321825
https://openalex.org/W2415069661
https://openalex.org/W3119498244
https://openalex.org/W3182323992
https://openalex.org/W4200269665
https://openalex.org/W3204356979
https://openalex.org/W4225015531
https://openalex.org/W4281396944
https://openalex.org/W4281295874
https://openalex.org/W4281968499
https://openalex.org/W4309243099
https://openalex.org/W4313594772
https://openalex.org/W4318712265
https://openalex.org/W4323924710
https://openalex.org/W4363677798
https://openalex.org/W4384662013
https://openalex.org/W4387435587
https://openalex.org/W4387459905
https://openalex.org/W4388961391
https://openalex.org/W1968587304
https://openalex.org/W2071922349
https://openalex.org/W1964123522
https://openalex.org/W1972138927
https://openalex.org/W1982418906
https://openalex.org/W2027679534
https://openalex.org/W2080003183
https://openalex.org/W1986518004
https://openalex.org/W2028078939
https://openalex.org/W2048076626
https://openalex.org/W2132057894
https://openalex.org/W2010038166
https://openalex.org/W2012383552
https://openalex.org/W2101194472
https://openalex.org/W2144680317
https://openalex.org/W2110088633
https://openalex.org/W4229574182
https://openalex.org/W2086274603
https://openalex.org/W2140532893
https://openalex.org/W1555398015
https://openalex.org/W2066401312
https://openalex.org/W2147515294
https://openalex.org/W1978689892
https://openalex.org/W2422108216
https://openalex.org/W1995622107
https://openalex.org/W2101285226
https://openalex.org/W1986167357
https://openalex.org/W2182156071
https://openalex.org/W2095445547
https://openalex.org/W1972414075
https://openalex.org/W2025152627
https://openalex.org/W2078837540
https://openalex.org/W2089749755
https://openalex.org/W1984080318
https://openalex.org/W2113127095
https://openalex.org/W2037540731
https://openalex.org/W2038697265
https://openalex.org/W2050379869
https://openalex.org/W1559322128
https://openalex.org/W2010964505
https://openalex.org/W2018223400
https://openalex.org/W2074516165
https://openalex.org/W1945691552
https://openalex.org/W2134153487
https://openalex.org/W2409058973
https://openalex.org/W1527782622
https://openalex.org/W2000622946
https://openalex.org/W2017789545
https://openalex.org/W2020865581
https://openalex.org/W2038213696
https://openalex.org/W2085384625
https://openalex.org/W2085740982
https://openalex.org/W2593186364
https://openalex.org/W2597974013
https://openalex.org/W2797064726
https://openalex.org/W2550426731
https://openalex.org/W2786979813
https://openalex.org/W2796123641
https://openalex.org/W2906780380
https://openalex.org/W2969210291
https://openalex.org/W3047879980
https://openalex.org/W3087779535
https://openalex.org/W3094718696
https://openalex.org/W3045508399
https://openalex.org/W3060271728
https://openalex.org/W3009292837
https://openalex.org/W3174045695
https://openalex.org/W3153469180
https://openalex.org/W4210572574
https://openalex.org/W4225287713
https://openalex.org/W4229026751
https://openalex.org/W4280634319
https://openalex.org/W4281853536
https://openalex.org/W4387007164
https://openalex.org/W4388028164
https://openalex.org/W4389328360
https://openalex.org/W4389373243
https://openalex.org/W4390501065
https://openalex.org/W4390739609
https://openalex.org/W4391018066
https://openalex.org/W4391091849
https://openalex.org/W4391102416
https://openalex.org/W4391242646
https://openalex.org/W4391744702
https://openalex.org/W4391928835
https://openalex.org/W4392238226
https://openalex.org/W4392605178
https://openalex.org/W4392655874
https://openalex.org/W4392714574
https://openalex.org/W4392715608
https://openalex.org/W4393898943
https://openalex.org/W4394221571
https://openalex.org/W4394616254
https://openalex.org/W4394766525
https://openalex.org/W4394844243
https://openalex.org/W4394915331
https://openalex.org/W4394994361
https://openalex.org/W4395011811
https://openalex.org/W4395075418
https://openalex.org/W4395098079
https://openalex.org/W4395661828
https://openalex.org/W4396495068
https://openalex.org/W4396597636
https://openalex.org/W2014155116
https://openalex.org/W2083961765
https://openalex.org/W2416598617
https://openalex.org/W4238561270
https://openalex.org/W1979603716
https://openalex.org/W2085971953
https://openalex.org/W2418522687
https://openalex.org/W2023241724
https://openalex.org/W2027475384
https://openalex.org/W1997681003
https://openalex.org/W2081053368
https://openalex.org/W2016143766
https://openalex.org/W2180935724
https://openalex.org/W1979919012
https://openalex.org/W1983738014
https://openalex.org/W2018874893
https://openalex.org/W2038897702
https://openalex.org/W2109074527
https://openalex.org/W2161478715
https://openalex.org/W2003289579
https://openalex.org/W2009870175
https://openalex.org/W2035162038
https://openalex.org/W2035215331
https://openalex.org/W2078499728
https://openalex.org/W2084855042
https://openalex.org/W2011358311
https://openalex.org/W2008211330
https://openalex.org/W2116826054
https://openalex.org/W2055489780
https://openalex.org/W2032881444
https://openalex.org/W2099310046
https://openalex.org/W2044744350
https://openalex.org/W2326208136
https://openalex.org/W2088730549
https://openalex.org/W2053280678
https://openalex.org/W2080590758
https://openalex.org/W2163570490
https://openalex.org/W1996077290
https://openalex.org/W1982169997
https://openalex.org/W1998180655
https://openalex.org/W2045169250
https://openalex.org/W2054851610
https://openalex.org/W2088383174
https://openalex.org/W2149543187
https://openalex.org/W1972894298
https://openalex.org/W2067796025
https://openalex.org/W1969014044
https://openalex.org/W2596134250
https://openalex.org/W2737774898
https://openalex.org/W2808318596
https://openalex.org/W2883276588
https://openalex.org/W2890777227
https://openalex.org/W2559599233
https://openalex.org/W2916919147
https://openalex.org/W2972466499
https://openalex.org/W2980572777
https://openalex.org/W652500839
https://openalex.org/W2428094791
https://openalex.org/W2522791969
https://openalex.org/W2911883878
https://openalex.org/W2943141873
https://openalex.org/W3095075675
https://openalex.org/W3121158687
https://openalex.org/W3122227963
https://openalex.org/W3130459365
https://openalex.org/W3203257241
https://openalex.org/W3211129665
https://openalex.org/W1932000250
https://openalex.org/W4296026214
https://openalex.org/W4321610939
https://openalex.org/W4323348298
https://openalex.org/W4365135380
https://openalex.org/W4379879624
https://openalex.org/W4382983411
https://openalex.org/W4386267871
https://openalex.org/W4386768757
https://openalex.org/W4387095536
https://openalex.org/W2171560047
https://openalex.org/W2021210128
https://openalex.org/W2126036775
https://openalex.org/W2055376806
https://openalex.org/W2094186976
https://openalex.org/W2281439850
https://openalex.org/W193954693
https://openalex.org/W1986005639
https://openalex.org/W2001343296
https://openalex.org/W2006614646
https://openalex.org/W2098579113
https://openalex.org/W1523193039
https://openalex.org/W1975145253
https://openalex.org/W2019892617
https://openalex.org/W2077165261
https://openalex.org/W2084485201
https://openalex.org/W1564690392
https://openalex.org/W2002642378
https://openalex.org/W2073695712
https://openalex.org/W2076121737
https://openalex.org/W2404810224
https://openalex.org/W149754113
https://openalex.org/W1975341415
https://openalex.org/W2033867762
https://openalex.org/W2122479936
https://openalex.org/W2164046239
https://openalex.org/W2332774199
https://openalex.org/W2008489209
https://openalex.org/W2087325076
https://openalex.org/W2138940954
https://openalex.org/W1668302104
https://openalex.org/W2405060998
https://openalex.org/W2057024277
https://openalex.org/W2087537318
https://openalex.org/W2343412444
https://openalex.org/W1976725431
https://openalex.org/W2051767729
https://openalex.org/W1982943041
https://openalex.org/W2003306724
https://openalex.org/W1970846058
https://openalex.org/W1976847608
https://openalex.org/W1975852209
https://openalex.org/W2021159965
https://openalex.org/W2009188786
https://openalex.org/W2126689854
https://openalex.org/W2146189022
https://openalex.org/W1973003236
https://openalex.org/W2011892159
https://openalex.org/W2015251465
https://openalex.org/W2129500801
https://openalex.org/W2185467061
https://openalex.org/W2239527430
https://openalex.org/W2032417705
https://openalex.org/W2095161320
https://openalex.org/W2314434613
https://openalex.org/W2084468211
https://openalex.org/W2133830350
https://openalex.org/W2327486374
https://openalex.org/W2591417573
https://openalex.org/W2075471115
https://openalex.org/W2433260735
https://openalex.org/W2530328848
https://openalex.org/W2337159640
https://openalex.org/W2949211409
https://openalex.org/W3043588200
https://openalex.org/W3095619376
https://openalex.org/W3217220497
https://openalex.org/W4210469865
https://openalex.org/W4210561392
https://openalex.org/W4281476976
https://openalex.org/W4289712086
https://openalex.org/W1596001864
https://openalex.org/W2061744667
https://openalex.org/W2104490407
https://openalex.org/W2158159586
https://openalex.org/W2003362590
https://openalex.org/W1873062439
https://openalex.org/W2061636109
https://openalex.org/W2001273422
https://openalex.org/W2024674593
https://openalex.org/W2047937474
https://openalex.org/W1973963167
https://openalex.org/W2110834491
https://openalex.org/W2029937698
https://openalex.org/W2073241584
https://openalex.org/W2103419774
https://openalex.org/W2020027257
https://openalex.org/W2095436379
https://openalex.org/W2432290759
https://openalex.org/W2022418727
https://openalex.org/W2103076585
https://openalex.org/W2254924583
https://openalex.org/W2900768805
https://openalex.org/W1977982517
https://openalex.org/W2066670282
https://openalex.org/W2107775053
https://openalex.org/W2019046809
https://openalex.org/W2085825501
https://openalex.org/W2102178672
https://openalex.org/W2058580063
https://openalex.org/W2064348860
https://openalex.org/W1602879139
https://openalex.org/W1983412641
https://openalex.org/W2018882320
https://openalex.org/W2023213010
https://openalex.org/W2087041589
https://openalex.org/W2096091323
https://openalex.org/W2327096862
https://openalex.org/W2070427176
https://openalex.org/W2076129597
https://openalex.org/W2520899387
https://openalex.org/W2597683933
https://openalex.org/W2789698800
https://openalex.org/W2795879302
https://openalex.org/W2571151447
https://openalex.org/W2802790292
https://openalex.org/W2891537288
https://openalex.org/W2994711929
https://openalex.org/W2982019590
https://openalex.org/W3021023856
https://openalex.org/W3046166758
https://openalex.org/W3080574993
https://openalex.org/W3132467798
https://openalex.org/W3165577530
https://openalex.org/W3200326107
https://openalex.org/W3205164379
https://openalex.org/W3168009621
https://openalex.org/W4212894691
https://openalex.org/W4282931079
https://openalex.org/W4285739061
https://openalex.org/W4285739146
https://openalex.org/W4297265680
https://openalex.org/W4307462281
https://openalex.org/W4310610901
https://openalex.org/W4311179974
https://openalex.org/W2039694363
https://openalex.org/W2090172856
https://openalex.org/W2043131817
https://openalex.org/W2043940703
https://openalex.org/W2014706807
https://openalex.org/W2003701897
https://openalex.org/W2087889505
https://openalex.org/W2092341922
https://openalex.org/W2038030353
https://openalex.org/W2084834479
https://openalex.org/W2409975600
https://openalex.org/W3021332974
https://openalex.org/W202915439
https://openalex.org/W2049817594
https://openalex.org/W2061598054
https://openalex.org/W2064615043
https://openalex.org/W1899828678
https://openalex.org/W2397226961
https://openalex.org/W2066764561
https://openalex.org/W2067845781
https://openalex.org/W2069905341
https://openalex.org/W2003880028
https://openalex.org/W2053849899
https://openalex.org/W2091864048
https://openalex.org/W1980137138
https://openalex.org/W207633926
https://openalex.org/W2084651085
https://openalex.org/W1773704789
https://openalex.org/W1965291029
https://openalex.org/W2159926229
https://openalex.org/W2165862012
https://openalex.org/W2471904806
https://openalex.org/W274255457
https://openalex.org/W2753851534
https://openalex.org/W2862849514
https://openalex.org/W2143761650
https://openalex.org/W2422244251
https://openalex.org/W2492321478
https://openalex.org/W2747686401
https://openalex.org/W2772398499
https://openalex.org/W2885576773
https://openalex.org/W2891237518
https://openalex.org/W2896714765
https://openalex.org/W2921359941
https://openalex.org/W2989975446
https://openalex.org/W2511965961
https://openalex.org/W3043074045
https://openalex.org/W3043876117
https://openalex.org/W3080387087
https://openalex.org/W3013393914
https://openalex.org/W3035591774
https://openalex.org/W3036813272
https://openalex.org/W3094744928
https://openalex.org/W3104930270
https://openalex.org/W3133999483
https://openalex.org/W3154850843
https://openalex.org/W3174771960
https://openalex.org/W3186356299
https://openalex.org/W4200382981
https://openalex.org/W2150993577
https://openalex.org/W1980572448
https://openalex.org/W1986504199
https://openalex.org/W2043589654
https://openalex.org/W2090175005
https://openalex.org/W2141291571
https://openalex.org/W2065990240
https://openalex.org/W2119698549
https://openalex.org/W2124776085
https://openalex.org/W2009022572
https://openalex.org/W2125999800
https://openalex.org/W2419396880
https://openalex.org/W2041987868
https://openalex.org/W2043153994
https://openalex.org/W2091812104
https://openalex.org/W2177410728
https://openalex.org/W2079199790
https://openalex.org/W2115862194
https://openalex.org/W2144725268
https://openalex.org/W2290560933
https://openalex.org/W2346206876
https://openalex.org/W1977189447
https://openalex.org/W2049332822
https://openalex.org/W2023098290
https://openalex.org/W2120571577
https://openalex.org/W1996469852
https://openalex.org/W2010389233
https://openalex.org/W2412191184
https://openalex.org/W1976757776
https://openalex.org/W2027955045
https://openalex.org/W2050726695
https://openalex.org/W2119854964
https://openalex.org/W2345179943
https://openalex.org/W2054528289
https://openalex.org/W2061698909
https://openalex.org/W2070355947
https://openalex.org/W2418729981
https://openalex.org/W2102906087
https://openalex.org/W1968439005
https://openalex.org/W2000935468
https://openalex.org/W2008015254
https://openalex.org/W2020508359
https://openalex.org/W2099972960
https://openalex.org/W2106813062
https://openalex.org/W2112126771
https://openalex.org/W2411765088
https://openalex.org/W1967282135
https://openalex.org/W1983260012
https://openalex.org/W1995322265
https://openalex.org/W2074316527
https://openalex.org/W209440783
https://openalex.org/W2765206948
https://openalex.org/W2808266929
https://openalex.org/W2885702820
https://openalex.org/W2944615460
https://openalex.org/W2950820301
https://openalex.org/W2979692409
https://openalex.org/W2980568228
https://openalex.org/W4211208080
https://openalex.org/W2466919830
https://openalex.org/W2936044493
https://openalex.org/W2998099994
https://openalex.org/W2984690253
https://openalex.org/W3038120396
https://openalex.org/W3106958647
https://openalex.org/W3123677350
https://openalex.org/W3129727395
https://openalex.org/W3137580072
https://openalex.org/W3187221461
https://openalex.org/W3215818202
https://openalex.org/W4200106159
https://openalex.org/W4206405365
https://openalex.org/W4213456747
https://openalex.org/W4225760767
https://openalex.org/W4281791002
https://openalex.org/W4293330246
https://openalex.org/W4306638480
https://openalex.org/W4303646432
https://openalex.org/W4306407238
https://openalex.org/W4308952847
https://openalex.org/W4313559179
https://openalex.org/W4319336036
https://openalex.org/W4321369081
https://openalex.org/W4323804349
https://openalex.org/W4365142625
https://openalex.org/W4366525377
https://openalex.org/W4377090828
https://openalex.org/W4380089374
https://openalex.org/W4384024371
https://openalex.org/W4385295193
https://openalex.org/W4385754248
https://openalex.org/W4387575076
https://openalex.org/W4388760410
https://openalex.org/W4389031956
https://openalex.org/W4390176102
https://openalex.org/W1533775555
https://openalex.org/W2047352959
https://openalex.org/W2059452366
https://openalex.org/W2069453391
https://openalex.org/W1973347413
https://openalex.org/W1989684350
https://openalex.org/W1994968181
https://openalex.org/W2015863058
https://openalex.org/W2051803612
https://openalex.org/W2078399981
https://openalex.org/W2116887049
https://openalex.org/W2169539848
https://openalex.org/W4298024889
https://openalex.org/W1981288361
https://openalex.org/W2074862923
https://openalex.org/W2090365513
https://openalex.org/W2119920686
https://openalex.org/W2403752069
https://openalex.org/W4234395860
https://openalex.org/W2404188102
https://openalex.org/W1602231130
https://openalex.org/W2044468436
https://openalex.org/W1876669332
https://openalex.org/W1982901836
https://openalex.org/W617586060
https://openalex.org/W2017455154
https://openalex.org/W2070090935
https://openalex.org/W2056995290
https://openalex.org/W1830166612
https://openalex.org/W1998122477
https://openalex.org/W2032692479
https://openalex.org/W2072888064
https://openalex.org/W2804626971
https://openalex.org/W2136965629
https://openalex.org/W2145673284
https://openalex.org/W2066470563
https://openalex.org/W2625146447
https://openalex.org/W2769982498
https://openalex.org/W2011150069
https://openalex.org/W2763772653
https://openalex.org/W2907016040
https://openalex.org/W2909262954
https://openalex.org/W2941341137
https://openalex.org/W2953325117
https://openalex.org/W2971699381
https://openalex.org/W2991499049
https://openalex.org/W15538384
https://openalex.org/W1985603553
https://openalex.org/W2018474787
https://openalex.org/W2029701222
https://openalex.org/W2049245234
https://openalex.org/W2085353466
https://openalex.org/W2137290894
https://openalex.org/W2033686988
https://openalex.org/W2035646224
https://openalex.org/W636796551
https://openalex.org/W2047420980
https://openalex.org/W2119193212
https://openalex.org/W1971718828
https://openalex.org/W258177474
https://openalex.org/W2031668139
https://openalex.org/W2175531508
https://openalex.org/W1898636150
https://openalex.org/W143901502
https://openalex.org/W2106138831
https://openalex.org/W2008501990
https://openalex.org/W2086402701
https://openalex.org/W2142081174
https://openalex.org/W1999984058
https://openalex.org/W1982407885
https://openalex.org/W2077326314
https://openalex.org/W2793472277
https://openalex.org/W2891698021
https://openalex.org/W2033964843
https://openalex.org/W2088561725
https://openalex.org/W2587796086
https://openalex.org/W2752139340
https://openalex.org/W2772721620
https://openalex.org/W2900139266
https://openalex.org/W2906530274
https://openalex.org/W2921801438
https://openalex.org/W2946341420
https://openalex.org/W2956457971
https://openalex.org/W2964552443
https://openalex.org/W2999198219
https://openalex.org/W3039404384
https://openalex.org/W3047833119
https://openalex.org/W3049223276
https://openalex.org/W2551695180
https://openalex.org/W2970305613
https://openalex.org/W3120122321
https://openalex.org/W3123892176
https://openalex.org/W3162008887
https://openalex.org/W3207050034
https://openalex.org/W3211861221
https://openalex.org/W2402357722
https://openalex.org/W1995751762
https://openalex.org/W1996233104
https://openalex.org/W2034745477
https://openalex.org/W2089415006
https://openalex.org/W1846115875
https://openalex.org/W1974396644
https://openalex.org/W2004763792
https://openalex.org/W2007556478
https://openalex.org/W2087255885
https://openalex.org/W2094492537
https://openalex.org/W23982329
https://openalex.org/W2045516477
https://openalex.org/W2093697115
https://openalex.org/W14325252
https://openalex.org/W1964731122
https://openalex.org/W2014052857
https://openalex.org/W2057553756
https://openalex.org/W2084463406
https://openalex.org/W2170068568
https://openalex.org/W1453191583
https://openalex.org/W2172786051
https://openalex.org/W1584198084
https://openalex.org/W2012291287
https://openalex.org/W2473567126
https://openalex.org/W4245640272
https://openalex.org/W2094193966
https://openalex.org/W1963577975
https://openalex.org/W1983840670
https://openalex.org/W2045460204
https://openalex.org/W2059515913
https://openalex.org/W2073300083
https://openalex.org/W2401242661
https://openalex.org/W2743844419
https://openalex.org/W2042677544
https://openalex.org/W2113746922
https://openalex.org/W2000301514
https://openalex.org/W2090454745
https://openalex.org/W2103688113
https://openalex.org/W2074119629
https://openalex.org/W2144447763
https://openalex.org/W2800192213
https://openalex.org/W2903164637
https://openalex.org/W1986855858
https://openalex.org/W2054254200
https://openalex.org/W2067757587
https://openalex.org/W2093578403
https://openalex.org/W2529108874
https://openalex.org/W2912451279
https://openalex.org/W2920495163
https://openalex.org/W2952244917
https://openalex.org/W2961253228
https://openalex.org/W2966151150
https://openalex.org/W2993056392
https://openalex.org/W2999606982
https://openalex.org/W3014015907
https://openalex.org/W3014718015
https://openalex.org/W3023768749
https://openalex.org/W3042318295
https://openalex.org/W3108112987
https://openalex.org/W3108567355
https://openalex.org/W3119456309
https://openalex.org/W3131947235
https://openalex.org/W3135625482
https://openalex.org/W3165294920
https://openalex.org/W3192755920
https://openalex.org/W3197723362
https://openalex.org/W3081821361
https://openalex.org/W4206943811
https://openalex.org/W4220852294
https://openalex.org/W4224007961
https://openalex.org/W4225417024
https://openalex.org/W4283317644
https://openalex.org/W4283378501
https://openalex.org/W4285025185
https://openalex.org/W4285272862
https://openalex.org/W4290101173
https://openalex.org/W4292485688
https://openalex.org/W4293106157
https://openalex.org/W1872312433
https://openalex.org/W1875951678
https://openalex.org/W1995031679
https://openalex.org/W2009133402
https://openalex.org/W2029126824
https://openalex.org/W2053140830
https://openalex.org/W2065635022
https://openalex.org/W2087353428
https://openalex.org/W2386553532
https://openalex.org/W2087719940
https://openalex.org/W2094744254
https://openalex.org/W240122793
https://openalex.org/W1546546283
https://openalex.org/W1968280941
https://openalex.org/W2017622012
https://openalex.org/W2203716633
https://openalex.org/W57892370
https://openalex.org/W2020036675
https://openalex.org/W2058875466
https://openalex.org/W2092597380
https://openalex.org/W2993906878
https://openalex.org/W1556438744
https://openalex.org/W2051423561
https://openalex.org/W2103172115
https://openalex.org/W1500030212
https://openalex.org/W1516144192
https://openalex.org/W2017295022
https://openalex.org/W2037592824
https://openalex.org/W2062389200
https://openalex.org/W2338523071
https://openalex.org/W211374922
https://openalex.org/W3710128
https://openalex.org/W1980667365
https://openalex.org/W2794015999
https://openalex.org/W2799602879
https://openalex.org/W2800843644
https://openalex.org/W2902959854
https://openalex.org/W1968441075
https://openalex.org/W1998324922
https://openalex.org/W1999011331
https://openalex.org/W2002888409
https://openalex.org/W2013489272
https://openalex.org/W2079832619
https://openalex.org/W2167035181
https://openalex.org/W2247274128
https://openalex.org/W2593828163
https://openalex.org/W2710310939
https://openalex.org/W2980286525
https://openalex.org/W3017416897
https://openalex.org/W3044902401
https://openalex.org/W3087803700
https://openalex.org/W3096284730
https://openalex.org/W3116118098
https://openalex.org/W12340343
https://openalex.org/W169164502
https://openalex.org/W2061429678
https://openalex.org/W1987301989
https://openalex.org/W1996138786
https://openalex.org/W2093416547
https://openalex.org/W2430548404
https://openalex.org/W1482945998
https://openalex.org/W1970545541
https://openalex.org/W2030558859
https://openalex.org/W2076344798
https://openalex.org/W2147507464
https://openalex.org/W4241946521
https://openalex.org/W2060323884
https://openalex.org/W103861468
https://openalex.org/W195399559
https://openalex.org/W2014904100
https://openalex.org/W2089145458
https://openalex.org/W2098972911
https://openalex.org/W2038828584
https://openalex.org/W2052760239
https://openalex.org/W2171739205
https://openalex.org/W1988859135
https://openalex.org/W1999726150
https://openalex.org/W2097173619
https://openalex.org/W2160263649
https://openalex.org/W2222905177
https://openalex.org/W642154328
https://openalex.org/W1978572220
https://openalex.org/W2076342318
https://openalex.org/W2914251483
https://openalex.org/W2915517353
https://openalex.org/W2944426525
https://openalex.org/W2973196014
https://openalex.org/W2994663747
https://openalex.org/W2052852751
https://openalex.org/W2116139842
https://openalex.org/W2117733767
https://openalex.org/W2323006232
https://openalex.org/W2590338563
https://openalex.org/W3081087976
https://openalex.org/W3110849519
https://openalex.org/W3122211135
https://openalex.org/W3122788139
https://openalex.org/W3134147289
https://openalex.org/W3175427952
https://openalex.org/W3197562067
https://openalex.org/W3199876208
https://openalex.org/W3212652611
https://openalex.org/W1979093348
https://openalex.org/W2016720531
https://openalex.org/W1585036827
https://openalex.org/W1971367871
https://openalex.org/W2027685457
https://openalex.org/W2046286040
https://openalex.org/W2060038932
https://openalex.org/W2167227485
https://openalex.org/W2200859417
https://openalex.org/W176667911
https://openalex.org/W1993442631
https://openalex.org/W2314369678
https://openalex.org/W2398181125
https://openalex.org/W1964089326
https://openalex.org/W1988628987
https://openalex.org/W2060156619
https://openalex.org/W2417946632
https://openalex.org/W2489129113
https://openalex.org/W4232172419
https://openalex.org/W2410810749
https://openalex.org/W2611987538
https://openalex.org/W2109439312
https://openalex.org/W2139235684
https://openalex.org/W1554769133
https://openalex.org/W1975408336
https://openalex.org/W2021359466
https://openalex.org/W2477748127
https://openalex.org/W2600911259
https://openalex.org/W2670136166
https://openalex.org/W2741624744
https://openalex.org/W2767543872
https://openalex.org/W2799301356
https://openalex.org/W2810481383
https://openalex.org/W2886077563
https://openalex.org/W2921377209
https://openalex.org/W2942760836
https://openalex.org/W3009949110
https://openalex.org/W3074916075
https://openalex.org/W3085663733
https://openalex.org/W3087827786
https://openalex.org/W3117287330
https://openalex.org/W3146927313
https://openalex.org/W97053522
https://openalex.org/W2390792725
https://openalex.org/W2423276646
https://openalex.org/W2599324535
https://openalex.org/W2784663258
https://openalex.org/W4210289069
https://openalex.org/W4281779897
https://openalex.org/W4283820452
https://openalex.org/W4289519290
https://openalex.org/W4291582566
https://openalex.org/W4294967914
https://openalex.org/W4306963853
https://openalex.org/W2016559719
https://openalex.org/W1899880477
https://openalex.org/W1963900812
https://openalex.org/W1970559756
https://openalex.org/W2033162257
https://openalex.org/W2161761136
https://openalex.org/W1590283354
https://openalex.org/W1999319063
https://openalex.org/W2076821564
https://openalex.org/W2101690492
https://openalex.org/W2329288460
https://openalex.org/W2330261925
https://openalex.org/W2897813481
https://openalex.org/W1480365295
https://openalex.org/W40013210
https://openalex.org/W138698562
https://openalex.org/W2107784151
https://openalex.org/W2157791184
https://openalex.org/W2328097077
https://openalex.org/W2481425012
https://openalex.org/W10235104
https://openalex.org/W136942262
https://openalex.org/W1975206088
https://openalex.org/W2086429829
https://openalex.org/W2026700563
https://openalex.org/W2060841555
https://openalex.org/W2087917079
https://openalex.org/W2124470987
https://openalex.org/W2153597015
https://openalex.org/W2016991783
https://openalex.org/W2030492853
https://openalex.org/W2044291962
https://openalex.org/W2064940454
https://openalex.org/W2096609848
https://openalex.org/W2318456026
https://openalex.org/W2590224300
https://openalex.org/W2591061905
https://openalex.org/W3049064894
https://openalex.org/W1564873271
https://openalex.org/W1992478973
https://openalex.org/W2147951494
https://openalex.org/W2351469843
https://openalex.org/W2414125052
https://openalex.org/W4234095010
https://openalex.org/W2416285542
https://openalex.org/W1994666243
https://openalex.org/W2072822788
https://openalex.org/W1500196844
https://openalex.org/W1996219171
https://openalex.org/W2081849963
https://openalex.org/W4235259679
https://openalex.org/W2075324936
https://openalex.org/W1974931740
https://openalex.org/W1975146016
https://openalex.org/W2021675253
https://openalex.org/W2040534410
https://openalex.org/W2170508289
https://openalex.org/W2752883432
https://openalex.org/W2971684994
https://openalex.org/W3009494712
https://openalex.org/W3014158935
https://openalex.org/W3030786024
https://openalex.org/W3045828689
https://openalex.org/W3046819994
https://openalex.org/W3093143761
https://openalex.org/W3117569315
https://openalex.org/W3122489451
https://openalex.org/W3127105114
https://openalex.org/W3153206396
https://openalex.org/W3161462563
https://openalex.org/W3200695752
https://openalex.org/W3212950841
https://openalex.org/W1975655341
https://openalex.org/W2046465240
https://openalex.org/W2048362430
https://openalex.org/W2055910698
https://openalex.org/W2305149595
https://openalex.org/W2406587970
https://openalex.org/W2410750889
https://openalex.org/W2434432954
https://openalex.org/W2466498316
https://openalex.org/W2073149619
https://openalex.org/W1776272380
https://openalex.org/W2050699583
https://openalex.org/W1546113653
https://openalex.org/W2030508943
https://openalex.org/W2242968383
https://openalex.org/W2794690605
https://openalex.org/W1526077813
https://openalex.org/W1840401479
https://openalex.org/W1901789852
https://openalex.org/W1972934045
https://openalex.org/W1992316529
https://openalex.org/W1999429937
https://openalex.org/W2051371678
https://openalex.org/W2052398511
https://openalex.org/W2078462687
https://openalex.org/W2090704094
https://openalex.org/W2124991925
https://openalex.org/W2144570111
https://openalex.org/W2163191730
https://openalex.org/W2248860797
https://openalex.org/W25542737
https://openalex.org/W2570365422
https://openalex.org/W2589500733
https://openalex.org/W2591101540
https://openalex.org/W2978687239
https://openalex.org/W42370913
https://openalex.org/W4247718053
https://openalex.org/W59868847
https://openalex.org/W977276326
https://openalex.org/W2016011350
https://openalex.org/W4284994704
https://openalex.org/W4313682964
https://openalex.org/W4319958359
https://openalex.org/W4320011358
https://openalex.org/W4323294490
https://openalex.org/W4323569508
https://openalex.org/W4352976843
https://openalex.org/W4363674014
https://openalex.org/W4366352713
https://openalex.org/W4367174028
https://openalex.org/W4377093867
https://openalex.org/W4378172327
https://openalex.org/W4379644942
https://openalex.org/W4380893850
https://openalex.org/W4381414174
https://openalex.org/W4382281254
https://openalex.org/W4382888863
https://openalex.org/W4383761316
https://openalex.org/W4383888245
https://openalex.org/W4384660939
https://openalex.org/W4384935533
https://openalex.org/W4385152961
https://openalex.org/W4385311826
https://openalex.org/W4385320085
https://openalex.org/W4385459592
https://openalex.org/W4385637783
https://openalex.org/W4385835764
https://openalex.org/W4385953516
https://openalex.org/W4386019209
https://openalex.org/W4386409697
https://openalex.org/W4386573800
https://openalex.org/W4387031336
https://openalex.org/W4387221133
https://openalex.org/W4387297012
https://openalex.org/W4387381130
https://openalex.org/W4387613332
https://openalex.org/W4387798244
https://openalex.org/W4387913398
https://openalex.org/W4387936677
https://openalex.org/W4388494814
https://openalex.org/W4388793060
https://openalex.org/W4388893280
https://openalex.org/W4388893518
https://openalex.org/W4389029311
https://openalex.org/W4389300457
https://openalex.org/W4389504743
https://openalex.org/W4390125725
https://openalex.org/W4390127082
https://openalex.org/W4390167574
https://openalex.org/W4390200668
https://openalex.org/W4390965106
https://openalex.org/W4390994459
https://openalex.org/W4392478250
https://openalex.org/W4394326066
https://openalex.org/W1983303652
https://openalex.org/W1987857668
https://openalex.org/W2083461654
https://openalex.org/W2402647276
https://openalex.org/W2323128220
https://openalex.org/W2407568167
https://openalex.org/W19950812
https://openalex.org/W2402210764
https://openalex.org/W37915803
https://openalex.org/W4247152714
https://openalex.org/W2952972232
https://openalex.org/W88068724
https://openalex.org/W207830407
https://openalex.org/W2611893654
https://openalex.org/W2743768625
https://openalex.org/W3011445832
https://openalex.org/W2418993417
https://openalex.org/W1981890994
https://openalex.org/W1996352210
https://openalex.org/W2024831129
https://openalex.org/W2031424945
https://openalex.org/W2032669084
https://openalex.org/W2052334503
https://openalex.org/W2464137413
https://openalex.org/W2045958948
https://openalex.org/W2337206926
https://openalex.org/W2430568370
https://openalex.org/W1761543080
https://openalex.org/W1995193763
https://openalex.org/W2089826199
https://openalex.org/W2474067438
https://openalex.org/W2949346956
https://openalex.org/W2949928919
https://openalex.org/W2951507703
https://openalex.org/W90998497
https://openalex.org/W1567304167
https://openalex.org/W1974241620
https://openalex.org/W2234166636
https://openalex.org/W2335304409
https://openalex.org/W2412679559
https://openalex.org/W2461355412
https://openalex.org/W2794888966
https://openalex.org/W2811211647
https://openalex.org/W2824096056
https://openalex.org/W2889034131
https://openalex.org/W2906820162
https://openalex.org/W2913825015
https://openalex.org/W2954494409
https://openalex.org/W2965282025
https://openalex.org/W2969530980
https://openalex.org/W2988653357
https://openalex.org/W2998699117
https://openalex.org/W3011802003
https://openalex.org/W3013858870
https://openalex.org/W3014010095
https://openalex.org/W3047106779
https://openalex.org/W3086128031
https://openalex.org/W3102549283
https://openalex.org/W3119765210
https://openalex.org/W3120778331
https://openalex.org/W3133515713
https://openalex.org/W3150646229
https://openalex.org/W3161056074
https://openalex.org/W3163862743
https://openalex.org/W3165413620
https://openalex.org/W3174158479
https://openalex.org/W3189468524
https://openalex.org/W3191961088
https://openalex.org/W4248846019
https://openalex.org/W2394622980
https://openalex.org/W2494259819
https://openalex.org/W2522354355
https://openalex.org/W2536083797
https://openalex.org/W2538462762
https://openalex.org/W2548601142
https://openalex.org/W2572610999
https://openalex.org/W2591038487
https://openalex.org/W2979107121
https://openalex.org/W4211002277
https://openalex.org/W4220713279
https://openalex.org/W4283019020
https://openalex.org/W4283751271
https://openalex.org/W4285818939
https://openalex.org/W4312112804
https://openalex.org/W1967410253
https://openalex.org/W198260835
https://openalex.org/W2033086612
https://openalex.org/W2084948524
https://openalex.org/W2282170947
https://openalex.org/W2415466060
https://openalex.org/W2588459987
https://openalex.org/W4238047102
https://openalex.org/W157394617
https://openalex.org/W191170011
https://openalex.org/W2100191158
https://openalex.org/W2412957102
https://openalex.org/W2431614472
https://openalex.org/W2468703002
https://openalex.org/W3122373934
https://openalex.org/W330312258
https://openalex.org/W2417566328
https://openalex.org/W2121179242
https://openalex.org/W2415673250
https://openalex.org/W2893196851
https://openalex.org/W3021695589
https://openalex.org/W4236460859
https://openalex.org/W146340006
https://openalex.org/W1610807178
https://openalex.org/W1973829227
https://openalex.org/W2003638797
https://openalex.org/W2007408246
https://openalex.org/W2022932729
https://openalex.org/W2025777563
https://openalex.org/W2032081239
https://openalex.org/W2065113477
https://openalex.org/W2092667105
https://openalex.org/W2137429787
https://openalex.org/W2174339939
https://openalex.org/W2275509845
https://openalex.org/W2288837533
https://openalex.org/W2300660157
https://openalex.org/W2321806899
https://openalex.org/W2325688877
https://openalex.org/W2326365226
https://openalex.org/W2332667850
https://openalex.org/W2402544070
https://openalex.org/W2414891079
https://openalex.org/W2494854842
https://openalex.org/W2507138574
https://openalex.org/W2589727879
https://openalex.org/W2590113618
https://openalex.org/W2742782714
https://openalex.org/W2922298690
https://openalex.org/W2992574484
https://openalex.org/W2992759463
https://openalex.org/W3217722250
https://openalex.org/W4242302548
https://openalex.org/W4286268149
https://openalex.org/W4309013773
https://openalex.org/W58686329
https://openalex.org/W59729376
https://openalex.org/W112390960
https://openalex.org/W1512699951
https://openalex.org/W185780648
https://openalex.org/W2414590689
https://openalex.org/W2594967986
https://openalex.org/W107193261
https://openalex.org/W1985766058
https://openalex.org/W1998072751
https://openalex.org/W2024479139
https://openalex.org/W2092430635
https://openalex.org/W2412963984
https://openalex.org/W2467744039
https://openalex.org/W2951247093
https://openalex.org/W2952410143
https://openalex.org/W2993184222
https://openalex.org/W1542905468
https://openalex.org/W1552466382
https://openalex.org/W2001775744
https://openalex.org/W2091904175
https://openalex.org/W2102061772
https://openalex.org/W2140291488
https://openalex.org/W2327675738
https://openalex.org/W2395160429
https://openalex.org/W2398139038
https://openalex.org/W2398668877
https://openalex.org/W2409810270
https://openalex.org/W2413386161
https://openalex.org/W2416294301
https://openalex.org/W2462239404
https://openalex.org/W2572766348
https://openalex.org/W2599431588
https://openalex.org/W2605607505
https://openalex.org/W2607188034
https://openalex.org/W2703132216
https://openalex.org/W3124316780
https://openalex.org/W4246136549
https://openalex.org/W1993355867
https://openalex.org/W1995542594
https://openalex.org/W2030325832
https://openalex.org/W2062549487
https://openalex.org/W2302373092
https://openalex.org/W2409125134
https://openalex.org/W2418723678
https://openalex.org/W2769266840
https://openalex.org/W4235082926
https://openalex.org/W4250332415
https://openalex.org/W92810986
https://openalex.org/W2397240122
https://openalex.org/W63126912
https://openalex.org/W69529994
https://openalex.org/W1975620929
https://openalex.org/W2058389721
https://openalex.org/W596737595
https://openalex.org/W1496887051
https://openalex.org/W1524874942
https://openalex.org/W1901667536
https://openalex.org/W1978553609
https://openalex.org/W2003057284
https://openalex.org/W2042482382
https://openalex.org/W2176330523
https://openalex.org/W2252651124
https://openalex.org/W2320824132
https://openalex.org/W2407459696
https://openalex.org/W2413650305
https://openalex.org/W2469390457
https://openalex.org/W2772167197
https://openalex.org/W2790423708
https://openalex.org/W2791650688
https://openalex.org/W2793061873
https://openalex.org/W2793748390
https://openalex.org/W2794250914
https://openalex.org/W2796771242
https://openalex.org/W2798724812
https://openalex.org/W2892547801
https://openalex.org/W2909981549
https://openalex.org/W3024733339
https://openalex.org/W3025073288
https://openalex.org/W3036137084
https://openalex.org/W330126715
https://openalex.org/W4230302218
https://openalex.org/W4236636000
https://openalex.org/W4244960550
https://openalex.org/W4245211491
https://openalex.org/W4390763994
https://openalex.org/W156043817
https://openalex.org/W2059769725
https://openalex.org/W2318903992
https://openalex.org/W2495935928
https://openalex.org/W4245366707
https://openalex.org/W94048429
https://openalex.org/W2068341255
https://openalex.org/W2412674719
https://openalex.org/W2061129845
https://openalex.org/W2279372009
https://openalex.org/W561626260
https://openalex.org/W1991906576
https://openalex.org/W2004848441
https://openalex.org/W2053078596
https://openalex.org/W2151885127
https://openalex.org/W2431582618
https://openalex.org/W2491612440
https://openalex.org/W2913800153
https://openalex.org/W2924889907
https://openalex.org/W2940515563
https://openalex.org/W2949104309
https://openalex.org/W2949828344
https://openalex.org/W2952011604
https://openalex.org/W2952389688
https://openalex.org/W2959714193
https://openalex.org/W2978033640
https://openalex.org/W3011825724
https://openalex.org/W3012478627
https://openalex.org/W3013860238
https://openalex.org/W3021248465
https://openalex.org/W3033439277
https://openalex.org/W3033593854
https://openalex.org/W3034702550
https://openalex.org/W3041971934
https://openalex.org/W3042372810
https://openalex.org/W3084350511
https://openalex.org/W3115788507
https://openalex.org/W3117353521
https://openalex.org/W3124302420
https://openalex.org/W4232155834
https://openalex.org/W4298330672
https://openalex.org/W1544679365
https://openalex.org/W1969586075
https://openalex.org/W2024969349
https://openalex.org/W2079080897
https://openalex.org/W2414024394
https://openalex.org/W2419320744
https://openalex.org/W2603070701
https://openalex.org/W2604201283
https://openalex.org/W9894927
https://openalex.org/W1985058905
https://openalex.org/W1996388270
https://openalex.org/W2044480335
https://openalex.org/W2067183760
https://openalex.org/W2336529385
https://openalex.org/W2952873185
https://openalex.org/W4229561772
https://openalex.org/W4253854154
https://openalex.org/W4254618528
https://openalex.org/W991740406
https://openalex.org/W2140731391
https://openalex.org/W2475873502
https://openalex.org/W2950518116
https://openalex.org/W2951126168
https://openalex.org/W3113204614
https://openalex.org/W3122112673
https://openalex.org/W3124429457
https://openalex.org/W3133514571
https://openalex.org/W3135680405
https://openalex.org/W3154494483
https://openalex.org/W3174084091
https://openalex.org/W3179485750
https://openalex.org/W3201560940
https://openalex.org/W4200499301
https://openalex.org/W2054357181
https://openalex.org/W2244941524
https://openalex.org/W2310929599
https://openalex.org/W2314996171
https://openalex.org/W2416344731
https://openalex.org/W2467020044
https://openalex.org/W4206271774
https://openalex.org/W4233333996
https://openalex.org/W1762915636
https://openalex.org/W1823402872
https://openalex.org/W1995822679
https://openalex.org/W2166145562
https://openalex.org/W2409889415
https://openalex.org/W2421005948
https://openalex.org/W2665071832
https://openalex.org/W4232640391
https://openalex.org/W2409702540
https://openalex.org/W2414100767
https://openalex.org/W2435469690
https://openalex.org/W1986519412
https://openalex.org/W1992494112
https://openalex.org/W1994817402
https://openalex.org/W2090475540
https://openalex.org/W2174887395
https://openalex.org/W2339582131
https://openalex.org/W2412284729
https://openalex.org/W2435034668
https://openalex.org/W2495276091
https://openalex.org/W4247096254
https://openalex.org/W632469418
https://openalex.org/W2006214947
https://openalex.org/W2013661902
https://openalex.org/W2143175184
https://openalex.org/W62779602
https://openalex.org/W1093090701
https://openalex.org/W1456292205
https://openalex.org/W1533647451
https://openalex.org/W1676081407
https://openalex.org/W1882296921
https://openalex.org/W1979381167
https://openalex.org/W1981511940
https://openalex.org/W1982271248
https://openalex.org/W1991887477
https://openalex.org/W2016780600
https://openalex.org/W2037873874
https://openalex.org/W2054744907
https://openalex.org/W2060612543
https://openalex.org/W2060706753
https://openalex.org/W2071333393
https://openalex.org/W2074390729
https://openalex.org/W2075362149
https://openalex.org/W2177358189
https://openalex.org/W2179957309
https://openalex.org/W2184895965
https://openalex.org/W2187261733
https://openalex.org/W2196595837
https://openalex.org/W2248706722
https://openalex.org/W2254136280
https://openalex.org/W2256447905
https://openalex.org/W2257186544
https://openalex.org/W2261178576
https://openalex.org/W2291095818
https://openalex.org/W2298808798
https://openalex.org/W2314754465
https://openalex.org/W2315596770
https://openalex.org/W2318585251
https://openalex.org/W2322535429
https://openalex.org/W2322801440
https://openalex.org/W2329072199
https://openalex.org/W2346598931
https://openalex.org/W2395707861
https://openalex.org/W2401197667
https://openalex.org/W2411696128
https://openalex.org/W2417511261
https://openalex.org/W2419426015
https://openalex.org/W2435321066
https://openalex.org/W2437041554
https://openalex.org/W2490222033
https://openalex.org/W2508373677
https://openalex.org/W2519406313
https://openalex.org/W2520932290
https://openalex.org/W2558766566
https://openalex.org/W2581866308
https://openalex.org/W2584252062
https://openalex.org/W2584897433
https://openalex.org/W2586775346
https://openalex.org/W2589064799
https://openalex.org/W2589228142
https://openalex.org/W2589259659
https://openalex.org/W2589623669
https://openalex.org/W2589931493
https://openalex.org/W2590437690
https://openalex.org/W2590576036
https://openalex.org/W2590697421
https://openalex.org/W2590713356
https://openalex.org/W2590760747
https://openalex.org/W2590792444
https://openalex.org/W2590867543
https://openalex.org/W2590886485
https://openalex.org/W2591086630
https://openalex.org/W2591357436
https://openalex.org/W2591554599
https://openalex.org/W2591716295
https://openalex.org/W2597699505
https://openalex.org/W2601968938
https://openalex.org/W2607629337
https://openalex.org/W2613037250
https://openalex.org/W2622659212
https://openalex.org/W26326548
https://openalex.org/W2738775507
https://openalex.org/W2743166522
https://openalex.org/W2746153160
https://openalex.org/W2746885677
https://openalex.org/W2747994629
https://openalex.org/W2748325238
https://openalex.org/W2749296720
https://openalex.org/W2750776912
https://openalex.org/W2750791300
https://openalex.org/W2762951642
https://openalex.org/W2764299912
https://openalex.org/W2765431943
https://openalex.org/W2781663990
https://openalex.org/W2791333327
https://openalex.org/W2801876548
https://openalex.org/W2805632049
https://openalex.org/W2891519618
https://openalex.org/W2914787952
https://openalex.org/W2914804037
https://openalex.org/W2916077913
https://openalex.org/W2921191844
https://openalex.org/W2923811249
https://openalex.org/W2942473597
https://openalex.org/W2947846359
https://openalex.org/W2967646549
https://openalex.org/W2972026324
https://openalex.org/W2978387358
https://openalex.org/W2980183054
https://openalex.org/W2989159469
https://openalex.org/W2994948012
https://openalex.org/W2996336719
https://openalex.org/W3013916306
https://openalex.org/W3014802501
https://openalex.org/W3024604416
https://openalex.org/W3025327911
https://openalex.org/W3025403847
https://openalex.org/W3035489055
https://openalex.org/W3038093191
https://openalex.org/W3080711946
https://openalex.org/W3098884558
https://openalex.org/W3105417938
https://openalex.org/W3111952783
https://openalex.org/W3137591136
https://openalex.org/W3159286455
https://openalex.org/W3191628755
https://openalex.org/W3193823733
https://openalex.org/W4211153621
https://openalex.org/W4229767265
https://openalex.org/W4232646000
https://openalex.org/W4233278827
https://openalex.org/W4234998302
https://openalex.org/W4235375402
https://openalex.org/W4385849743
https://openalex.org/W4394083790
https://openalex.org/W4394092256
https://openalex.org/W4394369607
https://openalex.org/W4394454576
https://openalex.org/W4394456714
https://openalex.org/W4394485221
https://openalex.org/W768530149
https://openalex.org/W78576245
https://openalex.org/W790009
https://openalex.org/W969878490
https://openalex.org/W3123206273
https://openalex.org/W4251158391
https://openalex.org/W1566115728
https://openalex.org/W158512836
https://openalex.org/W1666859830
https://openalex.org/W2396146687
https://openalex.org/W2500677912
https://openalex.org/W108087273
https://openalex.org/W1567860167
https://openalex.org/W1576752307
https://openalex.org/W1595564631
https://openalex.org/W163337428
https://openalex.org/W193341064
https://openalex.org/W1970659555
https://openalex.org/W1973495538
https://openalex.org/W1973634164
https://openalex.org/W1973938019
https://openalex.org/W1974163809
https://openalex.org/W1986109397
https://openalex.org/W1989322979
https://openalex.org/W2018174884
https://openalex.org/W2037658661
https://openalex.org/W2047235643
https://openalex.org/W2054787442
https://openalex.org/W2067331397
https://openalex.org/W2075302231
https://openalex.org/W2085166380
https://openalex.org/W2130647715
https://openalex.org/W2139278967
https://openalex.org/W2142686071
https://openalex.org/W2227366184
https://openalex.org/W2229046454
https://openalex.org/W2239128339
https://openalex.org/W2249093338
https://openalex.org/W2252544240
https://openalex.org/W2278800358
https://openalex.org/W2283063622
https://openalex.org/W2292100228
https://openalex.org/W2297675318
https://openalex.org/W2312353535
https://openalex.org/W2315035396
https://openalex.org/W2319398387
https://openalex.org/W2321962494
https://openalex.org/W2323628042
https://openalex.org/W2327438823
https://openalex.org/W2327481048
https://openalex.org/W2332857701
https://openalex.org/W2335603206
https://openalex.org/W2345499534
https://openalex.org/W2345623286
https://openalex.org/W2397345626
https://openalex.org/W2397567744
https://openalex.org/W2401556114
https://openalex.org/W2404620266
https://openalex.org/W2405385469
https://openalex.org/W2409394335
https://openalex.org/W2413324895
https://openalex.org/W2417520398
https://openalex.org/W2426550350
https://openalex.org/W2488305651
https://openalex.org/W2492663107
https://openalex.org/W2522558389
https://openalex.org/W2559754114
https://openalex.org/W2559767723
https://openalex.org/W2581480468
https://openalex.org/W2591092807
https://openalex.org/W2591837461
https://openalex.org/W2596456538
https://openalex.org/W2596476487
https://openalex.org/W2603266384
https://openalex.org/W2604726794
https://openalex.org/W2792903752
https://openalex.org/W2795271989
https://openalex.org/W2966172576
https://openalex.org/W2976488436
https://openalex.org/W2977699280
https://openalex.org/W2978410812
https://openalex.org/W2990179722
https://openalex.org/W2993004901
https://openalex.org/W2995076127
https://openalex.org/W2996060383
https://openalex.org/W2999709807
https://openalex.org/W3006489727
https://openalex.org/W3021135447
https://openalex.org/W3031098561
https://openalex.org/W3034187536
https://openalex.org/W3041232789
https://openalex.org/W3041959599
https://openalex.org/W3045602113
https://openalex.org/W3046741729
https://openalex.org/W3081450531
https://openalex.org/W3087027686
https://openalex.org/W3135618841
https://openalex.org/W3163369657
https://openalex.org/W3168314623
https://openalex.org/W3202853194
https://openalex.org/W4232564884
https://openalex.org/W4233400425
https://openalex.org/W4245125381
https://openalex.org/W62646674
https://openalex.org/W803048
https://openalex.org/W92231692
https://openalex.org/W935056748
https://openalex.org/W1968478048
https://openalex.org/W2017926565
https://openalex.org/W2019039522
https://openalex.org/W2053292871
https://openalex.org/W2095567723
https://openalex.org/W2105754058
https://openalex.org/W2157601479
https://openalex.org/W2313869485
https://openalex.org/W2314400526
https://openalex.org/W2415970489
https://openalex.org/W2417683734
https://openalex.org/W4255532730
https://openalex.org/W86433827
https://openalex.org/W1489319485
https://openalex.org/W1959498351
https://openalex.org/W1988415493
https://openalex.org/W2064673212
https://openalex.org/W2073752227
https://openalex.org/W2115458677
https://openalex.org/W2339281450
https://openalex.org/W2418553646
https://openalex.org/W4232004577
https://openalex.org/W4238233342
https://openalex.org/W4299422381
https://openalex.org/W4382491670
https://openalex.org/W1451055704
https://openalex.org/W1462775481
https://openalex.org/W1490819659
https://openalex.org/W1552645773
https://openalex.org/W163634832
https://openalex.org/W1664733790
https://openalex.org/W1965350792
https://openalex.org/W2012139626
https://openalex.org/W2068124621
https://openalex.org/W2186039285
https://openalex.org/W2258894095
https://openalex.org/W2268020105
https://openalex.org/W2302263486
https://openalex.org/W2331444813
https://openalex.org/W2337494702
https://openalex.org/W2421904130
https://openalex.org/W2603035497
https://openalex.org/W2604375401
https://openalex.org/W2604686669
https://openalex.org/W2604871706
https://openalex.org/W2605128895
https://openalex.org/W2605251668
https://openalex.org/W2606031178
https://openalex.org/W2618091470
https://openalex.org/W2621642465
https://openalex.org/W2696861509
https://openalex.org/W2723581963
https://openalex.org/W2739523123
https://openalex.org/W2743402491
https://openalex.org/W2743508701
https://openalex.org/W2746410743
https://openalex.org/W2748738031
https://openalex.org/W2749681489
https://openalex.org/W2752950858
https://openalex.org/W2767363499
https://openalex.org/W2770325149
https://openalex.org/W2784077939
https://openalex.org/W2795939383
https://openalex.org/W2885225659
https://openalex.org/W2891899689
https://openalex.org/W2936545531
https://openalex.org/W2964054093
https://openalex.org/W2975623617
https://openalex.org/W2993503440
https://openalex.org/W2995467423
https://openalex.org/W2995477140
https://openalex.org/W2997278112
https://openalex.org/W2998427590
https://openalex.org/W2998603658
https://openalex.org/W2998989850
https://openalex.org/W3000713258
https://openalex.org/W3007133132
https://openalex.org/W3013528282
https://openalex.org/W3040755939
https://openalex.org/W3041504624
https://openalex.org/W3088948447
https://openalex.org/W3120384446
https://openalex.org/W3151281896
https://openalex.org/W3189497153
https://openalex.org/W3199725894
https://openalex.org/W4206569930
https://openalex.org/W4206699908
https://openalex.org/W4230631585
https://openalex.org/W4232955512
https://openalex.org/W4254878573
https://openalex.org/W4394119024
https://openalex.org/W4394432409
https://openalex.org/W2075799294
https://openalex.org/W2394612402
https://openalex.org/W2399256579
https://openalex.org/W2413412109
https://openalex.org/W2443926468
https://openalex.org/W2496476699
https://openalex.org/W1002464752
https://openalex.org/W113776970
https://openalex.org/W1506802980
https://openalex.org/W1558781365
https://openalex.org/W1675674277
https://openalex.org/W169069025
https://openalex.org/W1988583847
https://openalex.org/W1992950005
https://openalex.org/W1996535996
https://openalex.org/W2008881300
https://openalex.org/W204140596
https://openalex.org/W2053578413
https://openalex.org/W206508395
https://openalex.org/W2071519166
https://openalex.org/W2089374434
https://openalex.org/W2245405302
https://openalex.org/W2255527322
https://openalex.org/W2301700031
https://openalex.org/W2308582107
https://openalex.org/W2310552628
https://openalex.org/W2312433054
https://openalex.org/W2337192073
https://openalex.org/W2370142678
https://openalex.org/W2395856688
https://openalex.org/W2399062580
https://openalex.org/W2422551117
https://openalex.org/W2490725180
https://openalex.org/W2569668697
https://openalex.org/W2614310355
https://openalex.org/W261634309
https://openalex.org/W2645016866
https://openalex.org/W2714538328
https://openalex.org/W2732306621
https://openalex.org/W2782548014
https://openalex.org/W2898892997
https://openalex.org/W2912493331
https://openalex.org/W2917085214
https://openalex.org/W2952287794
https://openalex.org/W2979684476
https://openalex.org/W2996135072
https://openalex.org/W2996322145
https://openalex.org/W3000064508
https://openalex.org/W3006051424
https://openalex.org/W3019468503
https://openalex.org/W3019474806
https://openalex.org/W3033399053
https://openalex.org/W3036732226
https://openalex.org/W3041237218
https://openalex.org/W3046468012
https://openalex.org/W3095823770
https://openalex.org/W3108620216
https://openalex.org/W3120602675
https://openalex.org/W3128819256
https://openalex.org/W3146534768
https://openalex.org/W3186218805
https://openalex.org/W3192830071
https://openalex.org/W4206354848
https://openalex.org/W4210799720
https://openalex.org/W4220772204
https://openalex.org/W4224994117
https://openalex.org/W4229045167
https://openalex.org/W4234490837
https://openalex.org/W4247792396
https://openalex.org/W4250379595
https://openalex.org/W4285587847
https://openalex.org/W4287983235
https://openalex.org/W4289015359
https://openalex.org/W4293255464
https://openalex.org/W4294000759
https://openalex.org/W4294343694
https://openalex.org/W4296127306
https://openalex.org/W4296260445
https://openalex.org/W4297000872
https://openalex.org/W4297884226
https://openalex.org/W4302288138
https://openalex.org/W4309243153
https://openalex.org/W4311133984
https://openalex.org/W4313254489
https://openalex.org/W4315620802
https://openalex.org/W4317178398
https://openalex.org/W4317182306
https://openalex.org/W4384659771
https://openalex.org/W50909998
https://openalex.org/W79687579
https://openalex.org/W960674449
https://openalex.org/W1619147971
https://openalex.org/W2001280159
https://openalex.org/W2063758191
https://openalex.org/W2084746050
https://openalex.org/W2091171270
https://openalex.org/W2278451604
https://openalex.org/W2316149843
https://openalex.org/W237525964
https://openalex.org/W2409785219
https://openalex.org/W2413010398
https://openalex.org/W2501437678
https://openalex.org/W2744436874
https://openalex.org/W2756625693
https://openalex.org/W4210667294
https://openalex.org/W4232256428
https://openalex.org/W4248775504
https://openalex.org/W4250059512
https://openalex.org/W144031854
https://openalex.org/W1486992585
https://openalex.org/W151858986
https://openalex.org/W1648777574
https://openalex.org/W196742335
https://openalex.org/W1977086656
https://openalex.org/W1993042761
https://openalex.org/W2028232816
https://openalex.org/W2037486764
https://openalex.org/W2047243007
https://openalex.org/W2102500688
https://openalex.org/W2253051262
https://openalex.org/W2321115423
https://openalex.org/W2419532919
https://openalex.org/W2422051166
https://openalex.org/W2591378191
https://openalex.org/W2632512663
https://openalex.org/W2634899781
https://openalex.org/W2636857413
https://openalex.org/W2656346075
https://openalex.org/W2697890501
https://openalex.org/W2705623103
https://openalex.org/W2784438347
https://openalex.org/W2789752370
https://openalex.org/W2790209352
https://openalex.org/W2791118717
https://openalex.org/W2791326400
https://openalex.org/W2792266678
https://openalex.org/W2792333145
https://openalex.org/W2793414637
https://openalex.org/W2794256212
https://openalex.org/W2794615190
https://openalex.org/W2795890334
https://openalex.org/W2802966664
https://openalex.org/W2805365194
https://openalex.org/W2805508169
https://openalex.org/W2808960513
https://openalex.org/W2889605176
https://openalex.org/W2890074396
https://openalex.org/W2890840357
https://openalex.org/W2891862498
https://openalex.org/W2892947957
https://openalex.org/W2894776628
https://openalex.org/W2898208324
https://openalex.org/W2898437586
https://openalex.org/W2898560905
https://openalex.org/W2898646705
https://openalex.org/W2898685534
https://openalex.org/W2898815322
https://openalex.org/W2899366636
https://openalex.org/W2899434769
https://openalex.org/W2914497571
https://openalex.org/W2915818966
https://openalex.org/W2921932947
https://openalex.org/W2922279939
https://openalex.org/W2923648609
https://openalex.org/W2924165473
https://openalex.org/W2924649772
https://openalex.org/W2939437694
https://openalex.org/W2941442944
https://openalex.org/W2944196570
https://openalex.org/W2944251066
https://openalex.org/W2946102301
https://openalex.org/W2946838433
https://openalex.org/W2948607632
https://openalex.org/W2970194755
https://openalex.org/W2978117710
https://openalex.org/W2982043656
https://openalex.org/W2983492240
https://openalex.org/W2986624575
https://openalex.org/W2990900706
https://openalex.org/W2993199501
https://openalex.org/W2994850978
https://openalex.org/W2995796673
https://openalex.org/W2996883927
https://openalex.org/W2997567183
https://openalex.org/W2997883569
https://openalex.org/W3023915664
https://openalex.org/W3026018817
https://openalex.org/W3027884863
https://openalex.org/W3031436279
https://openalex.org/W3032246888
https://openalex.org/W3034457850
https://openalex.org/W3036968431
https://openalex.org/W3133269346
https://openalex.org/W3134353866
https://openalex.org/W3164571419
https://openalex.org/W3169162353
https://openalex.org/W3171010056
https://openalex.org/W3177087398
https://openalex.org/W3177519428
https://openalex.org/W4214620945
https://openalex.org/W4231978092
https://openalex.org/W4233577122
https://openalex.org/W4235691304
https://openalex.org/W4237248804
https://openalex.org/W4239075706
https://openalex.org/W4240286899
https://openalex.org/W4240417895
https://openalex.org/W4240716766
https://openalex.org/W4240882998
https://openalex.org/W4241589627
https://openalex.org/W4243627849
https://openalex.org/W4248031653
https://openalex.org/W4250844817
https://openalex.org/W4251715867
https://openalex.org/W4251928023
https://openalex.org/W4252991640
https://openalex.org/W4255898344
https://openalex.org/W4256008807
https://openalex.org/W4256242804
https://openalex.org/W4301750780
https://openalex.org/W4394089957
https://openalex.org/W4394157959
https://openalex.org/W4394172590
https://openalex.org/W4394176522
https://openalex.org/W4394265096
https://openalex.org/W4394320972
https://openalex.org/W4394358223
https://openalex.org/W4394428795
https://openalex.org/W4394444296
https://openalex.org/W4394463906
https://openalex.org/W4394485660
https://openalex.org/W4394501655
https://openalex.org/W4394507741
https://openalex.org/W4394543508
https://openalex.org/W4394552054
https://openalex.org/W568483157
https://openalex.org/W173964787
https://openalex.org/W2048833860
https://openalex.org/W2055078084
https://openalex.org/W2064958663
https://openalex.org/W2092021405
https://openalex.org/W2243783852
https://openalex.org/W2269346394
https://openalex.org/W2292920627
https://openalex.org/W2408404678
https://openalex.org/W2409218149
https://openalex.org/W2412474564
https://openalex.org/W2430802239
https://openalex.org/W2470939494
https://openalex.org/W2472475959
https://openalex.org/W2555241607
https://openalex.org/W256082046
https://openalex.org/W2597596317
https://openalex.org/W2733302433
https://openalex.org/W2888789231
https://openalex.org/W3092389091
https://openalex.org/W3116293693
https://openalex.org/W3165919523
https://openalex.org/W37930974
https://openalex.org/W4205681877
https://openalex.org/W4242606968
https://openalex.org/W4253295153
https://openalex.org/W93047860
https://openalex.org/W956668108
https://openalex.org/W148347107
https://openalex.org/W1600125028
https://openalex.org/W1608372364
https://openalex.org/W163754350
https://openalex.org/W193722159
https://openalex.org/W195953551
https://openalex.org/W2011091164
https://openalex.org/W2036267430
https://openalex.org/W2061055446
https://openalex.org/W2079878547
https://openalex.org/W2187739580
https://openalex.org/W225682441
https://openalex.org/W22582161
https://openalex.org/W2263873465
https://openalex.org/W2395039368
https://openalex.org/W2410803645
https://openalex.org/W2427101702
https://openalex.org/W2472963127
https://openalex.org/W2473242596
https://openalex.org/W2527125225
https://openalex.org/W259368222
https://openalex.org/W2654009810
https://openalex.org/W2654807830
https://openalex.org/W2682204389
https://openalex.org/W2686987282
https://openalex.org/W2791265651
https://openalex.org/W2792549247
https://openalex.org/W2917230996
https://openalex.org/W292196936
https://openalex.org/W2950879343
https://openalex.org/W2951572636
https://openalex.org/W2952784245
https://openalex.org/W2975764683
https://openalex.org/W2994410083
https://openalex.org/W3004678462
https://openalex.org/W3004910548
https://openalex.org/W3005130881
https://openalex.org/W3013392689
https://openalex.org/W3015610340
https://openalex.org/W3020938564
https://openalex.org/W3028842566
https://openalex.org/W3040712431
https://openalex.org/W3041974102
https://openalex.org/W3049479736
https://openalex.org/W3085955415
https://openalex.org/W3091813985
https://openalex.org/W3099894097
https://openalex.org/W3102011969
https://openalex.org/W3107050537
https://openalex.org/W3117568050
https://openalex.org/W3124470117
https://openalex.org/W3134044811
https://openalex.org/W3134323643
https://openalex.org/W3172968992
https://openalex.org/W3173988642
https://openalex.org/W3184203681
https://openalex.org/W3201498094
https://openalex.org/W3202694308
https://openalex.org/W3212445257
https://openalex.org/W351278806
https://openalex.org/W4232080298
https://openalex.org/W4238162653
https://openalex.org/W4247523140
https://openalex.org/W4249336336
https://openalex.org/W4386197077
https://openalex.org/W4394134708
https://openalex.org/W4394485173
https://openalex.org/W4394524170
https://openalex.org/W4394541715
https://openalex.org/W4395473198
https://openalex.org/W44569905
https://openalex.org/W653622488
https://openalex.org/W76351742
https://openalex.org/W2056913610
https://openalex.org/W2060010211
https://openalex.org/W2315357688
https://openalex.org/W2315948792
https://openalex.org/W2435755150
https://openalex.org/W2940936806
https://openalex.org/W339441647
https://openalex.org/W90006562
https://openalex.org/W1509849724
https://openalex.org/W1520826734
https://openalex.org/W1555229607
https://openalex.org/W186911948
https://openalex.org/W1981550955
https://openalex.org/W2003517942
https://openalex.org/W2014530595
https://openalex.org/W203134773
https://openalex.org/W2063826990
https://openalex.org/W2080468646
https://openalex.org/W2294014328
https://openalex.org/W2295847720
https://openalex.org/W2324676386
https://openalex.org/W2396762200
https://openalex.org/W2413382526
https://openalex.org/W2416498171
https://openalex.org/W2500951357
https://openalex.org/W2708389204
https://openalex.org/W2742512732
https://openalex.org/W2789446791
https://openalex.org/W2950637954
https://openalex.org/W2952463253
https://openalex.org/W4236415287
https://openalex.org/W4388393893
https://openalex.org/W67730323
https://openalex.org/W85504571
https://openalex.org/W99481727
https://openalex.org/W11305534
https://openalex.org/W1911888840
https://openalex.org/W2318282665
https://openalex.org/W2397117160
https://openalex.org/W2429764265
https://openalex.org/W2657206377
https://openalex.org/W2686441978
https://openalex.org/W2743759655
https://openalex.org/W2744364118
https://openalex.org/W2916864277
https://openalex.org/W2951335884
https://openalex.org/W2952100822
https://openalex.org/W2952461591
https://openalex.org/W2953137196
https://openalex.org/W2992361980
https://openalex.org/W2996183286
https://openalex.org/W3026992362
https://openalex.org/W307920641
https://openalex.org/W3099953304
https://openalex.org/W310992083
https://openalex.org/W3119210294
https://openalex.org/W3121374539
https://openalex.org/W3132425515
https://openalex.org/W3135064857
https://openalex.org/W3135188142
https://openalex.org/W3145861200
https://openalex.org/W3149331001
https://openalex.org/W3154766954
https://openalex.org/W3186462639
https://openalex.org/W3186506162
https://openalex.org/W3187522380
https://openalex.org/W3192137594
https://openalex.org/W3194227969
https://openalex.org/W3194442865
https://openalex.org/W3194649419
https://openalex.org/W3194689184
https://openalex.org/W3194798307
https://openalex.org/W3195067524
https://openalex.org/W3196949154
https://openalex.org/W3200861974
https://openalex.org/W3201375093
https://openalex.org/W3202314345
https://openalex.org/W3208233666
https://openalex.org/W3211076545
https://openalex.org/W3212547380
https://openalex.org/W4200532709
https://openalex.org/W4235604091
https://openalex.org/W4238647106
https://openalex.org/W4239328172
https://openalex.org/W4242782780
https://openalex.org/W4243395286
https://openalex.org/W4394336147
https://openalex.org/W586190727
https://openalex.org/W111125991
https://openalex.org/W157403983
https://openalex.org/W1595612143
https://openalex.org/W163353086
https://openalex.org/W193303914
https://openalex.org/W2078844113
https://openalex.org/W2188901093
https://openalex.org/W2242101053
https://openalex.org/W2276125000
https://openalex.org/W2410897108
https://openalex.org/W2417400596
https://openalex.org/W2602272608
https://openalex.org/W2751733743
https://openalex.org/W2951057365
https://openalex.org/W2951262697
https://openalex.org/W2953223050
https://openalex.org/W2999202197
https://openalex.org/W3016068467
https://openalex.org/W3016521616
https://openalex.org/W3036307792
https://openalex.org/W3048952228
https://openalex.org/W3170308997
https://openalex.org/W3207953831
https://openalex.org/W336648003
https://openalex.org/W336909346
https://openalex.org/W4234628794
https://openalex.org/W4236738490
https://openalex.org/W4237511642
https://openalex.org/W4238878929
https://openalex.org/W4251906053
https://openalex.org/W4255280206
https://openalex.org/W4391526665
https://openalex.org/W89871108
https://openalex.org/W2005780895
https://openalex.org/W2339137128
https://openalex.org/W2410449967
https://openalex.org/W2418888288
https://openalex.org/W2419583592
https://openalex.org/W2426768252
https://openalex.org/W4235765302
https://openalex.org/W12322167
https://openalex.org/W148909778
https://openalex.org/W2045872394
https://openalex.org/W2083714538
https://openalex.org/W2162664620
https://openalex.org/W2275143396
https://openalex.org/W2399213261
https://openalex.org/W2400595483
https://openalex.org/W2410107925
https://openalex.org/W2419394403
https://openalex.org/W2431952466
https://openalex.org/W2441146224
https://openalex.org/W245742562
https://openalex.org/W2463463827
https://openalex.org/W2465325157
https://openalex.org/W2473347046
https://openalex.org/W25106010
https://openalex.org/W2735157583
https://openalex.org/W2918709080
https://openalex.org/W2950741582
https://openalex.org/W2950741632
https://openalex.org/W2975525556
https://openalex.org/W3000178194
https://openalex.org/W4205442844
https://openalex.org/W4236582142
https://openalex.org/W4243575680
https://openalex.org/W4254947532
https://openalex.org/W74363943
https://openalex.org/W1022164802
https://openalex.org/W1041795164
https://openalex.org/W1561922837
https://openalex.org/W156542859
https://openalex.org/W1577261721
https://openalex.org/W1597942830
https://openalex.org/W2052388076
https://openalex.org/W2053315909
https://openalex.org/W2088084407
https://openalex.org/W2093544463
https://openalex.org/W2166438972
https://openalex.org/W2256616845
https://openalex.org/W2284821661
https://openalex.org/W2297279532
https://openalex.org/W2298709542
https://openalex.org/W2308086648
https://openalex.org/W2395348025
https://openalex.org/W2395512978
https://openalex.org/W2395754707
https://openalex.org/W2402023286
https://openalex.org/W2409154333
https://openalex.org/W2409546302
https://openalex.org/W2410061724
https://openalex.org/W2411836928
https://openalex.org/W2413055883
https://openalex.org/W2413124255
https://openalex.org/W2416808427
https://openalex.org/W2417024771
https://openalex.org/W2464077902
https://openalex.org/W2465439179
https://openalex.org/W2470536517
https://openalex.org/W2474915384
https://openalex.org/W2475193354
https://openalex.org/W2477950546
https://openalex.org/W2483449394
https://openalex.org/W2490505757
https://openalex.org/W2491090170
https://openalex.org/W2491811476
https://openalex.org/W2494619174
https://openalex.org/W2499229133
https://openalex.org/W2500962879
https://openalex.org/W2504555836
https://openalex.org/W2518172057
https://openalex.org/W2804479386
https://openalex.org/W2975740072
https://openalex.org/W3005030783
https://openalex.org/W3020517277
https://openalex.org/W3147858367
https://openalex.org/W3170345968
https://openalex.org/W4205632525
https://openalex.org/W4229668256
https://openalex.org/W4232178359
https://openalex.org/W4232244917
https://openalex.org/W4233212320
https://openalex.org/W4233525798
https://openalex.org/W4234141183
https://openalex.org/W4235015719
https://openalex.org/W4247912052
https://openalex.org/W4248319569
https://openalex.org/W4250151177
https://openalex.org/W4254514062
https://openalex.org/W4256552015
https://openalex.org/W429010512
https://openalex.org/W4378900276
https://openalex.org/W4388299698
https://openalex.org/W69763155
https://openalex.org/W1972052602
https://openalex.org/W202473695
https://openalex.org/W2036737801
https://openalex.org/W2070586003
https://openalex.org/W2091538621
https://openalex.org/W215629510
https://openalex.org/W2259643768
https://openalex.org/W2333805817
https://openalex.org/W2405324756
https://openalex.org/W2406097818
https://openalex.org/W2406748527
https://openalex.org/W2413127898
https://openalex.org/W2423137331
https://openalex.org/W2432657786
https://openalex.org/W2434882894
https://openalex.org/W2435286858
https://openalex.org/W2464999100
https://openalex.org/W2613925790
https://openalex.org/W270981660
https://openalex.org/W2736043247
https://openalex.org/W2889014683
https://openalex.org/W2921512046
https://openalex.org/W292427735
https://openalex.org/W3087286316
https://openalex.org/W3110803733
https://openalex.org/W3111095514
https://openalex.org/W3111957048
https://openalex.org/W3113645105
https://openalex.org/W3113751706
https://openalex.org/W3114153375
https://openalex.org/W3114243179
https://openalex.org/W3114282258
https://openalex.org/W3114720823
https://openalex.org/W3115028032
https://openalex.org/W3115121206
https://openalex.org/W3115426543
https://openalex.org/W3116578656
https://openalex.org/W3116949307
https://openalex.org/W3162790381
https://openalex.org/W4214557835
https://openalex.org/W4231423074
https://openalex.org/W4237587452
https://openalex.org/W4253624520
https://openalex.org/W80784890
https://openalex.org/W106258801
https://openalex.org/W147585346
https://openalex.org/W1587413951
https://openalex.org/W169051662
https://openalex.org/W1970364594
https://openalex.org/W1993610557
https://openalex.org/W1996454342
https://openalex.org/W2000148509
https://openalex.org/W2004760206
https://openalex.org/W2050472227
https://openalex.org/W2063284875
https://openalex.org/W2066524233
https://openalex.org/W2079732202
https://openalex.org/W2080083873
https://openalex.org/W2091752376
https://openalex.org/W2188775713
https://openalex.org/W2260967188
https://openalex.org/W2268529492
https://openalex.org/W2281567251
https://openalex.org/W2315453153
https://openalex.org/W2322008981
https://openalex.org/W2322273623
https://openalex.org/W2324941678
https://openalex.org/W2325668725
https://openalex.org/W2325999500
https://openalex.org/W2330339126
https://openalex.org/W2331784804
https://openalex.org/W2332681044
https://openalex.org/W2333891121
https://openalex.org/W2333983929
https://openalex.org/W2395916887
https://openalex.org/W2397196479
https://openalex.org/W2398369942
https://openalex.org/W2405203653
https://openalex.org/W2407066340
https://openalex.org/W2409856128
https://openalex.org/W2411154782
https://openalex.org/W2411594290
https://openalex.org/W2412791572
https://openalex.org/W2413785384
https://openalex.org/W2415855724
https://openalex.org/W2416308518
https://openalex.org/W2429146969
https://openalex.org/W2461976449
https://openalex.org/W2497262117
https://openalex.org/W2521483422
https://openalex.org/W2521741909
https://openalex.org/W2597836532
https://openalex.org/W2599442244
https://openalex.org/W2603656102
https://openalex.org/W2727099925
https://openalex.org/W2735280408
https://openalex.org/W2740042460
https://openalex.org/W2911968832
https://openalex.org/W2978804168
https://openalex.org/W2982674321
https://openalex.org/W3083924247
https://openalex.org/W3092578054
https://openalex.org/W3126111726
https://openalex.org/W3197946596
https://openalex.org/W4210252054
https://openalex.org/W4231714134
https://openalex.org/W4388294500
https://openalex.org/W4388294507
https://openalex.org/W4391608656
https://openalex.org/W590121590
https://openalex.org/W2114843987
https://openalex.org/W2044428513
https://openalex.org/W2036973513
https://openalex.org/W2109705747
https://openalex.org/W2093938910
https://openalex.org/W2122523807
https://openalex.org/W1975500952
https://openalex.org/W2792256936
https://openalex.org/W2092186644
https://openalex.org/W1484146179
https://openalex.org/W2082892311
https://openalex.org/W2040106357
https://openalex.org/W2581452190
https://openalex.org/W2887538181
https://openalex.org/W2003047492
https://openalex.org/W2017837622
https://openalex.org/W2201123216
https://openalex.org/W2001229741
https://openalex.org/W2406621805
https://openalex.org/W2038354261
https://openalex.org/W2150583919
https://openalex.org/W1883179501
https://openalex.org/W2121562033
https://openalex.org/W2134107246
https://openalex.org/W1982245545
https://openalex.org/W2071190548
https://openalex.org/W2038105299
https://openalex.org/W2055109448
https://openalex.org/W2418488649
https://openalex.org/W1982529888
https://openalex.org/W2167904835
https://openalex.org/W2765757061
https://openalex.org/W4386153816
https://openalex.org/W1987008872
https://openalex.org/W2587801355
https://openalex.org/W2959591820
https://openalex.org/W2902426622
https://openalex.org/W2472746779
https://openalex.org/W2988320044
https://openalex.org/W2791808508
https://openalex.org/W3124120307
https://openalex.org/W3172586073
https://openalex.org/W4323295172
https://openalex.org/W4381158028
https://openalex.org/W2086798071
https://openalex.org/W1931368951
https://openalex.org/W2009576430
https://openalex.org/W2025839324
https://openalex.org/W2027312667
https://openalex.org/W2116897798
https://openalex.org/W2153881220
https://openalex.org/W1977868552
https://openalex.org/W2022639948
https://openalex.org/W1678513801
https://openalex.org/W1998079645
https://openalex.org/W1963706389
https://openalex.org/W2092174616
https://openalex.org/W2010473200
https://openalex.org/W2133225355
https://openalex.org/W1972051055
https://openalex.org/W1921453882
https://openalex.org/W2162577559
https://openalex.org/W2037022360
https://openalex.org/W2093837272
https://openalex.org/W2088392760
https://openalex.org/W2149621421
https://openalex.org/W2028338197
https://openalex.org/W2078070910
https://openalex.org/W2011682357
https://openalex.org/W2166600616
https://openalex.org/W2072549054
https://openalex.org/W2594386612
https://openalex.org/W2803621368
https://openalex.org/W1986592878
https://openalex.org/W2205456219
https://openalex.org/W2905597494
https://openalex.org/W4254671891
https://openalex.org/W2096655546
https://openalex.org/W2106871983
https://openalex.org/W2009033039
https://openalex.org/W2895793251
https://openalex.org/W2077123838
https://openalex.org/W1995511743
https://openalex.org/W2001664729
https://openalex.org/W2313939177
https://openalex.org/W3008148712
https://openalex.org/W2026470835
https://openalex.org/W2614060490
https://openalex.org/W2897437472
https://openalex.org/W378132567
https://openalex.org/W2170981263
https://openalex.org/W2221750675
https://openalex.org/W3096646996
https://openalex.org/W2607266167
https://openalex.org/W3112575106
https://openalex.org/W2337581563
https://openalex.org/W2996126894
https://openalex.org/W3005252831
https://openalex.org/W2313701744
https://openalex.org/W2268646713
https://openalex.org/W2969637029
https://openalex.org/W2896723566
https://openalex.org/W2912152524
https://openalex.org/W2995076033
https://openalex.org/W2989759618
https://openalex.org/W2777972030
https://openalex.org/W2995836297
https://openalex.org/W3082897750
https://openalex.org/W1887436245
https://openalex.org/W2507836063
https://openalex.org/W2758213870
https://openalex.org/W2768966644
https://openalex.org/W3134114297
https://openalex.org/W3021056065
https://openalex.org/W3114283110
https://openalex.org/W3018627877
https://openalex.org/W3130480429
https://openalex.org/W3005538648
https://openalex.org/W3015725791
https://openalex.org/W3020224222
https://openalex.org/W3033570122
https://openalex.org/W3040340998
https://openalex.org/W3107132372
https://openalex.org/W4281387152
https://openalex.org/W3205476673
https://openalex.org/W3154157604
https://openalex.org/W4313251519
https://openalex.org/W4303520934
https://openalex.org/W4313649799
https://openalex.org/W4380729780
https://openalex.org/W4390863782
https://openalex.org/W1965788374
https://openalex.org/W1983130207
https://openalex.org/W2083408472
https://openalex.org/W1972402714
https://openalex.org/W2063881934
https://openalex.org/W2130612005
https://openalex.org/W297591141
https://openalex.org/W2008726048
https://openalex.org/W2073236573
https://openalex.org/W2045968275
https://openalex.org/W1997918340
https://openalex.org/W2093865719
https://openalex.org/W1983764060
https://openalex.org/W2073733313
https://openalex.org/W2156037808
https://openalex.org/W1981812018
https://openalex.org/W2010242443
https://openalex.org/W2015950066
https://openalex.org/W1482737200
https://openalex.org/W2001783064
https://openalex.org/W1968854424
https://openalex.org/W2150244716
https://openalex.org/W2108540161
https://openalex.org/W2160489665
https://openalex.org/W1995362870
https://openalex.org/W2096070828
https://openalex.org/W2171426009
https://openalex.org/W2146994439
https://openalex.org/W2033533371
https://openalex.org/W2063458918
https://openalex.org/W2055191728
https://openalex.org/W2168044564
https://openalex.org/W2009925557
https://openalex.org/W2314254970
https://openalex.org/W1998001333
https://openalex.org/W1995703151
https://openalex.org/W2327472260
https://openalex.org/W2166378848
https://openalex.org/W2608485626
https://openalex.org/W2038772870
https://openalex.org/W2049480064
https://openalex.org/W2463265240
https://openalex.org/W2887857640
https://openalex.org/W2113398922
https://openalex.org/W2604180888
https://openalex.org/W1879890700
https://openalex.org/W2478665400
https://openalex.org/W2580037984
https://openalex.org/W2790818328
https://openalex.org/W1983401493
https://openalex.org/W2413365718
https://openalex.org/W2473055487
https://openalex.org/W2561288668
https://openalex.org/W2507577952
https://openalex.org/W2802718695
https://openalex.org/W2891131889
https://openalex.org/W2965762376
https://openalex.org/W1839524296
https://openalex.org/W2339167112
https://openalex.org/W1994878225
https://openalex.org/W2793962155
https://openalex.org/W2494199464
https://openalex.org/W2885921682
https://openalex.org/W2811295475
https://openalex.org/W2941651411
https://openalex.org/W2954809249
https://openalex.org/W3000251475
https://openalex.org/W3094583822
https://openalex.org/W3041704883
https://openalex.org/W3180548542
https://openalex.org/W4309070824
https://openalex.org/W4365140328
https://openalex.org/W4317902035
https://openalex.org/W4388807019
https://openalex.org/W4390116380
https://openalex.org/W4390755656
https://openalex.org/W4391669244
https://openalex.org/W4392299237
https://openalex.org/W2039799680
https://openalex.org/W2045492784
https://openalex.org/W2032361352
https://openalex.org/W2143045189
https://openalex.org/W2089717922
https://openalex.org/W2165388845
https://openalex.org/W2137810713
https://openalex.org/W2157522662
https://openalex.org/W1967551491
https://openalex.org/W639100639
https://openalex.org/W2108054613
https://openalex.org/W2001451142
https://openalex.org/W1981504219
https://openalex.org/W1897386583
https://openalex.org/W1998651633
https://openalex.org/W2077099472
https://openalex.org/W1998093961
https://openalex.org/W2023635889
https://openalex.org/W2126500533
https://openalex.org/W2020313112
https://openalex.org/W2154021177
https://openalex.org/W1986287104
https://openalex.org/W2062001224
https://openalex.org/W2003594732
https://openalex.org/W2141511478
https://openalex.org/W2161222757
https://openalex.org/W2131575837
https://openalex.org/W2013158670
https://openalex.org/W2085128610
https://openalex.org/W1977071252
https://openalex.org/W2162740693
https://openalex.org/W2144979531
https://openalex.org/W1993121372
https://openalex.org/W2754535528
https://openalex.org/W2331482913
https://openalex.org/W2898683220
https://openalex.org/W2313764144
https://openalex.org/W2267528888
https://openalex.org/W2793430860
https://openalex.org/W2810474124
https://openalex.org/W2320555377
https://openalex.org/W2434936053
https://openalex.org/W2792459497
https://openalex.org/W2621676998
https://openalex.org/W2907131392
https://openalex.org/W2931262127
https://openalex.org/W2964375733
https://openalex.org/W2517669793
https://openalex.org/W2962072060
https://openalex.org/W2000973510
https://openalex.org/W3005845868
https://openalex.org/W3080246557
https://openalex.org/W3003236720
https://openalex.org/W3006317124
https://openalex.org/W3007770333
https://openalex.org/W3040643343
https://openalex.org/W2796909491
https://openalex.org/W2074334308
https://openalex.org/W3082467716
https://openalex.org/W4251177468
https://openalex.org/W3213976163
https://openalex.org/W4282966615
https://openalex.org/W4281677629
https://openalex.org/W3204226639
https://openalex.org/W4313680837
https://openalex.org/W4365458715
https://openalex.org/W4388539915
https://openalex.org/W2146588195
https://openalex.org/W2058386691
https://openalex.org/W2096056484
https://openalex.org/W2111634109
https://openalex.org/W1986327136
https://openalex.org/W1968936851
https://openalex.org/W2021491480
https://openalex.org/W2060829358
https://openalex.org/W1972695952
https://openalex.org/W1999084877
https://openalex.org/W2059096846
https://openalex.org/W2037212911
https://openalex.org/W2158771008
https://openalex.org/W1998177430
https://openalex.org/W2120934603
https://openalex.org/W2053295259
https://openalex.org/W2064301200
https://openalex.org/W1965109940
https://openalex.org/W2016102491
https://openalex.org/W2074665453
https://openalex.org/W2038497290
https://openalex.org/W2134635809
https://openalex.org/W2089483455
https://openalex.org/W2158293741
https://openalex.org/W2084606834
https://openalex.org/W2090119270
https://openalex.org/W2139301295
https://openalex.org/W2144459653
https://openalex.org/W1560616991
https://openalex.org/W2131717999
https://openalex.org/W2132555080
https://openalex.org/W2188849944
https://openalex.org/W1901336792
https://openalex.org/W2538657046
https://openalex.org/W2562907418
https://openalex.org/W2076688569
https://openalex.org/W2224305591
https://openalex.org/W1759543593
https://openalex.org/W2797044274
https://openalex.org/W2397179364
https://openalex.org/W2033953550
https://openalex.org/W2056214411
https://openalex.org/W2126526436
https://openalex.org/W2606903347
https://openalex.org/W2793187502
https://openalex.org/W2563995547
https://openalex.org/W2755774985
https://openalex.org/W2912492285
https://openalex.org/W2914381280
https://openalex.org/W2938027340
https://openalex.org/W2953145854
https://openalex.org/W2801272326
https://openalex.org/W2946734958
https://openalex.org/W3040964152
https://openalex.org/W3047547791
https://openalex.org/W3190208628
https://openalex.org/W4231312024
https://openalex.org/W3203579590
https://openalex.org/W3080521019
https://openalex.org/W3110692051
https://openalex.org/W3179391630
https://openalex.org/W4252818813
https://openalex.org/W4306755529
https://openalex.org/W4281910279
https://openalex.org/W4290737576
https://openalex.org/W4307113710
https://openalex.org/W4319215242
https://openalex.org/W4382582399
https://openalex.org/W4386022007
https://openalex.org/W4386818992
https://openalex.org/W2028000816
https://openalex.org/W2032604339
https://openalex.org/W2142664907
https://openalex.org/W2035474159
https://openalex.org/W2065759197
https://openalex.org/W2140993013
https://openalex.org/W2138954124
https://openalex.org/W2154018229
https://openalex.org/W1981146759
https://openalex.org/W2079145412
https://openalex.org/W2167156147
https://openalex.org/W1976217949
https://openalex.org/W1602725297
https://openalex.org/W2037264410
https://openalex.org/W1999537989
https://openalex.org/W2038398687
https://openalex.org/W2082618148
https://openalex.org/W2001951132
https://openalex.org/W2056510037
https://openalex.org/W1990845125
https://openalex.org/W1966273044
https://openalex.org/W2069560890
https://openalex.org/W2978166158
https://openalex.org/W2020185232
https://openalex.org/W2071648905
https://openalex.org/W2140695416
https://openalex.org/W4299338404
https://openalex.org/W2121245028
https://openalex.org/W1882199197
https://openalex.org/W1970281091
https://openalex.org/W2091468979
https://openalex.org/W2048913078
https://openalex.org/W1556073339
https://openalex.org/W1903260451
https://openalex.org/W2278390890
https://openalex.org/W2765680661
https://openalex.org/W1854603234
https://openalex.org/W1981727024
https://openalex.org/W1548582145
https://openalex.org/W2338757022
https://openalex.org/W2512172752
https://openalex.org/W2763680253
https://openalex.org/W2786247110
https://openalex.org/W2899854690
https://openalex.org/W2607193208
https://openalex.org/W2791497795
https://openalex.org/W2794102218
https://openalex.org/W2801459498
https://openalex.org/W2974157848
https://openalex.org/W2913946602
https://openalex.org/W2944252493
https://openalex.org/W2974055554
https://openalex.org/W2974676211
https://openalex.org/W2975156840
https://openalex.org/W2947154210
https://openalex.org/W603433318
https://openalex.org/W3000341821
https://openalex.org/W3000687374
https://openalex.org/W3163639322
https://openalex.org/W4238557665
https://openalex.org/W3126391114
https://openalex.org/W3131516270
https://openalex.org/W3190741929
https://openalex.org/W2325641811
https://openalex.org/W4295981091
https://openalex.org/W4296701013
https://openalex.org/W1993890419
https://openalex.org/W2329976443
https://openalex.org/W2113267317
https://openalex.org/W1978343455
https://openalex.org/W2065042973
https://openalex.org/W2067440023
https://openalex.org/W1984968805
https://openalex.org/W1991817632
https://openalex.org/W2022136441
https://openalex.org/W2065860483
https://openalex.org/W2070131949
https://openalex.org/W2161206853
https://openalex.org/W2012145319
https://openalex.org/W2099232587
https://openalex.org/W2125639965
https://openalex.org/W2609263234
https://openalex.org/W2086494317
https://openalex.org/W2141384589
https://openalex.org/W2154136569
https://openalex.org/W2086331548
https://openalex.org/W2798054528
https://openalex.org/W2087011129
https://openalex.org/W2006039793
https://openalex.org/W2015697331
https://openalex.org/W2082546964
https://openalex.org/W2137876309
https://openalex.org/W1996493576
https://openalex.org/W2061082375
https://openalex.org/W2078684654
https://openalex.org/W2166511779
https://openalex.org/W2586891176
https://openalex.org/W2623222418
https://openalex.org/W2739789653
https://openalex.org/W2036486039
https://openalex.org/W2278913834
https://openalex.org/W2607010681
https://openalex.org/W2311779612
https://openalex.org/W2343231306
https://openalex.org/W2462887589
https://openalex.org/W2547804173
https://openalex.org/W2612210901
https://openalex.org/W2622251093
https://openalex.org/W2620860100
https://openalex.org/W2794156890
https://openalex.org/W2794475124
https://openalex.org/W2903655936
https://openalex.org/W2074511626
https://openalex.org/W2803617207
https://openalex.org/W2806233058
https://openalex.org/W3105623002
https://openalex.org/W3080267250
https://openalex.org/W3124034540
https://openalex.org/W3138401161
https://openalex.org/W3165046075
https://openalex.org/W3126496671
https://openalex.org/W3198934818
https://openalex.org/W3202558866
https://openalex.org/W2414662157
https://openalex.org/W4210968821
https://openalex.org/W4295115995
https://openalex.org/W4306811866
https://openalex.org/W4281953944
https://openalex.org/W4300864920
https://openalex.org/W4308825598
https://openalex.org/W4294754746
https://openalex.org/W4309568305
https://openalex.org/W4315927780
https://openalex.org/W4321166185
https://openalex.org/W2075547097
https://openalex.org/W1979508945
https://openalex.org/W2024694306
https://openalex.org/W2087496212
https://openalex.org/W1996552274
https://openalex.org/W2005758783
https://openalex.org/W2109705903
https://openalex.org/W2151940403
https://openalex.org/W2094608511
https://openalex.org/W2048088057
https://openalex.org/W1650480801
https://openalex.org/W2004257519
https://openalex.org/W2127514049
https://openalex.org/W2135312737
https://openalex.org/W2470716663
https://openalex.org/W2058644843
https://openalex.org/W2062390638
https://openalex.org/W1202955749
https://openalex.org/W2084796694
https://openalex.org/W1998284597
https://openalex.org/W2011691894
https://openalex.org/W2081672850
https://openalex.org/W2149501769
https://openalex.org/W2001299559
https://openalex.org/W2000107162
https://openalex.org/W2089354764
https://openalex.org/W2018588805
https://openalex.org/W2431267645
https://openalex.org/W2065028933
https://openalex.org/W2076699674
https://openalex.org/W1999661608
https://openalex.org/W2595146850
https://openalex.org/W2097692713
https://openalex.org/W4243028678
https://openalex.org/W1186395561
https://openalex.org/W2762697433
https://openalex.org/W2794484737
https://openalex.org/W2023139268
https://openalex.org/W2982390852
https://openalex.org/W2936040917
https://openalex.org/W3033203959
https://openalex.org/W2890303131
https://openalex.org/W3024766905
https://openalex.org/W3074948868
https://openalex.org/W3109282744
https://openalex.org/W2980763891
https://openalex.org/W3164767868
https://openalex.org/W2313458915
https://openalex.org/W3126978972
https://openalex.org/W3164429274
https://openalex.org/W4200554472
https://openalex.org/W3205648331
https://openalex.org/W4206697748
https://openalex.org/W4210455496
https://openalex.org/W4229010603
https://openalex.org/W4281482420
https://openalex.org/W4281641043
https://openalex.org/W4368361429
https://openalex.org/W4387537022
https://openalex.org/W4390122233
https://openalex.org/W4390401551
https://openalex.org/W4390675054
https://openalex.org/W4390878194
https://openalex.org/W4390919094
https://openalex.org/W4391134059
https://openalex.org/W4391158738
https://openalex.org/W4391263353
https://openalex.org/W4391425558
https://openalex.org/W4391445608
https://openalex.org/W4391785970
https://openalex.org/W4391956956
https://openalex.org/W4392017140
https://openalex.org/W4392246293
https://openalex.org/W4392499018
https://openalex.org/W4392581508
https://openalex.org/W4392619996
https://openalex.org/W4392648958
https://openalex.org/W4392659256
https://openalex.org/W4392806145
https://openalex.org/W4392824675
https://openalex.org/W4392932997
https://openalex.org/W4392975089
https://openalex.org/W4392975277
https://openalex.org/W4392975356
https://openalex.org/W4392975359
https://openalex.org/W4393930470
https://openalex.org/W4393930486
https://openalex.org/W4394011296
https://openalex.org/W4394612008
https://openalex.org/W4394683055
https://openalex.org/W4394694244
https://openalex.org/W4394755759
https://openalex.org/W4394788198
https://openalex.org/W4394836607
https://openalex.org/W4394873342
https://openalex.org/W4394874202
https://openalex.org/W4395686133
https://openalex.org/W2029322332
https://openalex.org/W2404959419
https://openalex.org/W2047270618
https://openalex.org/W2001431604
https://openalex.org/W1975556925
https://openalex.org/W2016908887
https://openalex.org/W2124926693
https://openalex.org/W2113382847
https://openalex.org/W2078966924
https://openalex.org/W2056994693
https://openalex.org/W2070700813
https://openalex.org/W2072440314
https://openalex.org/W2068391829
https://openalex.org/W2418006015
https://openalex.org/W648050957
https://openalex.org/W2071716377
https://openalex.org/W2011832514
https://openalex.org/W2152548609
https://openalex.org/W1997520446
https://openalex.org/W2016001085
https://openalex.org/W2041737132
https://openalex.org/W2127268940
https://openalex.org/W2140909689
https://openalex.org/W1982160621
https://openalex.org/W2035866214
https://openalex.org/W2113736170
https://openalex.org/W2243416090
https://openalex.org/W1984793552
https://openalex.org/W199206667
https://openalex.org/W2044733612
https://openalex.org/W2327410153
https://openalex.org/W2418999624
https://openalex.org/W2153482260
https://openalex.org/W2326014419
https://openalex.org/W2579290283
https://openalex.org/W2010011145
https://openalex.org/W2252270698
https://openalex.org/W2472435205
https://openalex.org/W2755139377
https://openalex.org/W2801860861
https://openalex.org/W2278966385
https://openalex.org/W2592093989
https://openalex.org/W2767631827
https://openalex.org/W2774311128
https://openalex.org/W2519879166
https://openalex.org/W2061665319
https://openalex.org/W4244798870
https://openalex.org/W1975351170
https://openalex.org/W4319001821
https://openalex.org/W4319066326
https://openalex.org/W4372335827
https://openalex.org/W4379137515
https://openalex.org/W4381382155
https://openalex.org/W4381715986
https://openalex.org/W4382753446
https://openalex.org/W4383215546
https://openalex.org/W4385766042
https://openalex.org/W4386059414
https://openalex.org/W2083394850
https://openalex.org/W1600219599
https://openalex.org/W1973651321
https://openalex.org/W1979066326
https://openalex.org/W1979221405
https://openalex.org/W2400053432
https://openalex.org/W2082641918
https://openalex.org/W2105507907
https://openalex.org/W1964264412
https://openalex.org/W1972863475
https://openalex.org/W1978554146
https://openalex.org/W2077029228
https://openalex.org/W4256644113
https://openalex.org/W575905666
https://openalex.org/W2091115035
https://openalex.org/W2037319361
https://openalex.org/W2065031115
https://openalex.org/W2033285537
https://openalex.org/W2321042758
https://openalex.org/W2012805707
https://openalex.org/W2075776126
https://openalex.org/W2145935502
https://openalex.org/W2107585898
https://openalex.org/W2121217769
https://openalex.org/W1503488865
https://openalex.org/W1514139882
https://openalex.org/W2029989805
https://openalex.org/W2170212006
https://openalex.org/W2315014200
https://openalex.org/W2117550472
https://openalex.org/W2005513457
https://openalex.org/W2160394528
https://openalex.org/W2167930182
https://openalex.org/W2237751199
https://openalex.org/W2735733701
https://openalex.org/W2781086679
https://openalex.org/W2991225079
https://openalex.org/W1994005418
https://openalex.org/W2167351319
https://openalex.org/W2559362783
https://openalex.org/W2610163527
https://openalex.org/W2790971027
https://openalex.org/W1965126005
https://openalex.org/W2057268832
https://openalex.org/W2042661551
https://openalex.org/W3012043299
https://openalex.org/W3091267175
https://openalex.org/W942613244
https://openalex.org/W3002706825
https://openalex.org/W3004124875
https://openalex.org/W3005901409
https://openalex.org/W2890934279
https://openalex.org/W3151216559
https://openalex.org/W3205768009
https://openalex.org/W2096814477
https://openalex.org/W2414665229
https://openalex.org/W2321296519
https://openalex.org/W2321782709
https://openalex.org/W4231380016
https://openalex.org/W4229026441
https://openalex.org/W4281741078
https://openalex.org/W4301595796
https://openalex.org/W2082701532
https://openalex.org/W2053918974
https://openalex.org/W2124635693
https://openalex.org/W2058809083
https://openalex.org/W2082450837
https://openalex.org/W2087788498
https://openalex.org/W2117704634
https://openalex.org/W2164130070
https://openalex.org/W123908259
https://openalex.org/W2073310941
https://openalex.org/W2276815793
https://openalex.org/W2042450831
https://openalex.org/W2000209125
https://openalex.org/W2001183441
https://openalex.org/W2140142571
https://openalex.org/W2037877011
https://openalex.org/W2143980979
https://openalex.org/W2103477706
https://openalex.org/W2013410380
https://openalex.org/W1977246576
https://openalex.org/W1993483601
https://openalex.org/W2056926508
https://openalex.org/W2012760900
https://openalex.org/W2013333949
https://openalex.org/W2019967979
https://openalex.org/W2036627525
https://openalex.org/W2062173330
https://openalex.org/W2127241904
https://openalex.org/W2553619730
https://openalex.org/W2889875024
https://openalex.org/W2901909484
https://openalex.org/W1499252853
https://openalex.org/W2156378925
https://openalex.org/W2168567963
https://openalex.org/W2513068825
https://openalex.org/W2612089942
https://openalex.org/W2774994030
https://openalex.org/W2800651652
https://openalex.org/W2888686181
https://openalex.org/W2902429239
https://openalex.org/W2907123088
https://openalex.org/W2288854233
https://openalex.org/W2519052518
https://openalex.org/W2914356914
https://openalex.org/W2955461334
https://openalex.org/W2957504595
https://openalex.org/W2987001747
https://openalex.org/W3094158746
https://openalex.org/W3094820639
https://openalex.org/W3095269633
https://openalex.org/W3204126223
https://openalex.org/W4246464443
https://openalex.org/W4200514620
https://openalex.org/W4220740040
https://openalex.org/W4225692534
https://openalex.org/W4281790538
https://openalex.org/W4310778541
https://openalex.org/W2014340379
https://openalex.org/W2143694248
https://openalex.org/W2078856673
https://openalex.org/W77502057
https://openalex.org/W2044661738
https://openalex.org/W1968423114
https://openalex.org/W2412743110
https://openalex.org/W597393196
https://openalex.org/W2018733592
https://openalex.org/W2072457978
https://openalex.org/W2008869062
https://openalex.org/W2019833115
https://openalex.org/W1886212011
https://openalex.org/W2055883702
https://openalex.org/W1968527678
https://openalex.org/W2035556858
https://openalex.org/W2093875454
https://openalex.org/W2103516472
https://openalex.org/W2104063962
https://openalex.org/W2050814492
https://openalex.org/W2088607585
https://openalex.org/W2015195503
https://openalex.org/W1964375875
https://openalex.org/W2052700804
https://openalex.org/W2166548882
https://openalex.org/W2549647244
https://openalex.org/W2885646572
https://openalex.org/W2898528468
https://openalex.org/W1587394602
https://openalex.org/W1974062086
https://openalex.org/W2397973515
https://openalex.org/W2620720791
https://openalex.org/W2789674995
https://openalex.org/W2796452348
https://openalex.org/W2342273596
https://openalex.org/W2360004506
https://openalex.org/W2416387283
https://openalex.org/W3121337574
https://openalex.org/W3018058107
https://openalex.org/W3043337874
https://openalex.org/W3090149465
https://openalex.org/W3091293074
https://openalex.org/W3095174630
https://openalex.org/W3097358168
https://openalex.org/W4243178083
https://openalex.org/W3136724335
https://openalex.org/W3167214905
https://openalex.org/W3195918812
https://openalex.org/W4238745070
https://openalex.org/W1982544215
https://openalex.org/W2064932530
https://openalex.org/W2134066002
https://openalex.org/W2410079015
https://openalex.org/W2070728506
https://openalex.org/W1990326368
https://openalex.org/W2006326813
https://openalex.org/W2076674397
https://openalex.org/W1964160248
https://openalex.org/W2011469708
https://openalex.org/W1712663563
https://openalex.org/W1980584470
https://openalex.org/W2039457410
https://openalex.org/W2077616664
https://openalex.org/W2082640073
https://openalex.org/W2188378307
https://openalex.org/W2070992836
https://openalex.org/W1969426845
https://openalex.org/W2065243993
https://openalex.org/W2048234117
https://openalex.org/W2107181223
https://openalex.org/W1994662575
https://openalex.org/W1995937528
https://openalex.org/W2088776574
https://openalex.org/W2135061718
https://openalex.org/W1983181944
https://openalex.org/W1988788921
https://openalex.org/W2320366274
https://openalex.org/W2334546269
https://openalex.org/W3103041267
https://openalex.org/W2079841859
https://openalex.org/W2566057755
https://openalex.org/W2769884974
https://openalex.org/W2883763795
https://openalex.org/W2917837043
https://openalex.org/W2945944707
https://openalex.org/W4245619261
https://openalex.org/W1607116212
https://openalex.org/W1969279015
https://openalex.org/W1997247228
https://openalex.org/W2163250603
https://openalex.org/W2174336570
https://openalex.org/W2344410351
https://openalex.org/W2469388981
https://openalex.org/W2555899754
https://openalex.org/W2962496465
https://openalex.org/W2988169024
https://openalex.org/W2325994467
https://openalex.org/W2326141621
https://openalex.org/W2931390286
https://openalex.org/W2982264710
https://openalex.org/W3000980723
https://openalex.org/W3024187024
https://openalex.org/W3110282991
https://openalex.org/W3116048383
https://openalex.org/W3196401008
https://openalex.org/W2315846340
https://openalex.org/W2323215435
https://openalex.org/W4249806560
https://openalex.org/W4206234270
https://openalex.org/W4211196258
https://openalex.org/W4214514601
https://openalex.org/W4226411999
https://openalex.org/W4283715111
https://openalex.org/W4283747413
https://openalex.org/W4289529585
https://openalex.org/W4302010699
https://openalex.org/W4310599148
https://openalex.org/W4364382418
https://openalex.org/W4367673672
https://openalex.org/W4380154103
https://openalex.org/W4382344846
https://openalex.org/W4384405077
https://openalex.org/W4386071120
https://openalex.org/W4386266887
https://openalex.org/W4386301924
https://openalex.org/W4386347272
https://openalex.org/W4387030177
https://openalex.org/W4387867608
https://openalex.org/W4388347929
https://openalex.org/W4388513857
https://openalex.org/W4389040551
https://openalex.org/W4389237695
https://openalex.org/W4389607425
https://openalex.org/W4393796695
https://openalex.org/W2001544829
https://openalex.org/W2104993832
https://openalex.org/W1527758754
https://openalex.org/W2079221400
https://openalex.org/W2614869285
https://openalex.org/W2044696962
https://openalex.org/W1972193751
https://openalex.org/W2023932998
https://openalex.org/W2110510166
https://openalex.org/W3025976935
https://openalex.org/W2167706388
https://openalex.org/W2333736196
https://openalex.org/W2769578781
https://openalex.org/W2799602398
https://openalex.org/W1911453820
https://openalex.org/W1992724660
https://openalex.org/W2514982390
https://openalex.org/W2593105591
https://openalex.org/W2730898412
https://openalex.org/W2735184016
https://openalex.org/W2742026711
https://openalex.org/W2773242846
https://openalex.org/W2892336672
https://openalex.org/W2906172550
https://openalex.org/W2909011043
https://openalex.org/W2931136663
https://openalex.org/W2943603155
https://openalex.org/W2960761404
https://openalex.org/W2965722658
https://openalex.org/W2972290129
https://openalex.org/W1993796420
https://openalex.org/W2100503498
https://openalex.org/W4256228556
https://openalex.org/W2315328404
https://openalex.org/W2331410972
https://openalex.org/W2318766515
https://openalex.org/W2322702716
https://openalex.org/W2797481961
https://openalex.org/W3150425342
https://openalex.org/W4245012970
https://openalex.org/W2612050789
https://openalex.org/W2125501107
https://openalex.org/W1773057883
https://openalex.org/W1992631904
https://openalex.org/W2041500868
https://openalex.org/W2013629070
https://openalex.org/W4236554442
https://openalex.org/W2093138788
https://openalex.org/W2167623931
https://openalex.org/W2066175399
https://openalex.org/W1997847552
https://openalex.org/W2086996823
https://openalex.org/W1969844085
https://openalex.org/W2059773038
https://openalex.org/W4230081707
https://openalex.org/W2004310973
https://openalex.org/W2046790033
https://openalex.org/W2056591333
https://openalex.org/W2314600386
https://openalex.org/W2891977167
https://openalex.org/W2896191481
https://openalex.org/W1987723851
https://openalex.org/W2058280249
https://openalex.org/W2133174218
https://openalex.org/W2270341195
https://openalex.org/W2329239597
https://openalex.org/W2553875744
https://openalex.org/W2560200266
https://openalex.org/W2597144090
https://openalex.org/W2743958990
https://openalex.org/W2901492574
https://openalex.org/W2911108433
https://openalex.org/W2923132686
https://openalex.org/W2969408972
https://openalex.org/W2990698022
https://openalex.org/W3005280789
https://openalex.org/W3010422150
https://openalex.org/W3022315680
https://openalex.org/W3024276269
https://openalex.org/W4242245364
https://openalex.org/W4244999944
https://openalex.org/W1984821289
https://openalex.org/W2344110995
https://openalex.org/W3016356435
https://openalex.org/W3120612206
https://openalex.org/W3135732735
https://openalex.org/W3200816591
https://openalex.org/W3202285961
https://openalex.org/W2093211767
https://openalex.org/W2091089959
https://openalex.org/W1998469948
https://openalex.org/W1975946711
https://openalex.org/W2492592330
https://openalex.org/W1985967044
https://openalex.org/W2057390623
https://openalex.org/W326173544
https://openalex.org/W1966097895
https://openalex.org/W2057888630
https://openalex.org/W2149294552
https://openalex.org/W1989190844
https://openalex.org/W2082072968
https://openalex.org/W4238307419
https://openalex.org/W2018240613
https://openalex.org/W2318722263
https://openalex.org/W2796765639
https://openalex.org/W1516942041
https://openalex.org/W2809202589
https://openalex.org/W2892303679
https://openalex.org/W4236917290
https://openalex.org/W1607628006
https://openalex.org/W1823417153
https://openalex.org/W2090869420
https://openalex.org/W2106149540
https://openalex.org/W2261957790
https://openalex.org/W2313401358
https://openalex.org/W2754437594
https://openalex.org/W2769652636
https://openalex.org/W2971335491
https://openalex.org/W3000551287
https://openalex.org/W3024603624
https://openalex.org/W3056603087
https://openalex.org/W4237102816
https://openalex.org/W1979892249
https://openalex.org/W3120367989
https://openalex.org/W3132084319
https://openalex.org/W3135683395
https://openalex.org/W3211278794
https://openalex.org/W4200450535
https://openalex.org/W2079102603
https://openalex.org/W2319992007
https://openalex.org/W2330479238
https://openalex.org/W2796500115
https://openalex.org/W4206124549
https://openalex.org/W4234698339
https://openalex.org/W4235492093
https://openalex.org/W4235643512
https://openalex.org/W4239435700
https://openalex.org/W4283067702
https://openalex.org/W4285403848
https://openalex.org/W4297900493
https://openalex.org/W4306367142
https://openalex.org/W2145921888
https://openalex.org/W4256077887
https://openalex.org/W2028771545
https://openalex.org/W2062526760
https://openalex.org/W2045448850
https://openalex.org/W2076461122
https://openalex.org/W2004028078
https://openalex.org/W2787735949
https://openalex.org/W2790398482
https://openalex.org/W2886100351
https://openalex.org/W1991715050
https://openalex.org/W2086562962
https://openalex.org/W2113087572
https://openalex.org/W2135090615
https://openalex.org/W2286459530
https://openalex.org/W2310694604
https://openalex.org/W2739762004
https://openalex.org/W2768067819
https://openalex.org/W3026188066
https://openalex.org/W3040705097
https://openalex.org/W3086588314
https://openalex.org/W4244786780
https://openalex.org/W2336651890
https://openalex.org/W2914014956
https://openalex.org/W4231171689
https://openalex.org/W4236373919
https://openalex.org/W2054688126
https://openalex.org/W4233806251
https://openalex.org/W2020515129
https://openalex.org/W2047701514
https://openalex.org/W2102525240
https://openalex.org/W2167584409
https://openalex.org/W2071284808
https://openalex.org/W2089882399
https://openalex.org/W2007124822
https://openalex.org/W2412113964
https://openalex.org/W2469412216
https://openalex.org/W109570831
https://openalex.org/W2005540902
https://openalex.org/W145512694
https://openalex.org/W2078456548
https://openalex.org/W2159468777
https://openalex.org/W2321855681
https://openalex.org/W2326127190
https://openalex.org/W2775945210
https://openalex.org/W2790039711
https://openalex.org/W2800423533
https://openalex.org/W2806840670
https://openalex.org/W2808423694
https://openalex.org/W2888586198
https://openalex.org/W2891011613
https://openalex.org/W2943573894
https://openalex.org/W2980895761
https://openalex.org/W2996645946
https://openalex.org/W4230260016
https://openalex.org/W4254757209
https://openalex.org/W2016742967
https://openalex.org/W2078128193
https://openalex.org/W2121917372
https://openalex.org/W2192233048
https://openalex.org/W2288662593
https://openalex.org/W2306242118
https://openalex.org/W2561291204
https://openalex.org/W3087599786
https://openalex.org/W3134231231
https://openalex.org/W3163330591
https://openalex.org/W3212399337
https://openalex.org/W4245701143
https://openalex.org/W2891601007
https://openalex.org/W4244589261
https://openalex.org/W2049269847
https://openalex.org/W2061264139
https://openalex.org/W2086298000
https://openalex.org/W2418685341
https://openalex.org/W1983858609
https://openalex.org/W2022091198
https://openalex.org/W2081239169
https://openalex.org/W2123270038
https://openalex.org/W2256759435
https://openalex.org/W2404646599
https://openalex.org/W1996171583
https://openalex.org/W2025831078
https://openalex.org/W2139039735
https://openalex.org/W2184462158
https://openalex.org/W2437199280
https://openalex.org/W90896018
https://openalex.org/W2057304832
https://openalex.org/W2312534805
https://openalex.org/W2321041628
https://openalex.org/W1974016367
https://openalex.org/W1981611618
https://openalex.org/W1997324310
https://openalex.org/W2031168422
https://openalex.org/W2145555873
https://openalex.org/W2394873115
https://openalex.org/W2707758190
https://openalex.org/W2738883694
https://openalex.org/W2754918108
https://openalex.org/W2765579232
https://openalex.org/W2795778993
https://openalex.org/W2803459776
https://openalex.org/W2805317164
https://openalex.org/W2942810240
https://openalex.org/W2945217823
https://openalex.org/W2947448343
https://openalex.org/W2948437184
https://openalex.org/W3002584195
https://openalex.org/W3002793733
https://openalex.org/W3026315660
https://openalex.org/W3046927173
https://openalex.org/W3089690897
https://openalex.org/W3091427365
https://openalex.org/W3092226373
https://openalex.org/W413024265
https://openalex.org/W4239144703
https://openalex.org/W2064475199
https://openalex.org/W2236669737
https://openalex.org/W2287288846
https://openalex.org/W2336465129
https://openalex.org/W2559810858
https://openalex.org/W2748620320
https://openalex.org/W2798230970
https://openalex.org/W4231278840
https://openalex.org/W2075829939
https://openalex.org/W2317670670
https://openalex.org/W4200062330
https://openalex.org/W4210620838
https://openalex.org/W4220666239
https://openalex.org/W4220832064
https://openalex.org/W4226468375
https://openalex.org/W4230482691
https://openalex.org/W4238839728
https://openalex.org/W4255273084
https://openalex.org/W4288033241
https://openalex.org/W4306704009
https://openalex.org/W4308766724
https://openalex.org/W2007366580
https://openalex.org/W2041476600
https://openalex.org/W2051417204
https://openalex.org/W1968395957
https://openalex.org/W2087323992
https://openalex.org/W2993867188
https://openalex.org/W2000219667
https://openalex.org/W2106914713
https://openalex.org/W2330122476
https://openalex.org/W4240265741
https://openalex.org/W2003685766
https://openalex.org/W2049412201
https://openalex.org/W2105892046
https://openalex.org/W2318828551
https://openalex.org/W4298272881
https://openalex.org/W1985289894
https://openalex.org/W2037472163
https://openalex.org/W2150729796
https://openalex.org/W2253558931
https://openalex.org/W2323936500
https://openalex.org/W4211167827
https://openalex.org/W4213240583
https://openalex.org/W1994254101
https://openalex.org/W2103806700
https://openalex.org/W1992242452
https://openalex.org/W2438670793
https://openalex.org/W4234213856
https://openalex.org/W2412301033
https://openalex.org/W2437084855
https://openalex.org/W78538940
https://openalex.org/W2041478462
https://openalex.org/W2559233788
https://openalex.org/W2580004617
https://openalex.org/W2613415844
https://openalex.org/W2624396095
https://openalex.org/W2756649884
https://openalex.org/W2772952945
https://openalex.org/W2791050683
https://openalex.org/W2801585204
https://openalex.org/W2810224046
https://openalex.org/W2886833963
https://openalex.org/W2888175121
https://openalex.org/W2909290385
https://openalex.org/W2925011891
https://openalex.org/W2944019935
https://openalex.org/W2965905577
https://openalex.org/W2979106911
https://openalex.org/W3011530494
https://openalex.org/W3022219312
https://openalex.org/W3026088434
https://openalex.org/W3036759944
https://openalex.org/W3039621860
https://openalex.org/W3093143844
https://openalex.org/W3160422403
https://openalex.org/W3181144665
https://openalex.org/W3195714745
https://openalex.org/W3204727125
https://openalex.org/W4211057646
https://openalex.org/W54106999
https://openalex.org/W56422453
https://openalex.org/W2335588919
https://openalex.org/W2730940232
https://openalex.org/W1529444698
https://openalex.org/W1998972301
https://openalex.org/W2027489020
https://openalex.org/W2067759380
https://openalex.org/W2097798605
https://openalex.org/W2114053589
https://openalex.org/W2166869141
https://openalex.org/W2439515190
https://openalex.org/W4235910757
https://openalex.org/W4255533544
https://openalex.org/W4256339731
https://openalex.org/W2046467702
https://openalex.org/W2284906349
https://openalex.org/W2314726494
https://openalex.org/W2612843836
https://openalex.org/W2010717561
https://openalex.org/W2017990548
https://openalex.org/W2314573944
https://openalex.org/W2412326691
https://openalex.org/W2416471811
https://openalex.org/W4251711511
https://openalex.org/W1982508818
https://openalex.org/W2124970242
https://openalex.org/W2396461710
https://openalex.org/W118605066
https://openalex.org/W1849312808
https://openalex.org/W2016286098
https://openalex.org/W2081650971
https://openalex.org/W2171402338
https://openalex.org/W2171970871
https://openalex.org/W2243727014
https://openalex.org/W1707983772
https://openalex.org/W2001687084
https://openalex.org/W2115294093
https://openalex.org/W2123639828
https://openalex.org/W2279360165
https://openalex.org/W2467053196
https://openalex.org/W2728254107
https://openalex.org/W4232742920
https://openalex.org/W4254368022
https://openalex.org/W4299794148
https://openalex.org/W573828168
https://openalex.org/W816766950
https://openalex.org/W1983593964
https://openalex.org/W2078251394
https://openalex.org/W2318564189
https://openalex.org/W2335366103
https://openalex.org/W4229883088
https://openalex.org/W4230022725
https://openalex.org/W4234976096
https://openalex.org/W1493829120
https://openalex.org/W2738460324
https://openalex.org/W4311795418
https://openalex.org/W4322001492
https://openalex.org/W4322010702
https://openalex.org/W4322208801
https://openalex.org/W4322210172
https://openalex.org/W4322615359
https://openalex.org/W4327595072
https://openalex.org/W4362659464
https://openalex.org/W4365505081
https://openalex.org/W4367669947
https://openalex.org/W4367669950
https://openalex.org/W4372299502
https://openalex.org/W4376143920
https://openalex.org/W4378086359
https://openalex.org/W4378217667
https://openalex.org/W4378347691
https://openalex.org/W4379255923
https://openalex.org/W4379806004
https://openalex.org/W4383215167
https://openalex.org/W4383341923
https://openalex.org/W4383342143
https://openalex.org/W4384931713
https://openalex.org/W4385724049
https://openalex.org/W4385805635
https://openalex.org/W4385811486
https://openalex.org/W4385811900
https://openalex.org/W4386162199
https://openalex.org/W4386220067
https://openalex.org/W4386249378
https://openalex.org/W4386295611
https://openalex.org/W4386307348
https://openalex.org/W4386448465
https://openalex.org/W4386479370
https://openalex.org/W4386479795
https://openalex.org/W4386479836
https://openalex.org/W4386504584
https://openalex.org/W4386623705
https://openalex.org/W4386648226
https://openalex.org/W4386703331
https://openalex.org/W4387000269
https://openalex.org/W4387005224
https://openalex.org/W4387600505
https://openalex.org/W4387955280
https://openalex.org/W4388036470
https://openalex.org/W4388207493
https://openalex.org/W4388207742
https://openalex.org/W4388596874
https://openalex.org/W4388762190
https://openalex.org/W4388853928
https://openalex.org/W4389303540
https://openalex.org/W4389785045
https://openalex.org/W4390152447
https://openalex.org/W4393523895
https://openalex.org/W4393542314
https://openalex.org/W4393601252
https://openalex.org/W4393738932
https://openalex.org/W4393778947
https://openalex.org/W4393843705
https://openalex.org/W2007296830
https://openalex.org/W2014398157
https://openalex.org/W2024698548
https://openalex.org/W2081241083
https://openalex.org/W2404344316
https://openalex.org/W2411058622
https://openalex.org/W2978586317
https://openalex.org/W4328900
https://openalex.org/W1494559473
https://openalex.org/W1624414419
https://openalex.org/W2054864239
https://openalex.org/W2055385184
https://openalex.org/W1976698467
https://openalex.org/W1996588394
https://openalex.org/W2293888491
https://openalex.org/W2320487396
https://openalex.org/W2330556432
https://openalex.org/W2412269510
https://openalex.org/W4230956747
https://openalex.org/W2050417576
https://openalex.org/W2318407686
https://openalex.org/W2411552761
https://openalex.org/W2423608608
https://openalex.org/W4251856677
https://openalex.org/W189896159
https://openalex.org/W1975012331
https://openalex.org/W2087182844
https://openalex.org/W249907171
https://openalex.org/W2327131633
https://openalex.org/W2416213272
https://openalex.org/W2796933435
https://openalex.org/W4232149601
https://openalex.org/W4239710467
https://openalex.org/W4241079117
https://openalex.org/W4241395547
https://openalex.org/W4244205708
https://openalex.org/W4244476009
https://openalex.org/W4256286112
https://openalex.org/W2057094057
https://openalex.org/W2410493402
https://openalex.org/W4237950053
https://openalex.org/W2045212114
https://openalex.org/W2416925728
https://openalex.org/W1637954958
https://openalex.org/W2057369979
https://openalex.org/W2161877366
https://openalex.org/W2406073365
https://openalex.org/W2414173820
https://openalex.org/W2434471832
https://openalex.org/W2468469918
https://openalex.org/W180103159
https://openalex.org/W2115630559
https://openalex.org/W2327343468
https://openalex.org/W2767774334
https://openalex.org/W2787642958
https://openalex.org/W2789288065
https://openalex.org/W2888206554
https://openalex.org/W2921438360
https://openalex.org/W2945224495
https://openalex.org/W2967598957
https://openalex.org/W3011432218
https://openalex.org/W3014846270
https://openalex.org/W3019969277
https://openalex.org/W3044239955
https://openalex.org/W3084958858
https://openalex.org/W3154477017
https://openalex.org/W3165010171
https://openalex.org/W3189947263
https://openalex.org/W3202915177
https://openalex.org/W4226048257
https://openalex.org/W4229990984
https://openalex.org/W4234680737
https://openalex.org/W4242230842
https://openalex.org/W4242652488
https://openalex.org/W4287554454
https://openalex.org/W2301718730
https://openalex.org/W2345508882
https://openalex.org/W2395658861
https://openalex.org/W2405580754
https://openalex.org/W2513529428
https://openalex.org/W2553273148
https://openalex.org/W2946475820
https://openalex.org/W4205596717
https://openalex.org/W4214518602
https://openalex.org/W4220831802
https://openalex.org/W4226300187
https://openalex.org/W4256610359
https://openalex.org/W4295129677
https://openalex.org/W4297995058
https://openalex.org/W4300689613
https://openalex.org/W4306169067
https://openalex.org/W4306671838
https://openalex.org/W4308054341
https://openalex.org/W4308543720
https://openalex.org/W4389025699
https://openalex.org/W2414168445
https://openalex.org/W2047022177
https://openalex.org/W2327720048
https://openalex.org/W2463741830
https://openalex.org/W2486884707
https://openalex.org/W4250976410
https://openalex.org/W73885394
https://openalex.org/W2312623564
https://openalex.org/W1537208157
https://openalex.org/W1560402985
https://openalex.org/W1854124842
https://openalex.org/W1876683888
https://openalex.org/W2002719500
https://openalex.org/W2022181500
https://openalex.org/W2025658696
https://openalex.org/W2029360462
https://openalex.org/W2066386045
https://openalex.org/W2098698476
https://openalex.org/W2142581067
https://openalex.org/W2170568921
https://openalex.org/W2176875686
https://openalex.org/W2243323866
https://openalex.org/W2315424335
https://openalex.org/W2323387672
https://openalex.org/W2323573991
https://openalex.org/W2414882508
https://openalex.org/W2416049286
https://openalex.org/W2416449029
https://openalex.org/W2473660378
https://openalex.org/W2480915953
https://openalex.org/W2542201159
https://openalex.org/W2554156235
https://openalex.org/W3032201797
https://openalex.org/W363595337
https://openalex.org/W4306254599
https://openalex.org/W659167242
https://openalex.org/W2485306057
https://openalex.org/W2069759470
https://openalex.org/W2470311672
https://openalex.org/W2240116506
https://openalex.org/W1965014224
https://openalex.org/W1994288958
https://openalex.org/W2075710628
https://openalex.org/W2083113958
https://openalex.org/W2319034757
https://openalex.org/W185528369
https://openalex.org/W2064988219
https://openalex.org/W2073834028
https://openalex.org/W2260148106
https://openalex.org/W2317737094
https://openalex.org/W2318296961
https://openalex.org/W2399426017
https://openalex.org/W2406559918
https://openalex.org/W2409458017
https://openalex.org/W2424434036
https://openalex.org/W2472273456
https://openalex.org/W2474468289
https://openalex.org/W3203208716
https://openalex.org/W4241788012
https://openalex.org/W1971638160
https://openalex.org/W2058593326
https://openalex.org/W2128731992
https://openalex.org/W2228774366
https://openalex.org/W2245320595
https://openalex.org/W2401662245
https://openalex.org/W2562705415
https://openalex.org/W2584634038
https://openalex.org/W2588191853
https://openalex.org/W2611906158
https://openalex.org/W2622285213
https://openalex.org/W2917304839
https://openalex.org/W4230268977
https://openalex.org/W1970543544
https://openalex.org/W1988709737
https://openalex.org/W2080782964
https://openalex.org/W2331466914
https://openalex.org/W2462806274
https://openalex.org/W4245930296
https://openalex.org/W147652871
https://openalex.org/W2397014177
https://openalex.org/W2405930148
https://openalex.org/W2425662606
https://openalex.org/W2469131882
https://openalex.org/W4249005795
https://openalex.org/W1990754092
https://openalex.org/W4235124907
https://openalex.org/W1481120165
https://openalex.org/W1991400506
https://openalex.org/W1999821335
https://openalex.org/W2016567182
https://openalex.org/W2041388255
https://openalex.org/W2075178528
https://openalex.org/W2082093695
https://openalex.org/W2126095935
https://openalex.org/W2468214382
https://openalex.org/W2800549453
https://openalex.org/W2883110727
https://openalex.org/W2890106958
https://openalex.org/W2894333519
https://openalex.org/W2900362146
https://openalex.org/W2990753271
https://openalex.org/W3025963419
https://openalex.org/W4233501439
https://openalex.org/W2318640707
https://openalex.org/W2084303584
https://openalex.org/W2092745119
https://openalex.org/W2474444562
https://openalex.org/W2949810002
https://openalex.org/W4231168390
https://openalex.org/W1964044916
https://openalex.org/W2054032543
https://openalex.org/W2465313354
https://openalex.org/W2067388312
https://openalex.org/W2332567094
https://openalex.org/W2411386876
https://openalex.org/W2417601505
https://openalex.org/W2461265619
https://openalex.org/W4247050078
https://openalex.org/W1977701513
https://openalex.org/W2146636317
https://openalex.org/W2327441777
https://openalex.org/W2332069111
https://openalex.org/W2416836670
https://openalex.org/W2909192424
https://openalex.org/W2975975347
https://openalex.org/W2980724087
https://openalex.org/W2981454128
https://openalex.org/W2982002777
https://openalex.org/W2988447548
https://openalex.org/W2999582058
https://openalex.org/W3000100816
https://openalex.org/W3042738985
https://openalex.org/W3093618556
https://openalex.org/W3108970752
https://openalex.org/W3112330077
https://openalex.org/W369928128
https://openalex.org/W4237520466
https://openalex.org/W4238360666
https://openalex.org/W1836865903
https://openalex.org/W2062104450
https://openalex.org/W2183883684
https://openalex.org/W2416663862
https://openalex.org/W2426637383
https://openalex.org/W1883085376
https://openalex.org/W2133924967
https://openalex.org/W2318472435
https://openalex.org/W2397617580
https://openalex.org/W2401571646
https://openalex.org/W383417958
https://openalex.org/W1946276731
https://openalex.org/W1975513780
https://openalex.org/W2071541130
https://openalex.org/W2288356470
https://openalex.org/W2323726611
https://openalex.org/W2473940545
https://openalex.org/W2797641689
https://openalex.org/W3142985396
https://openalex.org/W3154199227
https://openalex.org/W3155292952
https://openalex.org/W3175724318
https://openalex.org/W3179487581
https://openalex.org/W3194985242
https://openalex.org/W3204607351
https://openalex.org/W3207107337
https://openalex.org/W4200424443
https://openalex.org/W4200462238
https://openalex.org/W4247218832
https://openalex.org/W2091919887
https://openalex.org/W2621195140
https://openalex.org/W4247276444
https://openalex.org/W2412437334
https://openalex.org/W2044874503
https://openalex.org/W2050380985
https://openalex.org/W2405560754
https://openalex.org/W2411913128
https://openalex.org/W2792762716
https://openalex.org/W4302598520
https://openalex.org/W595189689
https://openalex.org/W2065637529
https://openalex.org/W2315137619
https://openalex.org/W2317335357
https://openalex.org/W2319512424
https://openalex.org/W2324188975
https://openalex.org/W2330324854
https://openalex.org/W2552915657
https://openalex.org/W2892103552
https://openalex.org/W4229794472
https://openalex.org/W4234009664
https://openalex.org/W4234328036
https://openalex.org/W4239575948
https://openalex.org/W4240518193
https://openalex.org/W4241209669
https://openalex.org/W4244536667
https://openalex.org/W4244537585
https://openalex.org/W4246258928
https://openalex.org/W4246951559
https://openalex.org/W4253057355
https://openalex.org/W4255463995
https://openalex.org/W4292141406
https://openalex.org/W2023820600
https://openalex.org/W2055066219
https://openalex.org/W2085159259
https://openalex.org/W2089907840
https://openalex.org/W2272420579
https://openalex.org/W4237854605
https://openalex.org/W2012329209
https://openalex.org/W2041165762
https://openalex.org/W2337103414
https://openalex.org/W2343222971
https://openalex.org/W4230269233
https://openalex.org/W1161714174
https://openalex.org/W1446588974
https://openalex.org/W1539675671
https://openalex.org/W1612116114
https://openalex.org/W1651901234
https://openalex.org/W1981101941
https://openalex.org/W1981743873
https://openalex.org/W1985885343
https://openalex.org/W1988144890
https://openalex.org/W2000628131
https://openalex.org/W2076172372
https://openalex.org/W2078026406
https://openalex.org/W2096623742
https://openalex.org/W2144534871
https://openalex.org/W219665399
https://openalex.org/W2218509110
https://openalex.org/W2237846089
https://openalex.org/W2278512211
https://openalex.org/W229491606
https://openalex.org/W2295311075
https://openalex.org/W2320080633
https://openalex.org/W2320232988
https://openalex.org/W2327046629
https://openalex.org/W2328412117
https://openalex.org/W2335684176
https://openalex.org/W2337604485
https://openalex.org/W2339728427
https://openalex.org/W2341385986
https://openalex.org/W2368819500
https://openalex.org/W2401845143
https://openalex.org/W2408527329
https://openalex.org/W2411002542
https://openalex.org/W2433127920
https://openalex.org/W2438545310
https://openalex.org/W2463574163
https://openalex.org/W2467249676
https://openalex.org/W2469828735
https://openalex.org/W2475271440
https://openalex.org/W2476168064
https://openalex.org/W2478249270
https://openalex.org/W2498386251
https://openalex.org/W2498745856
https://openalex.org/W2508123901
https://openalex.org/W2511576822
https://openalex.org/W2514382324
https://openalex.org/W2515684993
https://openalex.org/W2520472486
https://openalex.org/W2522110181
https://openalex.org/W2522569189
https://openalex.org/W2530248993
https://openalex.org/W2531563840
https://openalex.org/W2549875809
https://openalex.org/W2555224428
https://openalex.org/W2555287801
https://openalex.org/W2560922286
https://openalex.org/W2564255052
https://openalex.org/W2576091302
https://openalex.org/W2577513329
https://openalex.org/W2593734840
https://openalex.org/W2594727449
https://openalex.org/W2604284068
https://openalex.org/W2608759674
https://openalex.org/W2609488049
https://openalex.org/W2636717021
https://openalex.org/W2737105427
https://openalex.org/W2737320080
https://openalex.org/W2746421917
https://openalex.org/W2747290269
https://openalex.org/W2748238059
https://openalex.org/W2752857651
https://openalex.org/W2769775560
https://openalex.org/W2795733545
https://openalex.org/W2805401762
https://openalex.org/W2898742515
https://openalex.org/W2979141593
https://openalex.org/W2981352548
https://openalex.org/W2989683584
https://openalex.org/W3005682502
https://openalex.org/W3013333512
https://openalex.org/W3015639576
https://openalex.org/W3017194329
https://openalex.org/W3032484704
https://openalex.org/W3124136239
https://openalex.org/W3177099678
https://openalex.org/W3192629947
https://openalex.org/W3194511576
https://openalex.org/W3195311117
https://openalex.org/W3195402363
https://openalex.org/W3195461284
https://openalex.org/W3195508044
https://openalex.org/W3198189049
https://openalex.org/W4232604022
https://openalex.org/W4235465725
https://openalex.org/W4236989952
https://openalex.org/W4243504158
https://openalex.org/W4244549233
https://openalex.org/W4246052956
https://openalex.org/W4246653045
https://openalex.org/W4246974106
https://openalex.org/W4247384414
https://openalex.org/W4247787778
https://openalex.org/W4248450948
https://openalex.org/W4248578499
https://openalex.org/W4249313801
https://openalex.org/W4249370221
https://openalex.org/W4250303689
https://openalex.org/W4250528885
https://openalex.org/W4251605691
https://openalex.org/W4255597238
https://openalex.org/W4293306251
https://openalex.org/W4297625484
https://openalex.org/W4386330907
https://openalex.org/W4394139083
https://openalex.org/W4394274487
https://openalex.org/W2183717951
https://openalex.org/W2464663904
https://openalex.org/W2950856619
https://openalex.org/W174671876
https://openalex.org/W2329223266
https://openalex.org/W4233961047
https://openalex.org/W4301209758
https://openalex.org/W45269580
https://openalex.org/W1014987872
https://openalex.org/W1132469610
https://openalex.org/W114389358
https://openalex.org/W130301228
https://openalex.org/W1500572042
https://openalex.org/W1527494697
https://openalex.org/W157708212
https://openalex.org/W1592489508
https://openalex.org/W1612849868
https://openalex.org/W168577653
https://openalex.org/W1966883162
https://openalex.org/W198315852
https://openalex.org/W2018116220
https://openalex.org/W2033761372
https://openalex.org/W2042118738
https://openalex.org/W2053868725
https://openalex.org/W206518192
https://openalex.org/W207655256
https://openalex.org/W2077041058
https://openalex.org/W2085231193
https://openalex.org/W2101860137
https://openalex.org/W2130162396
https://openalex.org/W213346104
https://openalex.org/W2150041155
https://openalex.org/W2157276000
https://openalex.org/W2187588437
https://openalex.org/W2236086124
https://openalex.org/W2260481175
https://openalex.org/W2289517414
https://openalex.org/W2291608673
https://openalex.org/W2318783428
https://openalex.org/W2323239225
https://openalex.org/W2325922570
https://openalex.org/W2326603227
https://openalex.org/W2328654450
https://openalex.org/W2330511588
https://openalex.org/W2332809691
https://openalex.org/W2395126211
https://openalex.org/W2407453752
https://openalex.org/W2440238079
https://openalex.org/W2493732374
https://openalex.org/W2502796271
https://openalex.org/W2520502367
https://openalex.org/W2560567030
https://openalex.org/W2565597931
https://openalex.org/W2595169999
https://openalex.org/W2625123422
https://openalex.org/W2802677699
https://openalex.org/W301781383
https://openalex.org/W3177196523
https://openalex.org/W358373305
https://openalex.org/W4211147667
https://openalex.org/W4236072376
https://openalex.org/W4245570284
https://openalex.org/W4246088596
https://openalex.org/W4246114049
https://openalex.org/W4254250132
https://openalex.org/W427776669
https://openalex.org/W4298112047
https://openalex.org/W617076765
https://openalex.org/W70003259
https://openalex.org/W73816305
https://openalex.org/W9187090
https://openalex.org/W9537858
https://openalex.org/W95445250
https://openalex.org/W10930748
https://openalex.org/W146575960
https://openalex.org/W1991635618
https://openalex.org/W2136984665
https://openalex.org/W28818408
https://openalex.org/W40189721
https://openalex.org/W626888497
https://openalex.org/W1874970380
https://openalex.org/W2032732881
https://openalex.org/W2188827227
https://openalex.org/W2315515989
https://openalex.org/W2318380148
https://openalex.org/W3185871457
https://openalex.org/W4232241906
https://openalex.org/W4252861012
https://openalex.org/W595796263
https://openalex.org/W8050905
https://openalex.org/W11538319
https://openalex.org/W1155433752
https://openalex.org/W1565797377
https://openalex.org/W1975171107
https://openalex.org/W1981618941
https://openalex.org/W2020076681
https://openalex.org/W2025889054
https://openalex.org/W2034024397
https://openalex.org/W2047516925
https://openalex.org/W2140972713
https://openalex.org/W22072162
https://openalex.org/W2405124250
https://openalex.org/W2405148338
https://openalex.org/W2412588224
https://openalex.org/W2421025221
https://openalex.org/W2495790300
https://openalex.org/W2562846030
https://openalex.org/W2580586706
https://openalex.org/W2581288213
https://openalex.org/W2581546529
https://openalex.org/W2582190205
https://openalex.org/W2584433105
https://openalex.org/W2587657823
https://openalex.org/W2592663799
https://openalex.org/W2611584657
https://openalex.org/W2611636610
https://openalex.org/W2617861649
https://openalex.org/W2696886958
https://openalex.org/W2743126067
https://openalex.org/W2746199706
https://openalex.org/W2748094066
https://openalex.org/W2751903475
https://openalex.org/W2754011373
https://openalex.org/W2757330066
https://openalex.org/W2757335524
https://openalex.org/W2758686895
https://openalex.org/W2761371668
https://openalex.org/W2761641236
https://openalex.org/W2762596792
https://openalex.org/W2763277227
https://openalex.org/W2763429207
https://openalex.org/W2763518778
https://openalex.org/W2765670183
https://openalex.org/W2776681124
https://openalex.org/W2788428075
https://openalex.org/W2795132226
https://openalex.org/W2795282201
https://openalex.org/W2808107107
https://openalex.org/W2898952709
https://openalex.org/W2913332334
https://openalex.org/W2944180042
https://openalex.org/W2949292124
https://openalex.org/W2955895244
https://openalex.org/W2960146760
https://openalex.org/W2965087556
https://openalex.org/W2976265711
https://openalex.org/W2979862666
https://openalex.org/W2981510608
https://openalex.org/W2996509264
https://openalex.org/W3024845273
https://openalex.org/W3031436700
https://openalex.org/W3121411035
https://openalex.org/W3181235777
https://openalex.org/W3193611606
https://openalex.org/W3194065295
https://openalex.org/W3195612801
https://openalex.org/W3196280796
https://openalex.org/W335051504
https://openalex.org/W4212993020
https://openalex.org/W4230042255
https://openalex.org/W4230260033
https://openalex.org/W4233140212
https://openalex.org/W4235426209
https://openalex.org/W4237940267
https://openalex.org/W4239389333
https://openalex.org/W4247682549
https://openalex.org/W4253797040
https://openalex.org/W4255422518
https://openalex.org/W4294497855
https://openalex.org/W4298388240
https://openalex.org/W576195224
https://openalex.org/W127566466
https://openalex.org/W2607152518
https://openalex.org/W111620593
https://openalex.org/W1204308661
https://openalex.org/W124370063
https://openalex.org/W127931957
https://openalex.org/W1568642847
https://openalex.org/W1592743233
https://openalex.org/W16299141
https://openalex.org/W1772391046
https://openalex.org/W194445338
https://openalex.org/W1975460671
https://openalex.org/W1981048468
https://openalex.org/W1985173268
https://openalex.org/W2011018146
https://openalex.org/W2014129967
https://openalex.org/W2014406252
https://openalex.org/W2020515042
https://openalex.org/W2028396652
https://openalex.org/W2035889474
https://openalex.org/W2069023266
https://openalex.org/W2084810283
https://openalex.org/W2095257768
https://openalex.org/W2105791497
https://openalex.org/W2119064245
https://openalex.org/W2136514417
https://openalex.org/W2243727965
https://openalex.org/W2246748475
https://openalex.org/W2265178794
https://openalex.org/W2317462086
https://openalex.org/W2569664265
https://openalex.org/W2599411412
https://openalex.org/W3010798126
https://openalex.org/W3095986967
https://openalex.org/W3197238927
https://openalex.org/W381838979
https://openalex.org/W4212859525
https://openalex.org/W4212955156
https://openalex.org/W4213041993
https://openalex.org/W4213152301
https://openalex.org/W4213238453
https://openalex.org/W4213453975
https://openalex.org/W4220937749
https://openalex.org/W4221077708
https://openalex.org/W4225919839
https://openalex.org/W4229004449
https://openalex.org/W4280533230
https://openalex.org/W4282826669
https://openalex.org/W4282962441
https://openalex.org/W4282969480
https://openalex.org/W4283273992
https://openalex.org/W4283640002
https://openalex.org/W4283754753
https://openalex.org/W4285156219
https://openalex.org/W4285199620
https://openalex.org/W4285216496
https://openalex.org/W4285304600
https://openalex.org/W4285392900
https://openalex.org/W4288045676
https://openalex.org/W4295280752
https://openalex.org/W4296413052
https://openalex.org/W4300724781
https://openalex.org/W4301033338
https://openalex.org/W4301360873
https://openalex.org/W4303045618
https://openalex.org/W4307773733
https://openalex.org/W4308930132
https://openalex.org/W4309536849
https://openalex.org/W4309536978
https://openalex.org/W4309868430
https://openalex.org/W4310205510
https://openalex.org/W4313389757
https://openalex.org/W436555962
https://openalex.org/W4380794746
https://openalex.org/W4380795394
https://openalex.org/W48759128
https://openalex.org/W575883476
https://openalex.org/W134359678
https://openalex.org/W1980017882
https://openalex.org/W2071876512
https://openalex.org/W2322392810
https://openalex.org/W2329071115
https://openalex.org/W2621072655
https://openalex.org/W113736217
https://openalex.org/W122787542
https://openalex.org/W1662022012
https://openalex.org/W2040106844
https://openalex.org/W2087611230
https://openalex.org/W2336474382
https://openalex.org/W2414480710
https://openalex.org/W2767474798
https://openalex.org/W2771688600
https://openalex.org/W2774353896
https://openalex.org/W2779673603
https://openalex.org/W2784597075
https://openalex.org/W2789848710
https://openalex.org/W2790567018
https://openalex.org/W2790716812
https://openalex.org/W2790995289
https://openalex.org/W2793265702
https://openalex.org/W2793747319
https://openalex.org/W2794411622
https://openalex.org/W2796098796
https://openalex.org/W2799282876
https://openalex.org/W2800294023
https://openalex.org/W2882128414
https://openalex.org/W2888976457
https://openalex.org/W2889468752
https://openalex.org/W2891639662
https://openalex.org/W2892770789
https://openalex.org/W2897270663
https://openalex.org/W2897724006
https://openalex.org/W2902533862
https://openalex.org/W2906647870
https://openalex.org/W2909429134
https://openalex.org/W2922451890
https://openalex.org/W2943872849
https://openalex.org/W2944580689
https://openalex.org/W2945124827
https://openalex.org/W2945568876
https://openalex.org/W2947173814
https://openalex.org/W2947208914
https://openalex.org/W2947394588
https://openalex.org/W2947563802
https://openalex.org/W2949355284
https://openalex.org/W2964569649
https://openalex.org/W2964626167
https://openalex.org/W2965252212
https://openalex.org/W2965419208
https://openalex.org/W2965579344
https://openalex.org/W2965751129
https://openalex.org/W2966510766
https://openalex.org/W2966922660
https://openalex.org/W2967990916
https://openalex.org/W2969642252
https://openalex.org/W2969934311
https://openalex.org/W2974175513
https://openalex.org/W2977074546
https://openalex.org/W2977369918
https://openalex.org/W2980634443
https://openalex.org/W2980656804
https://openalex.org/W2981039107
https://openalex.org/W2981243674
https://openalex.org/W2981392626
https://openalex.org/W2981578323
https://openalex.org/W2990346913
https://openalex.org/W2998221962
https://openalex.org/W3003757457
https://openalex.org/W3015543923
https://openalex.org/W3020117869
https://openalex.org/W3021824498
https://openalex.org/W3024561589
https://openalex.org/W3024565057
https://openalex.org/W3083176815
https://openalex.org/W3101413145
https://openalex.org/W3107672737
https://openalex.org/W3132777573
https://openalex.org/W3138674124
https://openalex.org/W3170359432
https://openalex.org/W3172905406
https://openalex.org/W3185705280
https://openalex.org/W3193442763
https://openalex.org/W3193573058
https://openalex.org/W3193599434
https://openalex.org/W4211117955
https://openalex.org/W4231566743
https://openalex.org/W4232688275
https://openalex.org/W4232712961
https://openalex.org/W4233329964
https://openalex.org/W4233917585
https://openalex.org/W4236302588
https://openalex.org/W4237208983
https://openalex.org/W4238990798
https://openalex.org/W4239561539
https://openalex.org/W4240084835
https://openalex.org/W4240767990
https://openalex.org/W4240825954
https://openalex.org/W4244205185
https://openalex.org/W4244619918
https://openalex.org/W4244668401
https://openalex.org/W4251343826
https://openalex.org/W4251452521
https://openalex.org/W4251455149
https://openalex.org/W4251828568
https://openalex.org/W4251888960
https://openalex.org/W4253538723
https://openalex.org/W4255082010
https://openalex.org/W4386613126
https://openalex.org/W4394532549
https://openalex.org/W4396235784
https://openalex.org/W585455909
https://openalex.org/W751835881
https://openalex.org/W81271976
https://openalex.org/W818804221
https://openalex.org/W1510948521
https://openalex.org/W1761630483
https://openalex.org/W2035111543
https://openalex.org/W2151359448
https://openalex.org/W2159744754
https://openalex.org/W2171064655
https://openalex.org/W2284468076
https://openalex.org/W2317381721
https://openalex.org/W2328434443
https://openalex.org/W2462185619
https://openalex.org/W4243815647
https://openalex.org/W4249512340
https://openalex.org/W4250884420
https://openalex.org/W4251199268
https://openalex.org/W75744814
https://openalex.org/W1013902124
https://openalex.org/W111040354
https://openalex.org/W1690406763
https://openalex.org/W174951569
https://openalex.org/W1965883432
https://openalex.org/W2011587983
https://openalex.org/W2024900469
https://openalex.org/W2031533382
https://openalex.org/W2048354046
https://openalex.org/W204842660
https://openalex.org/W2089585976
https://openalex.org/W2264773675
https://openalex.org/W2289647530
https://openalex.org/W2416861514
https://openalex.org/W2465639820
https://openalex.org/W2469714970
https://openalex.org/W2469780873
https://openalex.org/W2513426355
https://openalex.org/W2581285186
https://openalex.org/W2626662372
https://openalex.org/W2674612330
https://openalex.org/W2921447282
https://openalex.org/W2998905799
https://openalex.org/W3007536105
https://openalex.org/W3011869812
https://openalex.org/W3012519660
https://openalex.org/W3020017002
https://openalex.org/W3033069069
https://openalex.org/W3033199978
https://openalex.org/W3082350579
https://openalex.org/W3082779517
https://openalex.org/W3090136385
https://openalex.org/W3092120103
https://openalex.org/W3092154985
https://openalex.org/W3092994044
https://openalex.org/W3093630477
https://openalex.org/W3097891569
https://openalex.org/W3110189552
https://openalex.org/W3114974934
https://openalex.org/W3120384159
https://openalex.org/W3120514535
https://openalex.org/W4236626291
https://openalex.org/W4244531612
https://openalex.org/W4245018700
https://openalex.org/W4252998028
https://openalex.org/W4253209951
https://openalex.org/W562527283
https://openalex.org/W651158140
https://openalex.org/W8538218
https://openalex.org/W2042693355
https://openalex.org/W2051885661
https://openalex.org/W2081202072
https://openalex.org/W2212457345
https://openalex.org/W4235437901
https://openalex.org/W1975345677
https://openalex.org/W1985286126
https://openalex.org/W1992226990
https://openalex.org/W2032028630
https://openalex.org/W2039707565
https://openalex.org/W2053260001
https://openalex.org/W2056067969
https://openalex.org/W2115644518
https://openalex.org/W2139845458
https://openalex.org/W2146421529
https://openalex.org/W2188258881
https://openalex.org/W2273202738
https://openalex.org/W2323133220
https://openalex.org/W2323656287
https://openalex.org/W2327986680
https://openalex.org/W2331107261
https://openalex.org/W2403618535
https://openalex.org/W2410833075
https://openalex.org/W2415409213
https://openalex.org/W2416071615
https://openalex.org/W2416768560
https://openalex.org/W2418808543
https://openalex.org/W2419228667
https://openalex.org/W2422832859
https://openalex.org/W2424693175
https://openalex.org/W2427908293
https://openalex.org/W2428672612
https://openalex.org/W2431052057
https://openalex.org/W2444618068
https://openalex.org/W2516849547
https://openalex.org/W2516954382
https://openalex.org/W2592013758
https://openalex.org/W2594583242
https://openalex.org/W2764610515
https://openalex.org/W2904537740
https://openalex.org/W3198699215
https://openalex.org/W3214564981
https://openalex.org/W349145297
https://openalex.org/W390441025
https://openalex.org/W4232758686
https://openalex.org/W4233822478
https://openalex.org/W4235198352
https://openalex.org/W4237677265
https://openalex.org/W4244206667
https://openalex.org/W4249347080
https://openalex.org/W4250613274
https://openalex.org/W4254204613
https://openalex.org/W4254219745
https://openalex.org/W614502816
https://openalex.org/W626657023
https://openalex.org/W1972906977
https://openalex.org/W1982623897
https://openalex.org/W1986783571
https://openalex.org/W1991538596
https://openalex.org/W2063119054
https://openalex.org/W2403856667
https://openalex.org/W2406664296
https://openalex.org/W2406844608
https://openalex.org/W2410156903
https://openalex.org/W2414446372
https://openalex.org/W2435813573
https://openalex.org/W2468187424
https://openalex.org/W2583191345
https://openalex.org/W2584545492
https://openalex.org/W27609254
https://openalex.org/W3135048990
https://openalex.org/W3145361484
https://openalex.org/W3152738807
https://openalex.org/W3153514120
https://openalex.org/W3155438296
https://openalex.org/W3156339122
https://openalex.org/W3161253417
https://openalex.org/W3165337243
https://openalex.org/W3165696098
https://openalex.org/W3172907507
https://openalex.org/W3173316214
https://openalex.org/W3180648980
https://openalex.org/W3191344264
https://openalex.org/W3194518935
https://openalex.org/W3196592616
https://openalex.org/W3196682196
https://openalex.org/W3197821276
https://openalex.org/W3205380902
https://openalex.org/W3205435577
https://openalex.org/W3207646724
https://openalex.org/W3209395392
https://openalex.org/W3210439204
https://openalex.org/W3210720509
https://openalex.org/W3211397208
https://openalex.org/W3213030264
https://openalex.org/W405411016
https://openalex.org/W4200061191
https://openalex.org/W4206352635
https://openalex.org/W4213359231
https://openalex.org/W4230819805
https://openalex.org/W4237164054
https://openalex.org/W4253030941
https://openalex.org/W4285444988
https://openalex.org/W4285465258
https://openalex.org/W4285465435
https://openalex.org/W4287023927
https://openalex.org/W4386660054
https://openalex.org/W4386724134
https://openalex.org/W49196551
https://openalex.org/W601399559
https://openalex.org/W13349869
https://openalex.org/W144477707
https://openalex.org/W1881940376
https://openalex.org/W1984103873
https://openalex.org/W2002926161
https://openalex.org/W2013060100
https://openalex.org/W2028199344
https://openalex.org/W2036380291
https://openalex.org/W2044517199
https://openalex.org/W2048681414
https://openalex.org/W2058808554
https://openalex.org/W2060694826
https://openalex.org/W2321087537
https://openalex.org/W2409248484
https://openalex.org/W2411208949
https://openalex.org/W2411985973
https://openalex.org/W2424172383
https://openalex.org/W2424955754
https://openalex.org/W2441385846
https://openalex.org/W2583934391
https://openalex.org/W2743121289
https://openalex.org/W2914027618
https://openalex.org/W2961313364
https://openalex.org/W3020767121
https://openalex.org/W3034328715
https://openalex.org/W4230630146
https://openalex.org/W4233748423
https://openalex.org/W4255654219
https://openalex.org/W4388384993
https://openalex.org/W64377466
https://openalex.org/W83883473
https://openalex.org/W1515932889
https://openalex.org/W1752451932
https://openalex.org/W2058059295
https://openalex.org/W2081033656
https://openalex.org/W2318251469
https://openalex.org/W2330150711
https://openalex.org/W2405912186
https://openalex.org/W2413878477
https://openalex.org/W2415769881
https://openalex.org/W2460846421
https://openalex.org/W2471146935
https://openalex.org/W395911630
https://openalex.org/W4235317279
https://openalex.org/W4238537679
https://openalex.org/W4256481782
https://openalex.org/W607719705
https://openalex.org/W9450294
https://openalex.org/W151476588
https://openalex.org/W1620882710
https://openalex.org/W1880852605
https://openalex.org/W1983785378
https://openalex.org/W2044660958
https://openalex.org/W2045296831
https://openalex.org/W2280218788
https://openalex.org/W2322620985
https://openalex.org/W2328439531
https://openalex.org/W2333620187
https://openalex.org/W2403109505
https://openalex.org/W2407230539
https://openalex.org/W2420769883
https://openalex.org/W2436565282
https://openalex.org/W2466299964
https://openalex.org/W2953093216
https://openalex.org/W3163765545
https://openalex.org/W4234036033
https://openalex.org/W4239926660
https://openalex.org/W4251106620
https://openalex.org/W4251829609
https://openalex.org/W48143779
https://openalex.org/W1002575272
https://openalex.org/W104624663
https://openalex.org/W159227550
https://openalex.org/W164762369
https://openalex.org/W1977934732
https://openalex.org/W1995251096
https://openalex.org/W2024102151
https://openalex.org/W2026368413
https://openalex.org/W2047326376
https://openalex.org/W2055933395
https://openalex.org/W2067308542
https://openalex.org/W2071262480
https://openalex.org/W2075229723
https://openalex.org/W2075720255
https://openalex.org/W2075833294
https://openalex.org/W2081806209
https://openalex.org/W2085214000
https://openalex.org/W2085558098
https://openalex.org/W21410002
https://openalex.org/W2149520637
https://openalex.org/W2227006333
https://openalex.org/W2227338884
https://openalex.org/W2239610416
https://openalex.org/W2277504538
https://openalex.org/W2315095824
https://openalex.org/W2317642778
https://openalex.org/W2332708080
https://openalex.org/W238515458
https://openalex.org/W2396865774
https://openalex.org/W2398353682
https://openalex.org/W2414007041
https://openalex.org/W2414107122
https://openalex.org/W2499531431
https://openalex.org/W2610163047
https://openalex.org/W2620827582
https://openalex.org/W2621223678
https://openalex.org/W275409338
https://openalex.org/W2972180780
https://openalex.org/W3155682456
https://openalex.org/W4205865659
https://openalex.org/W4232456676
https://openalex.org/W4233665257
https://openalex.org/W4238622550
https://openalex.org/W4238962233
https://openalex.org/W4239342583
https://openalex.org/W4239688611
https://openalex.org/W4239993495
https://openalex.org/W4255636349
https://openalex.org/W4302081225
https://openalex.org/W4386727894
https://openalex.org/W62570765
https://openalex.org/W1975714236
https://openalex.org/W1985666054
https://openalex.org/W2116368000
https://openalex.org/W2134522033
https://openalex.org/W2240425933
https://openalex.org/W2326388548
https://openalex.org/W2329589032
https://openalex.org/W2398852867
https://openalex.org/W2409883624
https://openalex.org/W2411904161
https://openalex.org/W2418929763
https://openalex.org/W2433473261
https://openalex.org/W2438767752
https://openalex.org/W2464212741
https://openalex.org/W2507483458
https://openalex.org/W3008629687
https://openalex.org/W3087101324
https://openalex.org/W3184080697
https://openalex.org/W3197690441
https://openalex.org/W3198019354
https://openalex.org/W399462144
https://openalex.org/W4240755410
https://openalex.org/W96321278
https://openalex.org/W1189841968
https://openalex.org/W132129850
https://openalex.org/W164029647
https://openalex.org/W1663585626
https://openalex.org/W176869230
https://openalex.org/W1967674366
https://openalex.org/W1989584851
https://openalex.org/W1996881046
https://openalex.org/W1997676699
https://openalex.org/W1998382132
https://openalex.org/W2023694758
https://openalex.org/W2040994797
https://openalex.org/W2046182442
https://openalex.org/W2050113366
https://openalex.org/W2151002009
https://openalex.org/W2170304506
https://openalex.org/W2238186677
https://openalex.org/W2304305408
https://openalex.org/W2315303706
https://openalex.org/W2317528899
https://openalex.org/W2317842800
https://openalex.org/W2319655755
https://openalex.org/W2327025462
https://openalex.org/W2332511240
https://openalex.org/W2334527683
https://openalex.org/W2335143396
https://openalex.org/W237829339
https://openalex.org/W2395419412
https://openalex.org/W2411788705
https://openalex.org/W2421692517
https://openalex.org/W2428868276
https://openalex.org/W2469458005
https://openalex.org/W2584566860
https://openalex.org/W2585345056
https://openalex.org/W2612303567
https://openalex.org/W272150652
https://openalex.org/W2951443218
https://openalex.org/W2952750937
https://openalex.org/W2952875276
https://openalex.org/W2953038944
https://openalex.org/W3162067539
https://openalex.org/W3195091586
https://openalex.org/W3196736644
https://openalex.org/W3196928978
https://openalex.org/W3197157537
https://openalex.org/W3200816513
https://openalex.org/W3202173179
https://openalex.org/W3202709442
https://openalex.org/W3202835404
https://openalex.org/W3203527012
https://openalex.org/W3203785206
https://openalex.org/W3203863815
https://openalex.org/W3204062423
https://openalex.org/W3204758200
https://openalex.org/W4206645327
https://openalex.org/W4236227237
https://openalex.org/W4253866428
https://openalex.org/W631165606
https://openalex.org/W66966693
https://openalex.org/W79048012
https://openalex.org/W3005437800
https://openalex.org/W2042087070
https://openalex.org/W2168478794
https://openalex.org/W2009482935
https://openalex.org/W1939421214
https://openalex.org/W2161816485
https://openalex.org/W2012633834
https://openalex.org/W2008267385
https://openalex.org/W2263191133
https://openalex.org/W1972304037
https://openalex.org/W2168744744
https://openalex.org/W1975154770
https://openalex.org/W2121590561
https://openalex.org/W2395554454
https://openalex.org/W2060062898
https://openalex.org/W2112845321
https://openalex.org/W2081758487
https://openalex.org/W2916380060
https://openalex.org/W2769319337
https://openalex.org/W2090913462
https://openalex.org/W2774214417
https://openalex.org/W1978867804
https://openalex.org/W2781057284
https://openalex.org/W2793930217
https://openalex.org/W2914040659
https://openalex.org/W2802039831
https://openalex.org/W3013494042
https://openalex.org/W2963043968
https://openalex.org/W3023252021
https://openalex.org/W4386493325
https://openalex.org/W4319990494
https://openalex.org/W2015101897
https://openalex.org/W1996404736
https://openalex.org/W2051699557
https://openalex.org/W2005861756
https://openalex.org/W2141054792
https://openalex.org/W2165354092
https://openalex.org/W2152877278
https://openalex.org/W1964137480
https://openalex.org/W2051104359
https://openalex.org/W2106430772
https://openalex.org/W2157939042
https://openalex.org/W1976255260
https://openalex.org/W3131315330
https://openalex.org/W2058961207
https://openalex.org/W1505338691
https://openalex.org/W2014359932
https://openalex.org/W2090133345
https://openalex.org/W2072902919
https://openalex.org/W2047428800
https://openalex.org/W2045018966
https://openalex.org/W1979827269
https://openalex.org/W2011284621
https://openalex.org/W2105192804
https://openalex.org/W2130614540
https://openalex.org/W2002263377
https://openalex.org/W2122308023
https://openalex.org/W2136787066
https://openalex.org/W2092292451
https://openalex.org/W2127782831
https://openalex.org/W2576479631
https://openalex.org/W2171716580
https://openalex.org/W3022120293
https://openalex.org/W1971366332
https://openalex.org/W2903813110
https://openalex.org/W1941603343
https://openalex.org/W1988803475
https://openalex.org/W2573266406
https://openalex.org/W2404861930
https://openalex.org/W2065119365
https://openalex.org/W2971698813
https://openalex.org/W2058486417
https://openalex.org/W2905972499
https://openalex.org/W2302459535
https://openalex.org/W1699821970
https://openalex.org/W2056303377
https://openalex.org/W2791211015
https://openalex.org/W2784837049
https://openalex.org/W2063324473
https://openalex.org/W2805732691
https://openalex.org/W2018027719
https://openalex.org/W2914739267
https://openalex.org/W2229322363
https://openalex.org/W3178800560
https://openalex.org/W2964902794
https://openalex.org/W2972899043
https://openalex.org/W2985371178
https://openalex.org/W3201129114
https://openalex.org/W4206515520
https://openalex.org/W4310593433
https://openalex.org/W4281801733
https://openalex.org/W4327555285
https://openalex.org/W4383336658
https://openalex.org/W4388623170
https://openalex.org/W4315619522
https://openalex.org/W4361286763
https://openalex.org/W4389355375
https://openalex.org/W4390628396
https://openalex.org/W2288796536
https://openalex.org/W1975370326
https://openalex.org/W2083259778
https://openalex.org/W2070291679
https://openalex.org/W2077801779
https://openalex.org/W2015350358
https://openalex.org/W2034226927
https://openalex.org/W2071394975
https://openalex.org/W2085630595
https://openalex.org/W2120244859
https://openalex.org/W2027375453
https://openalex.org/W2133866061
https://openalex.org/W1996543308
https://openalex.org/W2109443563
https://openalex.org/W2170749540
https://openalex.org/W2136160795
https://openalex.org/W2156613006
https://openalex.org/W2025382785
https://openalex.org/W1538313494
https://openalex.org/W1996025565
https://openalex.org/W2082664405
https://openalex.org/W2003849634
https://openalex.org/W2075538140
https://openalex.org/W2095579236
https://openalex.org/W1999268799
https://openalex.org/W2009854279
https://openalex.org/W3122493358
https://openalex.org/W2046627772
https://openalex.org/W2112176323
https://openalex.org/W893738604
https://openalex.org/W2075989457
https://openalex.org/W2161239900
https://openalex.org/W2415046412
https://openalex.org/W1994343820
https://openalex.org/W2014460815
https://openalex.org/W2523675873
https://openalex.org/W2096397926
https://openalex.org/W2411462408
https://openalex.org/W2472908618
https://openalex.org/W2194256308
https://openalex.org/W2020391232
https://openalex.org/W2085619687
https://openalex.org/W2099653387
https://openalex.org/W2230443109
https://openalex.org/W2778179010
https://openalex.org/W2890876012
https://openalex.org/W2202446380
https://openalex.org/W2148802292
https://openalex.org/W2315658447
https://openalex.org/W2559359565
https://openalex.org/W2615401396
https://openalex.org/W2887807965
https://openalex.org/W2901322045
https://openalex.org/W2538889800
https://openalex.org/W2899219097
https://openalex.org/W2492190774
https://openalex.org/W2737328277
https://openalex.org/W2734839794
https://openalex.org/W2801320422
https://openalex.org/W2919072025
https://openalex.org/W3033516599
https://openalex.org/W2924576625
https://openalex.org/W2991552355
https://openalex.org/W3007254687
https://openalex.org/W3083833598
https://openalex.org/W3108090582
https://openalex.org/W3106930888
https://openalex.org/W3026872628
https://openalex.org/W3159211986
https://openalex.org/W4213065928
https://openalex.org/W3214514486
https://openalex.org/W4214547269
https://openalex.org/W3195947460
https://openalex.org/W4205824206
https://openalex.org/W4220918833
https://openalex.org/W4313367655
https://openalex.org/W4384664453
https://openalex.org/W4392302970
https://openalex.org/W4234309725
https://openalex.org/W2075549650
https://openalex.org/W2049215489
https://openalex.org/W1947286872
https://openalex.org/W2092733898
https://openalex.org/W2090381368
https://openalex.org/W1590724208
https://openalex.org/W2161152489
https://openalex.org/W2016388562
https://openalex.org/W2002220542
https://openalex.org/W2073551332
https://openalex.org/W2137975562
https://openalex.org/W2026039443
https://openalex.org/W2087081025
https://openalex.org/W2155715610
https://openalex.org/W2008714359
https://openalex.org/W2132343904
https://openalex.org/W2185726806
https://openalex.org/W2003357965
https://openalex.org/W2164621720
https://openalex.org/W1968255469
https://openalex.org/W1970357567
https://openalex.org/W2130626055
https://openalex.org/W1983304194
https://openalex.org/W2088593194
https://openalex.org/W1597586488
https://openalex.org/W2053681311
https://openalex.org/W2126703952
https://openalex.org/W2086549812
https://openalex.org/W2071509412
https://openalex.org/W1560991329
https://openalex.org/W2031015318
https://openalex.org/W2408357246
https://openalex.org/W2034517705
https://openalex.org/W2037464006
https://openalex.org/W2117696710
https://openalex.org/W2051303441
https://openalex.org/W2069452246
https://openalex.org/W2236105114
https://openalex.org/W2038833783
https://openalex.org/W2003268989
https://openalex.org/W2133759497
https://openalex.org/W1990591127
https://openalex.org/W2088355399
https://openalex.org/W358817140
https://openalex.org/W1928930123
https://openalex.org/W2152381946
https://openalex.org/W2106840446
https://openalex.org/W2008930689
https://openalex.org/W2068775181
https://openalex.org/W2020515387
https://openalex.org/W1982392270
https://openalex.org/W1974736862
https://openalex.org/W2008065516
https://openalex.org/W2087491220
https://openalex.org/W2128275605
https://openalex.org/W2003340878
https://openalex.org/W2047177657
https://openalex.org/W2076297790
https://openalex.org/W1889053297
https://openalex.org/W1941700947
https://openalex.org/W2609329537
https://openalex.org/W2739631340
https://openalex.org/W2759659176
https://openalex.org/W2108053107
https://openalex.org/W2134166670
https://openalex.org/W2178267431
https://openalex.org/W2529188937
https://openalex.org/W2552403440
https://openalex.org/W2176209216
https://openalex.org/W2271804953
https://openalex.org/W2743621022
https://openalex.org/W2052153644
https://openalex.org/W2313190085
https://openalex.org/W2128680033
https://openalex.org/W2162743888
https://openalex.org/W2610185685
https://openalex.org/W2763663942
https://openalex.org/W2475288517
https://openalex.org/W2201429228
https://openalex.org/W2771735249
https://openalex.org/W2890050797
https://openalex.org/W2985116542
https://openalex.org/W2224210946
https://openalex.org/W2567223794
https://openalex.org/W2909709263
https://openalex.org/W2956947939
https://openalex.org/W2932641158
https://openalex.org/W2980377278
https://openalex.org/W2908616107
https://openalex.org/W2958318537
https://openalex.org/W2967185449
https://openalex.org/W3016452107
https://openalex.org/W2968875474
https://openalex.org/W2971998205
https://openalex.org/W3144765272
https://openalex.org/W3201701827
https://openalex.org/W3179702719
https://openalex.org/W3047036592
https://openalex.org/W3082698045
https://openalex.org/W3147806186
https://openalex.org/W3156919371
https://openalex.org/W3176195845
https://openalex.org/W3156940066
https://openalex.org/W3181518640
https://openalex.org/W4281753909
https://openalex.org/W4205227758
https://openalex.org/W4311302338
https://openalex.org/W4309928780
https://openalex.org/W4317810573
https://openalex.org/W4323350287
https://openalex.org/W4366605861
https://openalex.org/W4385581966
https://openalex.org/W2163440020
https://openalex.org/W2074084547
https://openalex.org/W2061997577
https://openalex.org/W2120275860
https://openalex.org/W2048328303
https://openalex.org/W2013253345
https://openalex.org/W1560562144
https://openalex.org/W2076476760
https://openalex.org/W2048352187
https://openalex.org/W2072726012
https://openalex.org/W2096379963
https://openalex.org/W1967419994
https://openalex.org/W1993458335
https://openalex.org/W2050020515
https://openalex.org/W1851892717
https://openalex.org/W2025795193
https://openalex.org/W2028795616
https://openalex.org/W2073114878
https://openalex.org/W2105255713
https://openalex.org/W2125101731
https://openalex.org/W1976134611
https://openalex.org/W2153577507
https://openalex.org/W2048531148
https://openalex.org/W2083173160
https://openalex.org/W2168876497
https://openalex.org/W2015053167
https://openalex.org/W1489052597
https://openalex.org/W2037764761
https://openalex.org/W2046000420
https://openalex.org/W2002681912
https://openalex.org/W2014686283
https://openalex.org/W2021637981
https://openalex.org/W2057337553
https://openalex.org/W2140070612
https://openalex.org/W1964004744
https://openalex.org/W2006365625
https://openalex.org/W2032930160
https://openalex.org/W2130686761
https://openalex.org/W2003378678
https://openalex.org/W2050574940
https://openalex.org/W2054182039
https://openalex.org/W2006050625
https://openalex.org/W2162857831
https://openalex.org/W4245899006
https://openalex.org/W2021218460
https://openalex.org/W2037970293
https://openalex.org/W2066320506
https://openalex.org/W1512207708
https://openalex.org/W2015914766
https://openalex.org/W2039785574
https://openalex.org/W1553464433
https://openalex.org/W2103013342
https://openalex.org/W2106261552
https://openalex.org/W2019678194
https://openalex.org/W1520430411
https://openalex.org/W1594958768
https://openalex.org/W2433073583
https://openalex.org/W2058060087
https://openalex.org/W2312881558
https://openalex.org/W851449967
https://openalex.org/W2423043747
https://openalex.org/W2010008138
https://openalex.org/W2162122425
https://openalex.org/W2440866779
https://openalex.org/W2599593474
https://openalex.org/W579557533
https://openalex.org/W2760927522
https://openalex.org/W2377067471
https://openalex.org/W2793496706
https://openalex.org/W2097168882
https://openalex.org/W2507538859
https://openalex.org/W2599955068
https://openalex.org/W2852557868
https://openalex.org/W2891140982
https://openalex.org/W2912593516
https://openalex.org/W2941976093
https://openalex.org/W2972465902
https://openalex.org/W2902780470
https://openalex.org/W2953051997
https://openalex.org/W3038632757
https://openalex.org/W3049038765
https://openalex.org/W3030011799
https://openalex.org/W2999850565
https://openalex.org/W2983562742
https://openalex.org/W3179272827
https://openalex.org/W3197179880
https://openalex.org/W4226539342
https://openalex.org/W3130174364
https://openalex.org/W3208179975
https://openalex.org/W4281878277
https://openalex.org/W4226478467
https://openalex.org/W4213019831
https://openalex.org/W4283274135
https://openalex.org/W4284988090
https://openalex.org/W4313420219
https://openalex.org/W4318318106
https://openalex.org/W4319439447
https://openalex.org/W4367323545
https://openalex.org/W4380684860
https://openalex.org/W4387564166
https://openalex.org/W2081950547
https://openalex.org/W2005451208
https://openalex.org/W2001685282
https://openalex.org/W2163348049
https://openalex.org/W2951254482
https://openalex.org/W1993548422
https://openalex.org/W2014771077
https://openalex.org/W2087241953
https://openalex.org/W1988241077
https://openalex.org/W2040018443
https://openalex.org/W2127670194
https://openalex.org/W2023774325
https://openalex.org/W2041116280
https://openalex.org/W2066595092
https://openalex.org/W2088690702
https://openalex.org/W2057512030
https://openalex.org/W2173586718
https://openalex.org/W2084160063
https://openalex.org/W2021052096
https://openalex.org/W2092729209
https://openalex.org/W2152759354
https://openalex.org/W2155578122
https://openalex.org/W2053990176
https://openalex.org/W1964709558
https://openalex.org/W1968969638
https://openalex.org/W2109367727
https://openalex.org/W2150252205
https://openalex.org/W2101036556
https://openalex.org/W2000115682
https://openalex.org/W2035355436
https://openalex.org/W2097807422
https://openalex.org/W1995674107
https://openalex.org/W2019410130
https://openalex.org/W1977701296
https://openalex.org/W2047744775
https://openalex.org/W2014951756
https://openalex.org/W2041706856
https://openalex.org/W1742368674
https://openalex.org/W2039451441
https://openalex.org/W2074952491
https://openalex.org/W2092873170
https://openalex.org/W2171352871
https://openalex.org/W2111675738
https://openalex.org/W2129168337
https://openalex.org/W2135733102
https://openalex.org/W2007079192
https://openalex.org/W2079552894
https://openalex.org/W2071392327
https://openalex.org/W2094152919
https://openalex.org/W2110393169
https://openalex.org/W1892561736
https://openalex.org/W2089127646
https://openalex.org/W2291059872
https://openalex.org/W1650278922
https://openalex.org/W2065894898
https://openalex.org/W2610294782
https://openalex.org/W2111635665
https://openalex.org/W2620610807
https://openalex.org/W2765944829
https://openalex.org/W2785241941
https://openalex.org/W2113835576
https://openalex.org/W2132968076
https://openalex.org/W2162441624
https://openalex.org/W2171436652
https://openalex.org/W2562780788
https://openalex.org/W2605783563
https://openalex.org/W2606744685
https://openalex.org/W2809643287
https://openalex.org/W2238319932
https://openalex.org/W2487626306
https://openalex.org/W2605555991
https://openalex.org/W2626116667
https://openalex.org/W2734967153
https://openalex.org/W2807357375
https://openalex.org/W2473724658
https://openalex.org/W2802991317
https://openalex.org/W2911679003
https://openalex.org/W2922404331
https://openalex.org/W2997137076
https://openalex.org/W2921772333
https://openalex.org/W2970240498
https://openalex.org/W2994620245
https://openalex.org/W2996549980
https://openalex.org/W3024805089
https://openalex.org/W3026049299
https://openalex.org/W2996157116
https://openalex.org/W3041805850
https://openalex.org/W3096620363
https://openalex.org/W4205196947
https://openalex.org/W2996423906
https://openalex.org/W3049286360
https://openalex.org/W3116745233
https://openalex.org/W3159947259
https://openalex.org/W3181889387
https://openalex.org/W3039161818
https://openalex.org/W3131738339
https://openalex.org/W3150294226
https://openalex.org/W4210633523
https://openalex.org/W4213107959
https://openalex.org/W4282929611
https://openalex.org/W4323664924
https://openalex.org/W2000515453
https://openalex.org/W2027324370
https://openalex.org/W2032959076
https://openalex.org/W2030585561
https://openalex.org/W2109623131
https://openalex.org/W2951037093
https://openalex.org/W2064580030
https://openalex.org/W2075761683
https://openalex.org/W2040494955
https://openalex.org/W2086595624
https://openalex.org/W2122104822
https://openalex.org/W1965920243
https://openalex.org/W2045948263
https://openalex.org/W1965877190
https://openalex.org/W2081205491
https://openalex.org/W2162745273
https://openalex.org/W2111834197
https://openalex.org/W2156550872
https://openalex.org/W2166720590
https://openalex.org/W2016105492
https://openalex.org/W2067164211
https://openalex.org/W1514759126
https://openalex.org/W1991888670
https://openalex.org/W2060083444
https://openalex.org/W1987321842
https://openalex.org/W2141239372
https://openalex.org/W2025009528
https://openalex.org/W2031187142
https://openalex.org/W2037812570
https://openalex.org/W2086738472
https://openalex.org/W2090692848
https://openalex.org/W2058741921
https://openalex.org/W2090674382
https://openalex.org/W2121198312
https://openalex.org/W1977434402
https://openalex.org/W2134995186
https://openalex.org/W2102471023
https://openalex.org/W2150701561
https://openalex.org/W1540538922
https://openalex.org/W2067594159
https://openalex.org/W2130404868
https://openalex.org/W1979237695
https://openalex.org/W1999957860
https://openalex.org/W2000386613
https://openalex.org/W2067957350
https://openalex.org/W1936494662
https://openalex.org/W1965904612
https://openalex.org/W1893219892
https://openalex.org/W1979407275
https://openalex.org/W2137953443
https://openalex.org/W2269749300
https://openalex.org/W2316452178
https://openalex.org/W2594635333
https://openalex.org/W2549325432
https://openalex.org/W2586853705
https://openalex.org/W2590416099
https://openalex.org/W2790663912
https://openalex.org/W2888528107
https://openalex.org/W2903238599
https://openalex.org/W2597621608
https://openalex.org/W2608883539
https://openalex.org/W2889295741
https://openalex.org/W2902422420
https://openalex.org/W1583490132
https://openalex.org/W2411486066
https://openalex.org/W2767457934
https://openalex.org/W2777898805
https://openalex.org/W2795044975
https://openalex.org/W2805254239
https://openalex.org/W2224057268
https://openalex.org/W2524691849
https://openalex.org/W2806712400
https://openalex.org/W2936541063
https://openalex.org/W2950834211
https://openalex.org/W2989573061
https://openalex.org/W2999778147
https://openalex.org/W3006317108
https://openalex.org/W3025786513
https://openalex.org/W3029182922
https://openalex.org/W3095837022
https://openalex.org/W3085829213
https://openalex.org/W3087833519
https://openalex.org/W3110989132
https://openalex.org/W3157007778
https://openalex.org/W3202175468
https://openalex.org/W3163724270
https://openalex.org/W4213448516
https://openalex.org/W4223954524
https://openalex.org/W4226064388
https://openalex.org/W4210350027
https://openalex.org/W4214890924
https://openalex.org/W4225134167
https://openalex.org/W4280596008
https://openalex.org/W4281249941
https://openalex.org/W4283264956
https://openalex.org/W4313857331
https://openalex.org/W4319600323
https://openalex.org/W4321506352
https://openalex.org/W4365813045
https://openalex.org/W4379598866
https://openalex.org/W4387788596
https://openalex.org/W1978578893
https://openalex.org/W2014845948
https://openalex.org/W1991637308
https://openalex.org/W2025087579
https://openalex.org/W2049280161
https://openalex.org/W2123129383
https://openalex.org/W2949903453
https://openalex.org/W1979977831
https://openalex.org/W2169360661
https://openalex.org/W2949760253
https://openalex.org/W2022138641
https://openalex.org/W1788857839
https://openalex.org/W2058746019
https://openalex.org/W1966056649
https://openalex.org/W1979376474
https://openalex.org/W2018902632
https://openalex.org/W2075471938
https://openalex.org/W2052591187
https://openalex.org/W2139384062
https://openalex.org/W2064797558
https://openalex.org/W66544321
https://openalex.org/W2003592983
https://openalex.org/W2011303576
https://openalex.org/W1967834633
https://openalex.org/W1988392474
https://openalex.org/W2008439778
https://openalex.org/W2088529014
https://openalex.org/W4253410340
https://openalex.org/W1977974065
https://openalex.org/W2170315542
https://openalex.org/W2064771200
https://openalex.org/W2056450207
https://openalex.org/W2159975148
https://openalex.org/W421743383
https://openalex.org/W2008655577
https://openalex.org/W2049276986
https://openalex.org/W2138798691
https://openalex.org/W1506322577
https://openalex.org/W1989708017
https://openalex.org/W2001143683
https://openalex.org/W2057104879
https://openalex.org/W2065338271
https://openalex.org/W2069551754
https://openalex.org/W2074110016
https://openalex.org/W2117133968
https://openalex.org/W1568359834
https://openalex.org/W2056304806
https://openalex.org/W2148888704
https://openalex.org/W2171850304
https://openalex.org/W2318410370
https://openalex.org/W1976748674
https://openalex.org/W2010794000
https://openalex.org/W2021878934
https://openalex.org/W2043259832
https://openalex.org/W2561285676
https://openalex.org/W2035773238
https://openalex.org/W2589733035
https://openalex.org/W2591660649
https://openalex.org/W2801854372
https://openalex.org/W2943697033
https://openalex.org/W1936616268
https://openalex.org/W2099732652
https://openalex.org/W2400358734
https://openalex.org/W2792375159
https://openalex.org/W2488592335
https://openalex.org/W2781675257
https://openalex.org/W2783749670
https://openalex.org/W2916460866
https://openalex.org/W2946335051
https://openalex.org/W2984855924
https://openalex.org/W2998276339
https://openalex.org/W3010791242
https://openalex.org/W3012901720
https://openalex.org/W3096270140
https://openalex.org/W3098750819
https://openalex.org/W3105823051
https://openalex.org/W1723796301
https://openalex.org/W2064042035
https://openalex.org/W3025444576
https://openalex.org/W3033536999
https://openalex.org/W3035323621
https://openalex.org/W3089244847
https://openalex.org/W3121875687
https://openalex.org/W3136308083
https://openalex.org/W3196607911
https://openalex.org/W4212961557
https://openalex.org/W4284671567
https://openalex.org/W4311855936
https://openalex.org/W4388019070
https://openalex.org/W4389705797
https://openalex.org/W4390536302
https://openalex.org/W4390540493
https://openalex.org/W4390544869
https://openalex.org/W4390609133
https://openalex.org/W4390686695
https://openalex.org/W4390827072
https://openalex.org/W4391036013
https://openalex.org/W4391143788
https://openalex.org/W4391200473
https://openalex.org/W4391214861
https://openalex.org/W4391357641
https://openalex.org/W4391400344
https://openalex.org/W4391687018
https://openalex.org/W4391688004
https://openalex.org/W4391798322
https://openalex.org/W4392005620
https://openalex.org/W4392138205
https://openalex.org/W4392198094
https://openalex.org/W4392246763
https://openalex.org/W4392353460
https://openalex.org/W4392544453
https://openalex.org/W4392594805
https://openalex.org/W4392647442
https://openalex.org/W4392966194
https://openalex.org/W4393060029
https://openalex.org/W4393146847
https://openalex.org/W4393192169
https://openalex.org/W4393231598
https://openalex.org/W4393320587
https://openalex.org/W4393382824
https://openalex.org/W4393903777
https://openalex.org/W4394595100
https://openalex.org/W4394598853
https://openalex.org/W4394675269
https://openalex.org/W4394779446
https://openalex.org/W4394874496
https://openalex.org/W4394994089
https://openalex.org/W4394994226
https://openalex.org/W4395003857
https://openalex.org/W4395084533
https://openalex.org/W4395465520
https://openalex.org/W4395469100
https://openalex.org/W4396590950
https://openalex.org/W4396591294
https://openalex.org/W4396642146
https://openalex.org/W4396652833
https://openalex.org/W2070816680
https://openalex.org/W1995488983
https://openalex.org/W107465243
https://openalex.org/W1967197138
https://openalex.org/W2063988943
https://openalex.org/W1978558289
https://openalex.org/W2066334952
https://openalex.org/W2089821749
https://openalex.org/W2112882900
https://openalex.org/W1586686032
https://openalex.org/W2054551832
https://openalex.org/W2088575458
https://openalex.org/W2016300367
https://openalex.org/W2108980421
https://openalex.org/W2017609086
https://openalex.org/W2037565937
https://openalex.org/W2065496874
https://openalex.org/W2050129109
https://openalex.org/W2087948058
https://openalex.org/W2028671938
https://openalex.org/W2064300428
https://openalex.org/W2094383151
https://openalex.org/W2145773452
https://openalex.org/W2008267843
https://openalex.org/W2017151378
https://openalex.org/W2082661997
https://openalex.org/W2036955779
https://openalex.org/W2077782991
https://openalex.org/W2134503904
https://openalex.org/W2169510835
https://openalex.org/W2007806401
https://openalex.org/W2037418922
https://openalex.org/W1950833008
https://openalex.org/W2066685455
https://openalex.org/W2075021838
https://openalex.org/W1870920162
https://openalex.org/W2025698515
https://openalex.org/W2029197062
https://openalex.org/W2060455290
https://openalex.org/W2111927677
https://openalex.org/W2063219418
https://openalex.org/W2171862644
https://openalex.org/W1979191781
https://openalex.org/W2058764873
https://openalex.org/W2081513358
https://openalex.org/W2132726972
https://openalex.org/W2133717014
https://openalex.org/W1989054086
https://openalex.org/W2022611480
https://openalex.org/W2025460430
https://openalex.org/W2027500510
https://openalex.org/W2098666653
https://openalex.org/W1631502223
https://openalex.org/W2045949785
https://openalex.org/W2082648388
https://openalex.org/W2122172955
https://openalex.org/W2145011466
https://openalex.org/W2621333928
https://openalex.org/W2218272829
https://openalex.org/W2331864049
https://openalex.org/W2401698916
https://openalex.org/W2617878584
https://openalex.org/W2740312972
https://openalex.org/W2061048237
https://openalex.org/W2210504399
https://openalex.org/W2564089423
https://openalex.org/W2588215328
https://openalex.org/W2770816279
https://openalex.org/W2801334930
https://openalex.org/W2804699141
https://openalex.org/W2923258712
https://openalex.org/W2947822873
https://openalex.org/W2966797854
https://openalex.org/W2969588911
https://openalex.org/W2978851650
https://openalex.org/W2343954084
https://openalex.org/W2510131367
https://openalex.org/W2926466836
https://openalex.org/W2943930707
https://openalex.org/W2968392980
https://openalex.org/W2974496132
https://openalex.org/W2988876253
https://openalex.org/W3017081463
https://openalex.org/W3018000560
https://openalex.org/W3022567215
https://openalex.org/W3044691749
https://openalex.org/W3042203239
https://openalex.org/W3100791513
https://openalex.org/W3165873077
https://openalex.org/W3169152508
https://openalex.org/W4200586574
https://openalex.org/W4321255146
https://openalex.org/W4321375166
https://openalex.org/W4323037461
https://openalex.org/W4376630349
https://openalex.org/W4379469963
https://openalex.org/W4381848012
https://openalex.org/W4385066872
https://openalex.org/W4386237304
https://openalex.org/W4386366804
https://openalex.org/W4387809641
https://openalex.org/W4391479544
https://openalex.org/W1979983109
https://openalex.org/W2030287111
https://openalex.org/W2029422384
https://openalex.org/W1976031725
https://openalex.org/W1987735653
https://openalex.org/W1979530581
https://openalex.org/W4232379488
https://openalex.org/W4250686821
https://openalex.org/W2068401551
https://openalex.org/W2150167685
https://openalex.org/W1982836410
https://openalex.org/W114269114
https://openalex.org/W2068928115
https://openalex.org/W2131034797
https://openalex.org/W2087884974
https://openalex.org/W2110986277
https://openalex.org/W2076739494
https://openalex.org/W1995787419
https://openalex.org/W2075098586
https://openalex.org/W2288067113
https://openalex.org/W2011232931
https://openalex.org/W2018727201
https://openalex.org/W2021667285
https://openalex.org/W1970740715
https://openalex.org/W1993493530
https://openalex.org/W2022735125
https://openalex.org/W2032370341
https://openalex.org/W2041237227
https://openalex.org/W2134348005
https://openalex.org/W2136596219
https://openalex.org/W1973902870
https://openalex.org/W1989564520
https://openalex.org/W2019934687
https://openalex.org/W2043988948
https://openalex.org/W2066904442
https://openalex.org/W2146836140
https://openalex.org/W2041804463
https://openalex.org/W2114563348
https://openalex.org/W2409832130
https://openalex.org/W2568218547
https://openalex.org/W2580066541
https://openalex.org/W2624926929
https://openalex.org/W2728775818
https://openalex.org/W2767517626
https://openalex.org/W2800174771
https://openalex.org/W2855600664
https://openalex.org/W2893916405
https://openalex.org/W2901651930
https://openalex.org/W1597459875
https://openalex.org/W1913377297
https://openalex.org/W2058009152
https://openalex.org/W2065004993
https://openalex.org/W2588399679
https://openalex.org/W2740706170
https://openalex.org/W2777003899
https://openalex.org/W2792474834
https://openalex.org/W2406550805
https://openalex.org/W2433404161
https://openalex.org/W2499381534
https://openalex.org/W2910551558
https://openalex.org/W2914492163
https://openalex.org/W2969771539
https://openalex.org/W2993839596
https://openalex.org/W3012797762
https://openalex.org/W3016766115
https://openalex.org/W3082942610
https://openalex.org/W3100365471
https://openalex.org/W2344214498
https://openalex.org/W2998960652
https://openalex.org/W3039207684
https://openalex.org/W3040250853
https://openalex.org/W3043282853
https://openalex.org/W3092603341
https://openalex.org/W3211103214
https://openalex.org/W4200383689
https://openalex.org/W4226499525
https://openalex.org/W3178348101
https://openalex.org/W4212773736
https://openalex.org/W4214642872
https://openalex.org/W4214928642
https://openalex.org/W4225109354
https://openalex.org/W4283118088
https://openalex.org/W4290759175
https://openalex.org/W4295088056
https://openalex.org/W2133578252
https://openalex.org/W1968143174
https://openalex.org/W2011223626
https://openalex.org/W2092904812
https://openalex.org/W2049670668
https://openalex.org/W2134411846
https://openalex.org/W2080649228
https://openalex.org/W2145838455
https://openalex.org/W2376596490
https://openalex.org/W1988916422
https://openalex.org/W2044800946
https://openalex.org/W1971059485
https://openalex.org/W1984145053
https://openalex.org/W2024549531
https://openalex.org/W2135306901
https://openalex.org/W2161597756
https://openalex.org/W2010220819
https://openalex.org/W1999298267
https://openalex.org/W2076301912
https://openalex.org/W2053514219
https://openalex.org/W2053584090
https://openalex.org/W2106207140
https://openalex.org/W2127185089
https://openalex.org/W1971440448
https://openalex.org/W3216045706
https://openalex.org/W2118542068
https://openalex.org/W2078365799
https://openalex.org/W2151932134
https://openalex.org/W1984556506
https://openalex.org/W206030473
https://openalex.org/W2123090168
https://openalex.org/W1594968085
https://openalex.org/W1972977997
https://openalex.org/W1995805832
https://openalex.org/W2166084830
https://openalex.org/W2322650620
https://openalex.org/W1547122557
https://openalex.org/W1699864551
https://openalex.org/W1983609637
https://openalex.org/W2162821989
https://openalex.org/W2323941116
https://openalex.org/W2469170808
https://openalex.org/W2593611359
https://openalex.org/W2740317059
https://openalex.org/W2805001760
https://openalex.org/W2805587992
https://openalex.org/W2811406217
https://openalex.org/W2828694355
https://openalex.org/W1159000317
https://openalex.org/W2897853959
https://openalex.org/W2914806043
https://openalex.org/W2945774009
https://openalex.org/W2971418245
https://openalex.org/W4256087015
https://openalex.org/W1789183817
https://openalex.org/W2270667223
https://openalex.org/W2518105740
https://openalex.org/W2924965132
https://openalex.org/W2937600823
https://openalex.org/W2940052551
https://openalex.org/W2945608845
https://openalex.org/W2958328474
https://openalex.org/W2975599903
https://openalex.org/W3171087084
https://openalex.org/W3193189273
https://openalex.org/W4225152710
https://openalex.org/W4226538100
https://openalex.org/W4293088082
https://openalex.org/W4303045574
https://openalex.org/W2011699965
https://openalex.org/W2079081302
https://openalex.org/W1994119046
https://openalex.org/W2005094106
https://openalex.org/W2131256567
https://openalex.org/W2065653558
https://openalex.org/W1858832057
https://openalex.org/W2002455454
https://openalex.org/W2044243011
https://openalex.org/W2085527354
https://openalex.org/W2119778782
https://openalex.org/W2070890681
https://openalex.org/W1989698321
https://openalex.org/W2000480730
https://openalex.org/W2070062379
https://openalex.org/W2096498195
https://openalex.org/W2193645895
https://openalex.org/W2050166763
https://openalex.org/W2035194747
https://openalex.org/W3026431446
https://openalex.org/W1965892108
https://openalex.org/W2037952696
https://openalex.org/W2038553949
https://openalex.org/W2175203504
https://openalex.org/W2914857180
https://openalex.org/W11926702
https://openalex.org/W1969450364
https://openalex.org/W2087668959
https://openalex.org/W2091186774
https://openalex.org/W2084859855
https://openalex.org/W1896147113
https://openalex.org/W2002567929
https://openalex.org/W2123314413
https://openalex.org/W2072909756
https://openalex.org/W1533129496
https://openalex.org/W1995785545
https://openalex.org/W2079821005
https://openalex.org/W2085407663
https://openalex.org/W2148714085
https://openalex.org/W2183035630
https://openalex.org/W2327000132
https://openalex.org/W2743938472
https://openalex.org/W2773884970
https://openalex.org/W2802914252
https://openalex.org/W1987638120
https://openalex.org/W2019232608
https://openalex.org/W2100475854
https://openalex.org/W2135329631
https://openalex.org/W2605110502
https://openalex.org/W2753598317
https://openalex.org/W2805648622
https://openalex.org/W2903714502
https://openalex.org/W2945996391
https://openalex.org/W2422752276
https://openalex.org/W2996842432
https://openalex.org/W3022288505
https://openalex.org/W3023402413
https://openalex.org/W3030532280
https://openalex.org/W3085111932
https://openalex.org/W3107797814
https://openalex.org/W3029982850
https://openalex.org/W3095271357
https://openalex.org/W3096921120
https://openalex.org/W3109143651
https://openalex.org/W3117014891
https://openalex.org/W1990220836
https://openalex.org/W2148021397
https://openalex.org/W2131687457
https://openalex.org/W2020818660
https://openalex.org/W2949794422
https://openalex.org/W48010062
https://openalex.org/W1980951034
https://openalex.org/W1995282155
https://openalex.org/W2064069431
https://openalex.org/W2036374725
https://openalex.org/W2013602653
https://openalex.org/W2073570432
https://openalex.org/W2216414253
https://openalex.org/W2087721280
https://openalex.org/W2030222025
https://openalex.org/W1999578221
https://openalex.org/W2072941899
https://openalex.org/W2088714384
https://openalex.org/W2152378623
https://openalex.org/W2327638969
https://openalex.org/W1973639722
https://openalex.org/W2005304197
https://openalex.org/W2007098763
https://openalex.org/W2008537185
https://openalex.org/W2156580931
https://openalex.org/W1983497004
https://openalex.org/W2081082037
https://openalex.org/W1590251914
https://openalex.org/W1986244926
https://openalex.org/W2021834329
https://openalex.org/W2169918765
https://openalex.org/W2196017560
https://openalex.org/W2624750856
https://openalex.org/W2749351555
https://openalex.org/W2941344247
https://openalex.org/W2966941961
https://openalex.org/W2968665446
https://openalex.org/W2994121905
https://openalex.org/W2996404653
https://openalex.org/W2027089059
https://openalex.org/W2257140224
https://openalex.org/W2481570950
https://openalex.org/W2551997355
https://openalex.org/W2896261670
https://openalex.org/W2964892149
https://openalex.org/W3147643273
https://openalex.org/W2236571171
https://openalex.org/W3003164326
https://openalex.org/W3022604495
https://openalex.org/W3112580885
https://openalex.org/W3114440974
https://openalex.org/W3130638515
https://openalex.org/W3135324531
https://openalex.org/W3152955017
https://openalex.org/W3158313069
https://openalex.org/W3168722245
https://openalex.org/W3184830523
https://openalex.org/W3193825361
https://openalex.org/W3200773998
https://openalex.org/W3209351225
https://openalex.org/W3215388330
https://openalex.org/W4200137669
https://openalex.org/W2050037052
https://openalex.org/W3202015663
https://openalex.org/W4200582037
https://openalex.org/W4220959181
https://openalex.org/W4224243523
https://openalex.org/W4294669254
https://openalex.org/W4308553830
https://openalex.org/W4312901411
https://openalex.org/W4313414192
https://openalex.org/W4316805771
https://openalex.org/W4318456974
https://openalex.org/W4322730604
https://openalex.org/W4365999992
https://openalex.org/W4367843717
https://openalex.org/W4372349159
https://openalex.org/W4375956118
https://openalex.org/W4377940920
https://openalex.org/W4380997896
https://openalex.org/W4384126927
https://openalex.org/W4385233386
https://openalex.org/W4385409331
https://openalex.org/W4385752288
https://openalex.org/W4385898087
https://openalex.org/W4386525535
https://openalex.org/W4386899609
https://openalex.org/W4387147942
https://openalex.org/W4387219659
https://openalex.org/W4388016558
https://openalex.org/W4390448566
https://openalex.org/W4391495185
https://openalex.org/W4391495202
https://openalex.org/W2036582925
https://openalex.org/W2025221096
https://openalex.org/W1486211473
https://openalex.org/W1965828457
https://openalex.org/W1975290775
https://openalex.org/W2018306730
https://openalex.org/W2134465156
https://openalex.org/W2082178017
https://openalex.org/W2084973571
https://openalex.org/W2006451714
https://openalex.org/W2079988472
https://openalex.org/W2088874141
https://openalex.org/W2171314585
https://openalex.org/W1965719789
https://openalex.org/W1976354445
https://openalex.org/W2016478117
https://openalex.org/W2042411298
https://openalex.org/W2043857373
https://openalex.org/W2121724985
https://openalex.org/W1546489586
https://openalex.org/W2002461345
https://openalex.org/W2049220983
https://openalex.org/W2073075713
https://openalex.org/W2074903279
https://openalex.org/W2099708953
https://openalex.org/W2164939166
https://openalex.org/W2532639807
https://openalex.org/W2581643784
https://openalex.org/W2786476490
https://openalex.org/W2795852816
https://openalex.org/W2797017023
https://openalex.org/W2809817002
https://openalex.org/W1987541925
https://openalex.org/W2076125030
https://openalex.org/W2076739550
https://openalex.org/W2091096968
https://openalex.org/W2609623366
https://openalex.org/W2955718545
https://openalex.org/W2414795631
https://openalex.org/W1982021297
https://openalex.org/W2090945579
https://openalex.org/W2416374446
https://openalex.org/W1967230421
https://openalex.org/W2043541799
https://openalex.org/W2132003677
https://openalex.org/W2171341477
https://openalex.org/W4245719807
https://openalex.org/W2127594859
https://openalex.org/W2074437109
https://openalex.org/W2153149414
https://openalex.org/W1519823285
https://openalex.org/W2023857810
https://openalex.org/W2045382645
https://openalex.org/W2065921438
https://openalex.org/W2094043500
https://openalex.org/W2110333028
https://openalex.org/W1978836641
https://openalex.org/W1998030973
https://openalex.org/W2013770225
https://openalex.org/W2330257096
https://openalex.org/W2405606795
https://openalex.org/W2415647781
https://openalex.org/W1982789852
https://openalex.org/W2124856008
https://openalex.org/W2081217596
https://openalex.org/W2091443489
https://openalex.org/W2130373311
https://openalex.org/W2131878257
https://openalex.org/W2013583977
https://openalex.org/W1967650685
https://openalex.org/W1988125768
https://openalex.org/W2012634121
https://openalex.org/W2024590128
https://openalex.org/W2043497681
https://openalex.org/W2057390716
https://openalex.org/W2066898135
https://openalex.org/W2116310398
https://openalex.org/W2313885706
https://openalex.org/W2401869278
https://openalex.org/W2889265558
https://openalex.org/W2902975973
https://openalex.org/W2016315488
https://openalex.org/W2154335783
https://openalex.org/W2594936985
https://openalex.org/W2898224592
https://openalex.org/W2907790131
https://openalex.org/W2968762002
https://openalex.org/W2996698721
https://openalex.org/W3015222489
https://openalex.org/W3015729976
https://openalex.org/W3017185583
https://openalex.org/W3028876750
https://openalex.org/W3091710725
https://openalex.org/W3091749402
https://openalex.org/W3093396189
https://openalex.org/W3111166651
https://openalex.org/W2560505321
https://openalex.org/W2612498775
https://openalex.org/W3120038999
https://openalex.org/W3124738322
https://openalex.org/W3213041407
https://openalex.org/W4205711412
https://openalex.org/W2013365434
https://openalex.org/W2134073733
https://openalex.org/W2038776792
https://openalex.org/W2089156337
https://openalex.org/W2177314686
https://openalex.org/W849186740
https://openalex.org/W1984809096
https://openalex.org/W2045039619
https://openalex.org/W2150366280
https://openalex.org/W2400619480
https://openalex.org/W1480242830
https://openalex.org/W2014933736
https://openalex.org/W1970469869
https://openalex.org/W2020391048
https://openalex.org/W2064903807
https://openalex.org/W1975810392
https://openalex.org/W2035567046
https://openalex.org/W2030686910
https://openalex.org/W2171030882
https://openalex.org/W2106981155
https://openalex.org/W2794823740
https://openalex.org/W2796445141
https://openalex.org/W2806745089
https://openalex.org/W2813125637
https://openalex.org/W2902946388
https://openalex.org/W2012399883
https://openalex.org/W2024652167
https://openalex.org/W2038732590
https://openalex.org/W2142871187
https://openalex.org/W2152227701
https://openalex.org/W2433794991
https://openalex.org/W2439042089
https://openalex.org/W2537619034
https://openalex.org/W2605375162
https://openalex.org/W2626624331
https://openalex.org/W2936798965
https://openalex.org/W2940686169
https://openalex.org/W2970297839
https://openalex.org/W2981603808
https://openalex.org/W2995907536
https://openalex.org/W3000631679
https://openalex.org/W3017107793
https://openalex.org/W3031140851
https://openalex.org/W3083592139
https://openalex.org/W3090642365
https://openalex.org/W3092320133
https://openalex.org/W3092514592
https://openalex.org/W3095163951
https://openalex.org/W3110350053
https://openalex.org/W3093441651
https://openalex.org/W3133993793
https://openalex.org/W3168652145
https://openalex.org/W3179065884
https://openalex.org/W3184566520
https://openalex.org/W3200405742
https://openalex.org/W3214154660
https://openalex.org/W2419496951
https://openalex.org/W3106378615
https://openalex.org/W4200085646
https://openalex.org/W4213137273
https://openalex.org/W4224273187
https://openalex.org/W4283768974
https://openalex.org/W4293870559
https://openalex.org/W4310779478
https://openalex.org/W4312205522
https://openalex.org/W4313336569
https://openalex.org/W2087045527
https://openalex.org/W2134440597
https://openalex.org/W2007894305
https://openalex.org/W2038089871
https://openalex.org/W2048527762
https://openalex.org/W1995195227
https://openalex.org/W2062419787
https://openalex.org/W2084155504
https://openalex.org/W2126339010
https://openalex.org/W1678155828
https://openalex.org/W1981684261
https://openalex.org/W2028373697
https://openalex.org/W2104418813
https://openalex.org/W2155432691
https://openalex.org/W1561277158
https://openalex.org/W1648048744
https://openalex.org/W1966894105
https://openalex.org/W2022420414
https://openalex.org/W2040210179
https://openalex.org/W2084031811
https://openalex.org/W2072176082
https://openalex.org/W2158666606
https://openalex.org/W2414867200
https://openalex.org/W1605663558
https://openalex.org/W2795825424
https://openalex.org/W2900405411
https://openalex.org/W2948094566
https://openalex.org/W2043416291
https://openalex.org/W2087174649
https://openalex.org/W2106059170
https://openalex.org/W2109453129
https://openalex.org/W2259533243
https://openalex.org/W2412247814
https://openalex.org/W2549735098
https://openalex.org/W2559780645
https://openalex.org/W2767669362
https://openalex.org/W2796020117
https://openalex.org/W2807798775
https://openalex.org/W3090267301
https://openalex.org/W3095407739
https://openalex.org/W3105194493
https://openalex.org/W3107097348
https://openalex.org/W3107453385
https://openalex.org/W1986638200
https://openalex.org/W2006058268
https://openalex.org/W1541132842
https://openalex.org/W1974909541
https://openalex.org/W1987586917
https://openalex.org/W2415775938
https://openalex.org/W2101355151
https://openalex.org/W4248645541
https://openalex.org/W1968735357
https://openalex.org/W1994130980
https://openalex.org/W2075561889
https://openalex.org/W2090127602
https://openalex.org/W1580047230
https://openalex.org/W1977202016
https://openalex.org/W2034483740
https://openalex.org/W2053091837
https://openalex.org/W2186451779
https://openalex.org/W2063570044
https://openalex.org/W1576655858
https://openalex.org/W1990413742
https://openalex.org/W2163130805
https://openalex.org/W2171765097
https://openalex.org/W1954596753
https://openalex.org/W2785487818
https://openalex.org/W2803509931
https://openalex.org/W2803548114
https://openalex.org/W2883448917
https://openalex.org/W2889824556
https://openalex.org/W2892655397
https://openalex.org/W2898196815
https://openalex.org/W2899959283
https://openalex.org/W2985352635
https://openalex.org/W2985727831
https://openalex.org/W2996599720
https://openalex.org/W2064557588
https://openalex.org/W2148065159
https://openalex.org/W2295604122
https://openalex.org/W2470484006
https://openalex.org/W2481155924
https://openalex.org/W2517547040
https://openalex.org/W2536372204
https://openalex.org/W3107244662
https://openalex.org/W3129873022
https://openalex.org/W3136068767
https://openalex.org/W3194442210
https://openalex.org/W3203302226
https://openalex.org/W3215425079
https://openalex.org/W2340348646
https://openalex.org/W1978580762
https://openalex.org/W1994964799
https://openalex.org/W1998313614
https://openalex.org/W2017220988
https://openalex.org/W2061996026
https://openalex.org/W2126653004
https://openalex.org/W242600280
https://openalex.org/W2035383876
https://openalex.org/W2037019700
https://openalex.org/W2043458264
https://openalex.org/W2047813637
https://openalex.org/W2397753414
https://openalex.org/W1972511941
https://openalex.org/W4252270305
https://openalex.org/W2036729322
https://openalex.org/W2136357532
https://openalex.org/W1994165671
https://openalex.org/W2019846516
https://openalex.org/W2055397939
https://openalex.org/W2091430705
https://openalex.org/W2102538121
https://openalex.org/W2356081832
https://openalex.org/W4233480838
https://openalex.org/W1981474104
https://openalex.org/W1989391677
https://openalex.org/W1997985645
https://openalex.org/W2010558480
https://openalex.org/W2056372595
https://openalex.org/W2357815613
https://openalex.org/W2061383599
https://openalex.org/W2411936496
https://openalex.org/W1567263241
https://openalex.org/W2006734724
https://openalex.org/W2015099339
https://openalex.org/W2025989968
https://openalex.org/W2066163683
https://openalex.org/W2095788105
https://openalex.org/W2124269159
https://openalex.org/W2733906337
https://openalex.org/W2779654495
https://openalex.org/W2795191178
https://openalex.org/W2801884632
https://openalex.org/W2810970900
https://openalex.org/W2900812770
https://openalex.org/W2903697705
https://openalex.org/W2947937077
https://openalex.org/W2968425741
https://openalex.org/W2970100441
https://openalex.org/W3012149544
https://openalex.org/W3041587792
https://openalex.org/W3093922031
https://openalex.org/W3107960630
https://openalex.org/W3125075395
https://openalex.org/W4238310092
https://openalex.org/W588049563
https://openalex.org/W1665807722
https://openalex.org/W2282114954
https://openalex.org/W2407211380
https://openalex.org/W2496512080
https://openalex.org/W4220669993
https://openalex.org/W4220876924
https://openalex.org/W4220903851
https://openalex.org/W4224249367
https://openalex.org/W4225163891
https://openalex.org/W4225397309
https://openalex.org/W4229025975
https://openalex.org/W4286293830
https://openalex.org/W4286357130
https://openalex.org/W4291312945
https://openalex.org/W4295214722
https://openalex.org/W4296235868
https://openalex.org/W4310025003
https://openalex.org/W4310490744
https://openalex.org/W4311530359
https://openalex.org/W1587306774
https://openalex.org/W1989122778
https://openalex.org/W1998802606
https://openalex.org/W2021503031
https://openalex.org/W2080334154
https://openalex.org/W2089968212
https://openalex.org/W2331234477
https://openalex.org/W2033695455
https://openalex.org/W2467453162
https://openalex.org/W1599888609
https://openalex.org/W2056142485
https://openalex.org/W2004889323
https://openalex.org/W2024521787
https://openalex.org/W2050149333
https://openalex.org/W2081127247
https://openalex.org/W2131241039
https://openalex.org/W4391369607
https://openalex.org/W1979436653
https://openalex.org/W2004150234
https://openalex.org/W1980352322
https://openalex.org/W1991544222
https://openalex.org/W1999125373
https://openalex.org/W2052453519
https://openalex.org/W2142536528
https://openalex.org/W57433381
https://openalex.org/W168104826
https://openalex.org/W1976809423
https://openalex.org/W1988594973
https://openalex.org/W2019082339
https://openalex.org/W2089658184
https://openalex.org/W2139327538
https://openalex.org/W2144818028
https://openalex.org/W2268418403
https://openalex.org/W2280354462
https://openalex.org/W2333703812
https://openalex.org/W3124583564
https://openalex.org/W4229937905
https://openalex.org/W4233004183
https://openalex.org/W2150664938
https://openalex.org/W2044998748
https://openalex.org/W2394999121
https://openalex.org/W4237662232
https://openalex.org/W2033321750
https://openalex.org/W2071801523
https://openalex.org/W1859069141
https://openalex.org/W2017053378
https://openalex.org/W2080073876
https://openalex.org/W2130510651
https://openalex.org/W1484085735
https://openalex.org/W2056426621
https://openalex.org/W2090189706
https://openalex.org/W2026503971
https://openalex.org/W2032018111
https://openalex.org/W2044270035
https://openalex.org/W2075986294
https://openalex.org/W2155337114
https://openalex.org/W2171009935
https://openalex.org/W2463302873
https://openalex.org/W2589657750
https://openalex.org/W2606176567
https://openalex.org/W2748144418
https://openalex.org/W2757056826
https://openalex.org/W2766776795
https://openalex.org/W2804987610
https://openalex.org/W2811456062
https://openalex.org/W2867233991
https://openalex.org/W2903822198
https://openalex.org/W2913742173
https://openalex.org/W2943851692
https://openalex.org/W2949047572
https://openalex.org/W2955043291
https://openalex.org/W2978545581
https://openalex.org/W3005874740
https://openalex.org/W3007557901
https://openalex.org/W3082074746
https://openalex.org/W3086772346
https://openalex.org/W3099701299
https://openalex.org/W3101388497
https://openalex.org/W3112392346
https://openalex.org/W3115241001
https://openalex.org/W3118210875
https://openalex.org/W3131446523
https://openalex.org/W3136248797
https://openalex.org/W3137906106
https://openalex.org/W3147657882
https://openalex.org/W3165075087
https://openalex.org/W3165744864
https://openalex.org/W3168825612
https://openalex.org/W3186026625
https://openalex.org/W3203062831
https://openalex.org/W3205864812
https://openalex.org/W3215573279
https://openalex.org/W4200428975
https://openalex.org/W2327066119
https://openalex.org/W2587756287
https://openalex.org/W2589455221
https://openalex.org/W776872051
https://openalex.org/W2067026546
https://openalex.org/W2069890221
https://openalex.org/W4238856514
https://openalex.org/W2014408480
https://openalex.org/W2057417971
https://openalex.org/W2410211789
https://openalex.org/W2035534610
https://openalex.org/W2318382768
https://openalex.org/W2007762772
https://openalex.org/W2019828300
https://openalex.org/W2051209052
https://openalex.org/W2064884568
https://openalex.org/W2006435753
https://openalex.org/W2018290955
https://openalex.org/W2062167612
https://openalex.org/W2417952428
https://openalex.org/W2463288650
https://openalex.org/W1175186274
https://openalex.org/W1964576791
https://openalex.org/W1981727608
https://openalex.org/W1985474421
https://openalex.org/W1990199138
https://openalex.org/W1991760267
https://openalex.org/W2006267441
https://openalex.org/W2009086120
https://openalex.org/W2033902028
https://openalex.org/W205346941
https://openalex.org/W2056351867
https://openalex.org/W2083270834
https://openalex.org/W209197497
https://openalex.org/W2141508868
https://openalex.org/W2150085261
https://openalex.org/W2172060571
https://openalex.org/W2181621289
https://openalex.org/W2274884433
https://openalex.org/W2315696619
https://openalex.org/W2331375553
https://openalex.org/W2347414717
https://openalex.org/W2382978931
https://openalex.org/W2411502500
https://openalex.org/W2493633774
https://openalex.org/W2545311408
https://openalex.org/W2549477386
https://openalex.org/W2608428636
https://openalex.org/W3144529818
https://openalex.org/W622817709
https://openalex.org/W4315703259
https://openalex.org/W4322760489
https://openalex.org/W4322775320
https://openalex.org/W4323320470
https://openalex.org/W4323545342
https://openalex.org/W4323818896
https://openalex.org/W4324353094
https://openalex.org/W4361818149
https://openalex.org/W4361818431
https://openalex.org/W4361818464
https://openalex.org/W4361819015
https://openalex.org/W4361889947
https://openalex.org/W4361889964
https://openalex.org/W4361890483
https://openalex.org/W4361890581
https://openalex.org/W4361931793
https://openalex.org/W4361939097
https://openalex.org/W4361939104
https://openalex.org/W4361939114
https://openalex.org/W4361939215
https://openalex.org/W4361947128
https://openalex.org/W4361955271
https://openalex.org/W4361957745
https://openalex.org/W4361958389
https://openalex.org/W4361959412
https://openalex.org/W4361963414
https://openalex.org/W4361963629
https://openalex.org/W4361964939
https://openalex.org/W4361964942
https://openalex.org/W4361965472
https://openalex.org/W4361965473
https://openalex.org/W4361965480
https://openalex.org/W4361965537
https://openalex.org/W4361965538
https://openalex.org/W4361966016
https://openalex.org/W4361966050
https://openalex.org/W4361966661
https://openalex.org/W4361966875
https://openalex.org/W4361966879
https://openalex.org/W4361966883
https://openalex.org/W4361967135
https://openalex.org/W4361967136
https://openalex.org/W4361967144
https://openalex.org/W4361967278
https://openalex.org/W4361969758
https://openalex.org/W4362135390
https://openalex.org/W4362597249
https://openalex.org/W4362698125
https://openalex.org/W4363672287
https://openalex.org/W4366482183
https://openalex.org/W4366482891
https://openalex.org/W4366496501
https://openalex.org/W4367304132
https://openalex.org/W4367624787
https://openalex.org/W4379117064
https://openalex.org/W4379279946
https://openalex.org/W4379281860
https://openalex.org/W4379347759
https://openalex.org/W4379348594
https://openalex.org/W4379348634
https://openalex.org/W4380871961
https://openalex.org/W4380997383
https://openalex.org/W4381301871
https://openalex.org/W4381681118
https://openalex.org/W4382046037
https://openalex.org/W4382237445
https://openalex.org/W4382914309
https://openalex.org/W4382996731
https://openalex.org/W4383033603
https://openalex.org/W4383763440
https://openalex.org/W4384562417
https://openalex.org/W4384662897
https://openalex.org/W4384694484
https://openalex.org/W4385562753
https://openalex.org/W4385703305
https://openalex.org/W4386336961
https://openalex.org/W4387223598
https://openalex.org/W4387247353
https://openalex.org/W4387306395
https://openalex.org/W4387310502
https://openalex.org/W4387359095
https://openalex.org/W4387542184
https://openalex.org/W4387574721
https://openalex.org/W4387599565
https://openalex.org/W4387717031
https://openalex.org/W4387902507
https://openalex.org/W4388186537
https://openalex.org/W4388301698
https://openalex.org/W4388464528
https://openalex.org/W4388620873
https://openalex.org/W4389079484
https://openalex.org/W4389241299
https://openalex.org/W4389249113
https://openalex.org/W4389395520
https://openalex.org/W4389623565
https://openalex.org/W4389896461
https://openalex.org/W4390191716
https://openalex.org/W4390200938
https://openalex.org/W4390407976
https://openalex.org/W4391479457
https://openalex.org/W4391479476
https://openalex.org/W4391479496
https://openalex.org/W4391479499
https://openalex.org/W4391479524
https://openalex.org/W4391479528
https://openalex.org/W4391479574
https://openalex.org/W4391495156
https://openalex.org/W4391495193
https://openalex.org/W4391495206
https://openalex.org/W4391817059
https://openalex.org/W4393670451
https://openalex.org/W4393783145
https://openalex.org/W4394630031
https://openalex.org/W2021411980
https://openalex.org/W2040105973
https://openalex.org/W4248803704
https://openalex.org/W2130820946
https://openalex.org/W2471282046
https://openalex.org/W2013864973
https://openalex.org/W2174111999
https://openalex.org/W2403885655
https://openalex.org/W2777185504
https://openalex.org/W2005726855
https://openalex.org/W2069776594
https://openalex.org/W2106850816
https://openalex.org/W2462884146
https://openalex.org/W1530256779
https://openalex.org/W1558131819
https://openalex.org/W1996399768
https://openalex.org/W2144904497
https://openalex.org/W2594924211
https://openalex.org/W3124588314
https://openalex.org/W1968293859
https://openalex.org/W2029842047
https://openalex.org/W2087377130
https://openalex.org/W2122780647
https://openalex.org/W3209292395
https://openalex.org/W4250987784
https://openalex.org/W2115056950
https://openalex.org/W2409047558
https://openalex.org/W2419395665
https://openalex.org/W1982537588
https://openalex.org/W1997811384
https://openalex.org/W2047358346
https://openalex.org/W2105447838
https://openalex.org/W2182505591
https://openalex.org/W2069211208
https://openalex.org/W2407297069
https://openalex.org/W2790582039
https://openalex.org/W2792368710
https://openalex.org/W2800863561
https://openalex.org/W2810637717
https://openalex.org/W2886595719
https://openalex.org/W2893893994
https://openalex.org/W2894319634
https://openalex.org/W2922890773
https://openalex.org/W2945656256
https://openalex.org/W2951213933
https://openalex.org/W2976220245
https://openalex.org/W2982952427
https://openalex.org/W3004225468
https://openalex.org/W3005293892
https://openalex.org/W3006106992
https://openalex.org/W3045859304
https://openalex.org/W3046546394
https://openalex.org/W3093282790
https://openalex.org/W3112198692
https://openalex.org/W3114062525
https://openalex.org/W3115528778
https://openalex.org/W3116434807
https://openalex.org/W3122610079
https://openalex.org/W3136164620
https://openalex.org/W3137326383
https://openalex.org/W3137584945
https://openalex.org/W3158051206
https://openalex.org/W3165935724
https://openalex.org/W3166141746
https://openalex.org/W3175114506
https://openalex.org/W3186857796
https://openalex.org/W3188548726
https://openalex.org/W3195372273
https://openalex.org/W3195759900
https://openalex.org/W3199803038
https://openalex.org/W3199816051
https://openalex.org/W3204965750
https://openalex.org/W3206907741
https://openalex.org/W3215328761
https://openalex.org/W4200122410
https://openalex.org/W4205280272
https://openalex.org/W4235726422
https://openalex.org/W4246568064
https://openalex.org/W4251779714
https://openalex.org/W2260341914
https://openalex.org/W2419450468
https://openalex.org/W2493354488
https://openalex.org/W2517702453
https://openalex.org/W2536108107
https://openalex.org/W2549892184
https://openalex.org/W2557099179
https://openalex.org/W2748108038
https://openalex.org/W3025230071
https://openalex.org/W3214399734
https://openalex.org/W3216861398
https://openalex.org/W4220794240
https://openalex.org/W4220815659
https://openalex.org/W4221009024
https://openalex.org/W4223468462
https://openalex.org/W4229069358
https://openalex.org/W4280583704
https://openalex.org/W4283322099
https://openalex.org/W4285490429
https://openalex.org/W4296270990
https://openalex.org/W4306178408
https://openalex.org/W4307037671
https://openalex.org/W4308053963
https://openalex.org/W4310159200
https://openalex.org/W4311055352
https://openalex.org/W1813297789
https://openalex.org/W2000746118
https://openalex.org/W2012486056
https://openalex.org/W2036205260
https://openalex.org/W2103158651
https://openalex.org/W2313424734
https://openalex.org/W2425934787
https://openalex.org/W2438120884
https://openalex.org/W448359375
https://openalex.org/W1997969653
https://openalex.org/W2125741966
https://openalex.org/W2906034115
https://openalex.org/W335956802
https://openalex.org/W4242178779
https://openalex.org/W43282734
https://openalex.org/W1937459688
https://openalex.org/W1970266210
https://openalex.org/W2466250707
https://openalex.org/W2976207290
https://openalex.org/W2398341404
https://openalex.org/W2409157404
https://openalex.org/W1489252586
https://openalex.org/W1519990331
https://openalex.org/W1654788877
https://openalex.org/W1976694753
https://openalex.org/W2048269169
https://openalex.org/W2057795489
https://openalex.org/W2073029503
https://openalex.org/W2085736213
https://openalex.org/W2136619816
https://openalex.org/W2156112973
https://openalex.org/W2205989069
https://openalex.org/W2318287165
https://openalex.org/W2326168584
https://openalex.org/W2332679375
https://openalex.org/W2333622576
https://openalex.org/W2410347480
https://openalex.org/W2493924082
https://openalex.org/W2560119584
https://openalex.org/W2578738882
https://openalex.org/W2794141920
https://openalex.org/W382780810
https://openalex.org/W4211219804
https://openalex.org/W4224935467
https://openalex.org/W4226176258
https://openalex.org/W4234291580
https://openalex.org/W4282944455
https://openalex.org/W4310611248
https://openalex.org/W4388579847
https://openalex.org/W2094265008
https://openalex.org/W2326343128
https://openalex.org/W1970579344
https://openalex.org/W2059919575
https://openalex.org/W193670603
https://openalex.org/W2064600343
https://openalex.org/W2089688094
https://openalex.org/W2474164804
https://openalex.org/W3216990653
https://openalex.org/W1514059040
https://openalex.org/W1573264344
https://openalex.org/W1999858534
https://openalex.org/W2007123243
https://openalex.org/W2043559673
https://openalex.org/W2072565621
https://openalex.org/W2156639588
https://openalex.org/W2299343961
https://openalex.org/W2593394731
https://openalex.org/W2594193554
https://openalex.org/W2594401478
https://openalex.org/W2624116556
https://openalex.org/W2625488167
https://openalex.org/W2750657660
https://openalex.org/W2753719059
https://openalex.org/W2755273109
https://openalex.org/W2766307119
https://openalex.org/W2770841160
https://openalex.org/W2778452239
https://openalex.org/W2779682368
https://openalex.org/W2791131083
https://openalex.org/W2980013088
https://openalex.org/W3045497871
https://openalex.org/W4245509614
https://openalex.org/W2016149391
https://openalex.org/W2071820302
https://openalex.org/W2133123566
https://openalex.org/W2399585239
https://openalex.org/W2470467592
https://openalex.org/W302089322
https://openalex.org/W2024654662
https://openalex.org/W2091425901
https://openalex.org/W2356411804
https://openalex.org/W1824821745
https://openalex.org/W2060906280
https://openalex.org/W2422718986
https://openalex.org/W2005605793
https://openalex.org/W2028337937
https://openalex.org/W2057964552
https://openalex.org/W2070418561
https://openalex.org/W2247996374
https://openalex.org/W2347699782
https://openalex.org/W2406403255
https://openalex.org/W2794834834
https://openalex.org/W2810615002
https://openalex.org/W2811447901
https://openalex.org/W2902978528
https://openalex.org/W2922095881
https://openalex.org/W2944824539
https://openalex.org/W2953750479
https://openalex.org/W2981090314
https://openalex.org/W4254362003
https://openalex.org/W4313381753
https://openalex.org/W2441582756
https://openalex.org/W2013367141
https://openalex.org/W2175765545
https://openalex.org/W2268940628
https://openalex.org/W2411433982
https://openalex.org/W2053861799
https://openalex.org/W2163971694
https://openalex.org/W2357931133
https://openalex.org/W2381380381
https://openalex.org/W2916013876
https://openalex.org/W2947396815
https://openalex.org/W2954683408
https://openalex.org/W2974102210
https://openalex.org/W2974396595
https://openalex.org/W3004110530
https://openalex.org/W3008801672
https://openalex.org/W3014885844
https://openalex.org/W3014975992
https://openalex.org/W3016757254
https://openalex.org/W3024585844
https://openalex.org/W3046571209
https://openalex.org/W3078715144
https://openalex.org/W3083354125
https://openalex.org/W3094316577
https://openalex.org/W3116640786
https://openalex.org/W3117889477
https://openalex.org/W4254331286
https://openalex.org/W2070369004
https://openalex.org/W6184603
https://openalex.org/W1976423072
https://openalex.org/W1978146137
https://openalex.org/W2088908562
https://openalex.org/W2330197355
https://openalex.org/W2418989391
https://openalex.org/W2424159011
https://openalex.org/W4236446182
https://openalex.org/W4384909429
https://openalex.org/W636129387
https://openalex.org/W2044743777
https://openalex.org/W2188421878
https://openalex.org/W2267836739
https://openalex.org/W2354632479
https://openalex.org/W2367052736
https://openalex.org/W280246342
https://openalex.org/W3134350571
https://openalex.org/W3137634096
https://openalex.org/W3148823821
https://openalex.org/W3158442608
https://openalex.org/W3167397167
https://openalex.org/W3183630369
https://openalex.org/W3192813794
https://openalex.org/W3197424512
https://openalex.org/W3200258773
https://openalex.org/W3212569945
https://openalex.org/W4244075167
https://openalex.org/W1980695178
https://openalex.org/W2052264898
https://openalex.org/W2158405430
https://openalex.org/W70566163
https://openalex.org/W2402867538
https://openalex.org/W2439346406
https://openalex.org/W1966321229
https://openalex.org/W2368310293
https://openalex.org/W4235434407
https://openalex.org/W5304677
https://openalex.org/W3089398461
https://openalex.org/W1964129490
https://openalex.org/W1989854245
https://openalex.org/W2007036908
https://openalex.org/W2031989359
https://openalex.org/W2063185715
https://openalex.org/W2090276218
https://openalex.org/W2107446335
https://openalex.org/W2107859179
https://openalex.org/W2404120672
https://openalex.org/W2434238662
https://openalex.org/W2466451977
https://openalex.org/W4211073007
https://openalex.org/W4243838027
https://openalex.org/W2017106667
https://openalex.org/W2134308331
https://openalex.org/W2168943739
https://openalex.org/W2282612580
https://openalex.org/W2502028006
https://openalex.org/W1534881325
https://openalex.org/W1569445763
https://openalex.org/W1969502169
https://openalex.org/W1973062265
https://openalex.org/W1974282569
https://openalex.org/W1988743180
https://openalex.org/W1992963211
https://openalex.org/W1992969347
https://openalex.org/W2011876946
https://openalex.org/W2025208761
https://openalex.org/W2041860231
https://openalex.org/W2046839797
https://openalex.org/W2076248718
https://openalex.org/W2080903974
https://openalex.org/W2083251801
https://openalex.org/W2085986224
https://openalex.org/W2087163218
https://openalex.org/W2088401906
https://openalex.org/W2134441335
https://openalex.org/W2143614008
https://openalex.org/W2150335990
https://openalex.org/W2155419282
https://openalex.org/W2157449283
https://openalex.org/W2174952030
https://openalex.org/W2184798621
https://openalex.org/W2188906785
https://openalex.org/W2217974192
https://openalex.org/W2222786475
https://openalex.org/W2238528255
https://openalex.org/W2286476582
https://openalex.org/W2287731009
https://openalex.org/W2289539440
https://openalex.org/W2298498379
https://openalex.org/W2313811913
https://openalex.org/W2317961217
https://openalex.org/W2319266189
https://openalex.org/W2321476525
https://openalex.org/W2322591390
https://openalex.org/W2326325225
https://openalex.org/W2326428262
https://openalex.org/W2327016164
https://openalex.org/W2327274068
https://openalex.org/W2335897690
https://openalex.org/W2342700943
https://openalex.org/W2346103603
https://openalex.org/W2373799168
https://openalex.org/W2398144396
https://openalex.org/W2399850564
https://openalex.org/W2401558264
https://openalex.org/W2405118647
https://openalex.org/W2407378499
https://openalex.org/W2408316158
https://openalex.org/W2427872626
https://openalex.org/W2463882523
https://openalex.org/W2464116233
https://openalex.org/W2468075909
https://openalex.org/W2469805860
https://openalex.org/W2495170566
https://openalex.org/W2501405847
https://openalex.org/W2505162283
https://openalex.org/W2513859564
https://openalex.org/W2514624131
https://openalex.org/W2515067950
https://openalex.org/W2517873605
https://openalex.org/W2518984433
https://openalex.org/W2519308502
https://openalex.org/W2520313262
https://openalex.org/W2520580134
https://openalex.org/W2520810637
https://openalex.org/W2522573763
https://openalex.org/W2523009653
https://openalex.org/W2523195375
https://openalex.org/W2523522491
https://openalex.org/W2564559817
https://openalex.org/W2573865330
https://openalex.org/W2576721795
https://openalex.org/W2583534835
https://openalex.org/W2591218162
https://openalex.org/W2619852445
https://openalex.org/W2734849777
https://openalex.org/W2739784448
https://openalex.org/W2750129293
https://openalex.org/W2751125571
https://openalex.org/W2753063047
https://openalex.org/W275615822
https://openalex.org/W2759978590
https://openalex.org/W2775417724
https://openalex.org/W2775481100
https://openalex.org/W2796039652
https://openalex.org/W2804085597
https://openalex.org/W2808882641
https://openalex.org/W2916861853
https://openalex.org/W2958651444
https://openalex.org/W2975623023
https://openalex.org/W2976060785
https://openalex.org/W2977745556
https://openalex.org/W2978758794
https://openalex.org/W2978906653
https://openalex.org/W2979050749
https://openalex.org/W2979147699
https://openalex.org/W3016006339
https://openalex.org/W3022984561
https://openalex.org/W3030032457
https://openalex.org/W3030052304
https://openalex.org/W3031004739
https://openalex.org/W3031959959
https://openalex.org/W3032606203
https://openalex.org/W3086156904
https://openalex.org/W3087712191
https://openalex.org/W3122616064
https://openalex.org/W3160960655
https://openalex.org/W3173954509
https://openalex.org/W3182511960
https://openalex.org/W416154393
https://openalex.org/W4239921724
https://openalex.org/W4245013431
https://openalex.org/W4313356332
https://openalex.org/W4391347324
https://openalex.org/W779075574
https://openalex.org/W816656796
https://openalex.org/W874021556
https://openalex.org/W954840194
https://openalex.org/W1752858397
https://openalex.org/W180791359
https://openalex.org/W187923666
https://openalex.org/W1986331249
https://openalex.org/W2008426542
https://openalex.org/W2010986206
https://openalex.org/W2015997119
https://openalex.org/W2435696847
https://openalex.org/W2605293886
https://openalex.org/W42954034
https://openalex.org/W947588160
https://openalex.org/W2051956031
https://openalex.org/W2277577150
https://openalex.org/W2470676173
https://openalex.org/W112740586
https://openalex.org/W132987848
https://openalex.org/W1505831393
https://openalex.org/W1513105762
https://openalex.org/W1549936058
https://openalex.org/W171047650
https://openalex.org/W1756425595
https://openalex.org/W183861708
https://openalex.org/W1921170752
https://openalex.org/W1974508134
https://openalex.org/W1974712759
https://openalex.org/W1982246995
https://openalex.org/W1994415895
https://openalex.org/W1994608078
https://openalex.org/W2028147377
https://openalex.org/W2029680338
https://openalex.org/W2031629509
https://openalex.org/W2038456184
https://openalex.org/W2039069939
https://openalex.org/W2039598884
https://openalex.org/W2047591404
https://openalex.org/W2054327159
https://openalex.org/W2057159987
https://openalex.org/W2072699431
https://openalex.org/W2096321982
https://openalex.org/W2102884920
https://openalex.org/W2119472527
https://openalex.org/W2133436674
https://openalex.org/W2152724062
https://openalex.org/W2165402992
https://openalex.org/W2172199007
https://openalex.org/W2189553278
https://openalex.org/W2218397499
https://openalex.org/W2250366855
https://openalex.org/W2254495879
https://openalex.org/W2286071888
https://openalex.org/W2287635581
https://openalex.org/W2292957058
https://openalex.org/W2316728195
https://openalex.org/W2317032655
https://openalex.org/W2323394167
https://openalex.org/W2324294465
https://openalex.org/W2325661328
https://openalex.org/W2327854111
https://openalex.org/W2329608728
https://openalex.org/W2329635128
https://openalex.org/W2335368231
https://openalex.org/W2335453785
https://openalex.org/W2338018800
https://openalex.org/W2349391000
https://openalex.org/W2351151683
https://openalex.org/W2369229978
https://openalex.org/W2394328001
https://openalex.org/W2411105001
https://openalex.org/W2413813637
https://openalex.org/W2419318175
https://openalex.org/W2441455486
https://openalex.org/W2461147166
https://openalex.org/W2464538755
https://openalex.org/W2472958195
https://openalex.org/W2495291915
https://openalex.org/W2554175722
https://openalex.org/W2556173613
https://openalex.org/W2563024224
https://openalex.org/W2568347918
https://openalex.org/W2576676447
https://openalex.org/W2588090053
https://openalex.org/W2588297267
https://openalex.org/W2591062489
https://openalex.org/W2610956096
https://openalex.org/W2748554054
https://openalex.org/W2805144147
https://openalex.org/W2977544096
https://openalex.org/W2977568045
https://openalex.org/W2977623601
https://openalex.org/W2977933367
https://openalex.org/W2978397328
https://openalex.org/W2978725700
https://openalex.org/W3157569611
https://openalex.org/W3161684522
https://openalex.org/W33208569
https://openalex.org/W33396992
https://openalex.org/W4213130362
https://openalex.org/W4213325832
https://openalex.org/W4229579970
https://openalex.org/W42428602
https://openalex.org/W4297750329
https://openalex.org/W4298941018
https://openalex.org/W4300714784
https://openalex.org/W4301215705
https://openalex.org/W4395061310
https://openalex.org/W4395061656
https://openalex.org/W4395061812
https://openalex.org/W52219602
https://openalex.org/W631070990
https://openalex.org/W873293073
https://openalex.org/W144189195
https://openalex.org/W2024568090
https://openalex.org/W2067505820
https://openalex.org/W1982422665
https://openalex.org/W2005737130
https://openalex.org/W2061785470
https://openalex.org/W2132698381
https://openalex.org/W2140608065
https://openalex.org/W2156448495
https://openalex.org/W2180682524
https://openalex.org/W2238948389
https://openalex.org/W2412127991
https://openalex.org/W2433857780
https://openalex.org/W2728129082
https://openalex.org/W3016503956
https://openalex.org/W3215316070
https://openalex.org/W4237418562
https://openalex.org/W4252848975
https://openalex.org/W187129320
https://openalex.org/W191874400
https://openalex.org/W1993727732
https://openalex.org/W1993855439
https://openalex.org/W2004251037
https://openalex.org/W2026926801
https://openalex.org/W2033807375
https://openalex.org/W2046610709
https://openalex.org/W2182703607
https://openalex.org/W2227698538
https://openalex.org/W2321508958
https://openalex.org/W2324490032
https://openalex.org/W2347522458
https://openalex.org/W2347624680
https://openalex.org/W2388575578
https://openalex.org/W2392170161
https://openalex.org/W2402277227
https://openalex.org/W2408876539
https://openalex.org/W2560769809
https://openalex.org/W2567300513
https://openalex.org/W2593841058
https://openalex.org/W2594448548
https://openalex.org/W2601189084
https://openalex.org/W2607087922
https://openalex.org/W2726223035
https://openalex.org/W2746469682
https://openalex.org/W2747166187
https://openalex.org/W2758024603
https://openalex.org/W2758102444
https://openalex.org/W2762505330
https://openalex.org/W2762699293
https://openalex.org/W2765451603
https://openalex.org/W2766140727
https://openalex.org/W2769797868
https://openalex.org/W2774822176
https://openalex.org/W2775284734
https://openalex.org/W2790025277
https://openalex.org/W2790491956
https://openalex.org/W2887191201
https://openalex.org/W2889256121
https://openalex.org/W2889258017
https://openalex.org/W2899056160
https://openalex.org/W2905393549
https://openalex.org/W2952627029
https://openalex.org/W2975326983
https://openalex.org/W2975334589
https://openalex.org/W2976195278
https://openalex.org/W2977420190
https://openalex.org/W2977534806
https://openalex.org/W2977574246
https://openalex.org/W2978773942
https://openalex.org/W2978796509
https://openalex.org/W2979146774
https://openalex.org/W2979196630
https://openalex.org/W3025473785
https://openalex.org/W3030450769
https://openalex.org/W3163914349
https://openalex.org/W3179862882
https://openalex.org/W3184608305
https://openalex.org/W3190566460
https://openalex.org/W3190994096
https://openalex.org/W4236169396
https://openalex.org/W4299411841
https://openalex.org/W4299448172
https://openalex.org/W601849832
https://openalex.org/W756494815
https://openalex.org/W9161322
https://openalex.org/W2064876787
https://openalex.org/W2411320127
https://openalex.org/W2413928791
https://openalex.org/W2780415084
https://openalex.org/W115519194
https://openalex.org/W1189067341
https://openalex.org/W2000039859
https://openalex.org/W2003159953
https://openalex.org/W2050250768
https://openalex.org/W2067370535
https://openalex.org/W2084378852
https://openalex.org/W2091057769
https://openalex.org/W2094518051
https://openalex.org/W2122182721
https://openalex.org/W2153747037
https://openalex.org/W2184622795
https://openalex.org/W2185024436
https://openalex.org/W2318369115
https://openalex.org/W232024528
https://openalex.org/W2353455008
https://openalex.org/W2365529669
https://openalex.org/W2371697226
https://openalex.org/W2373040603
https://openalex.org/W2379156940
https://openalex.org/W2387270680
https://openalex.org/W2396719680
https://openalex.org/W2419520332
https://openalex.org/W2485147190
https://openalex.org/W2760362735
https://openalex.org/W2791394873
https://openalex.org/W2853665045
https://openalex.org/W2913148330
https://openalex.org/W2915867998
https://openalex.org/W2951834928
https://openalex.org/W2978086648
https://openalex.org/W407271785
https://openalex.org/W4206294647
https://openalex.org/W4206986819
https://openalex.org/W4214946026
https://openalex.org/W4220680156
https://openalex.org/W4220935262
https://openalex.org/W4220967821
https://openalex.org/W4220970913
https://openalex.org/W4221080103
https://openalex.org/W4221120273
https://openalex.org/W4223902208
https://openalex.org/W4224120965
https://openalex.org/W4225568575
https://openalex.org/W4226056804
https://openalex.org/W4226491465
https://openalex.org/W4229018598
https://openalex.org/W4229046792
https://openalex.org/W4253448494
https://openalex.org/W4256189145
https://openalex.org/W4256392317
https://openalex.org/W4281683991
https://openalex.org/W4281858184
https://openalex.org/W4285203334
https://openalex.org/W4286667798
https://openalex.org/W4293097674
https://openalex.org/W4293235416
https://openalex.org/W4295780175
https://openalex.org/W4296126214
https://openalex.org/W4296801848
https://openalex.org/W4309226867
https://openalex.org/W4309941088
https://openalex.org/W4310681612
https://openalex.org/W4311091729
https://openalex.org/W4311091838
https://openalex.org/W4375809586
https://openalex.org/W4388579852
https://openalex.org/W4388585070
https://openalex.org/W4394303432
https://openalex.org/W4395043790
https://openalex.org/W588451934
https://openalex.org/W2011685484
https://openalex.org/W2327089628
https://openalex.org/W2587101645
https://openalex.org/W4235303510
https://openalex.org/W1508418242
https://openalex.org/W1966337756
https://openalex.org/W1972677837
https://openalex.org/W1980446574
https://openalex.org/W1982138153
https://openalex.org/W2006926729
https://openalex.org/W2020035017
https://openalex.org/W2020752278
https://openalex.org/W2065076568
https://openalex.org/W2079493532
https://openalex.org/W2084816805
https://openalex.org/W2116830901
https://openalex.org/W2136557323
https://openalex.org/W2184914058
https://openalex.org/W2244160539
https://openalex.org/W2254266499
https://openalex.org/W2254761867
https://openalex.org/W2274010551
https://openalex.org/W2323394120
https://openalex.org/W2352135003
https://openalex.org/W2362786030
https://openalex.org/W2394736443
https://openalex.org/W2465674231
https://openalex.org/W2473175121
https://openalex.org/W2473385814
https://openalex.org/W2590443750
https://openalex.org/W2738034277
https://openalex.org/W2749416060
https://openalex.org/W2758959548
https://openalex.org/W2794769362
https://openalex.org/W2802140185
https://openalex.org/W2805834127
https://openalex.org/W2808136552
https://openalex.org/W2845346088
https://openalex.org/W286812194
https://openalex.org/W2885801359
https://openalex.org/W2888391244
https://openalex.org/W2889047095
https://openalex.org/W2889309528
https://openalex.org/W2892334990
https://openalex.org/W2897276550
https://openalex.org/W2897818910
https://openalex.org/W2898620225
https://openalex.org/W2898967753
https://openalex.org/W2899733727
https://openalex.org/W2905895764
https://openalex.org/W2910109286
https://openalex.org/W2913666458
https://openalex.org/W2913828228
https://openalex.org/W2920723259
https://openalex.org/W2943855974
https://openalex.org/W2944243418
https://openalex.org/W2944913524
https://openalex.org/W2947056027
https://openalex.org/W2955790412
https://openalex.org/W2955939808
https://openalex.org/W2958525423
https://openalex.org/W2959006300
https://openalex.org/W2960809242
https://openalex.org/W2964596123
https://openalex.org/W2965657336
https://openalex.org/W2965800084
https://openalex.org/W2968525245
https://openalex.org/W2975797855
https://openalex.org/W2977497621
https://openalex.org/W2979329568
https://openalex.org/W2980061446
https://openalex.org/W2988568775
https://openalex.org/W2990482241
https://openalex.org/W2991017041
https://openalex.org/W2993960959
https://openalex.org/W2994272287
https://openalex.org/W2996844093
https://openalex.org/W3012558487
https://openalex.org/W3013494567
https://openalex.org/W3035606937
https://openalex.org/W3039624226
https://openalex.org/W3040789857
https://openalex.org/W3046584782
https://openalex.org/W3091020992
https://openalex.org/W3115279199
https://openalex.org/W3118866097
https://openalex.org/W3161841329
https://openalex.org/W3177127843
https://openalex.org/W3185401765
https://openalex.org/W3190559717
https://openalex.org/W3215966766
https://openalex.org/W3217496303
https://openalex.org/W38188426
https://openalex.org/W4205100645
https://openalex.org/W4206851875
https://openalex.org/W4235946269
https://openalex.org/W4239160839
https://openalex.org/W4241756992
https://openalex.org/W4241833104
https://openalex.org/W4242401772
https://openalex.org/W4250596084
https://openalex.org/W4318899517
https://openalex.org/W4394068134
https://openalex.org/W630531984
https://openalex.org/W90529537
https://openalex.org/W916827119
https://openalex.org/W95777475
https://openalex.org/W1728782657
https://openalex.org/W1927626215
https://openalex.org/W1947661573
https://openalex.org/W1997535995
https://openalex.org/W2002979803
https://openalex.org/W2132071747
https://openalex.org/W2408242366
https://openalex.org/W2411041365
https://openalex.org/W2413093843
https://openalex.org/W2413206687
https://openalex.org/W2418643346
https://openalex.org/W2419619150
https://openalex.org/W2466204965
https://openalex.org/W2466225165
https://openalex.org/W2474177717
https://openalex.org/W3203842491
https://openalex.org/W4300764213
https://openalex.org/W1951905090
https://openalex.org/W1978451393
https://openalex.org/W1979139581
https://openalex.org/W1994819616
https://openalex.org/W2085878766
https://openalex.org/W2130312079
https://openalex.org/W2184256210
https://openalex.org/W2184736936
https://openalex.org/W2184796693
https://openalex.org/W2187405469
https://openalex.org/W2188877016
https://openalex.org/W2320043764
https://openalex.org/W2360182499
https://openalex.org/W2361302109
https://openalex.org/W2374521997
https://openalex.org/W2381217549
https://openalex.org/W2392674992
https://openalex.org/W2427753990
https://openalex.org/W2468387696
https://openalex.org/W2478370974
https://openalex.org/W2581469350
https://openalex.org/W2593520225
https://openalex.org/W2597463745
https://openalex.org/W2623552105
https://openalex.org/W2625158490
https://openalex.org/W2626966273
https://openalex.org/W2731196577
https://openalex.org/W2975206762
https://openalex.org/W2977150202
https://openalex.org/W2979697207
https://openalex.org/W3003331901
https://openalex.org/W3003540446
https://openalex.org/W3005555249
https://openalex.org/W3008613822
https://openalex.org/W3010068637
https://openalex.org/W3013611661
https://openalex.org/W3014437387
https://openalex.org/W3025419331
https://openalex.org/W3030287311
https://openalex.org/W3031276871
https://openalex.org/W3032489955
https://openalex.org/W3042169454
https://openalex.org/W3044212886
https://openalex.org/W3066836616
https://openalex.org/W3080743345
https://openalex.org/W3082709637
https://openalex.org/W3086715700
https://openalex.org/W3089466050
https://openalex.org/W3093431832
https://openalex.org/W3100432113
https://openalex.org/W3102101460
https://openalex.org/W3110163725
https://openalex.org/W3115846316
https://openalex.org/W3118155090
https://openalex.org/W3119342632
https://openalex.org/W3122709405
https://openalex.org/W3162617698
https://openalex.org/W3208377262
https://openalex.org/W3215875807
https://openalex.org/W4242428392
https://openalex.org/W4243670994
https://openalex.org/W4244046795
https://openalex.org/W4248611689
https://openalex.org/W4248890473
https://openalex.org/W4249330787
https://openalex.org/W4250786885
https://openalex.org/W4250969245
https://openalex.org/W4252214830
https://openalex.org/W4255103015
https://openalex.org/W4256013120
https://openalex.org/W4298337971
https://openalex.org/W4298876189
https://openalex.org/W4307299586
https://openalex.org/W4321635015
https://openalex.org/W4321635042
https://openalex.org/W4321635172
https://openalex.org/W4321635188
https://openalex.org/W4322723802
https://openalex.org/W4322727462
https://openalex.org/W437013589
https://openalex.org/W4389450515
https://openalex.org/W563967805
https://openalex.org/W86090943
https://openalex.org/W2279910331
https://openalex.org/W2415350120
https://openalex.org/W2419255671
https://openalex.org/W190430880
https://openalex.org/W2011378034
https://openalex.org/W2028123175
https://openalex.org/W2058015174
https://openalex.org/W2078521373
https://openalex.org/W2256534782
https://openalex.org/W2339672661
https://openalex.org/W2368121735
https://openalex.org/W2384516146
https://openalex.org/W2386711787
https://openalex.org/W2391092730
https://openalex.org/W2414907726
https://openalex.org/W2544399312
https://openalex.org/W2622090578
https://openalex.org/W2625915832
https://openalex.org/W2726263633
https://openalex.org/W2739044449
https://openalex.org/W2949614560
https://openalex.org/W4241961436
https://openalex.org/W771998327
https://openalex.org/W1491013818
https://openalex.org/W160484351
https://openalex.org/W2018271318
https://openalex.org/W2044477228
https://openalex.org/W2142849826
https://openalex.org/W2144047126
https://openalex.org/W2161843403
https://openalex.org/W2278339242
https://openalex.org/W2392044919
https://openalex.org/W2393327095
https://openalex.org/W2405225669
https://openalex.org/W2409103808
https://openalex.org/W2411121806
https://openalex.org/W2460924415
https://openalex.org/W2475713978
https://openalex.org/W2475952962
https://openalex.org/W2476745272
https://openalex.org/W2477982653
https://openalex.org/W2478347848
https://openalex.org/W2479365038
https://openalex.org/W2479909895
https://openalex.org/W2480192579
https://openalex.org/W2480368530
https://openalex.org/W2481462692
https://openalex.org/W2481663356
https://openalex.org/W2482043398
https://openalex.org/W2482554935
https://openalex.org/W2482709603
https://openalex.org/W2482784624
https://openalex.org/W2483036256
https://openalex.org/W2483100454
https://openalex.org/W2483407491
https://openalex.org/W2484371887
https://openalex.org/W2484843134
https://openalex.org/W2485349751
https://openalex.org/W2485630470
https://openalex.org/W2486621738
https://openalex.org/W2486884318
https://openalex.org/W2487376044
https://openalex.org/W2487510330
https://openalex.org/W2488141757
https://openalex.org/W2488393378
https://openalex.org/W2489377975
https://openalex.org/W2490042350
https://openalex.org/W2490071899
https://openalex.org/W2490412101
https://openalex.org/W2490764267
https://openalex.org/W2491883215
https://openalex.org/W2491921742
https://openalex.org/W2492043620
https://openalex.org/W2492736696
https://openalex.org/W2493612754
https://openalex.org/W2493890638
https://openalex.org/W2494301044
https://openalex.org/W2495796506
https://openalex.org/W2496174606
https://openalex.org/W2496273646
https://openalex.org/W2496392611
https://openalex.org/W2497026668
https://openalex.org/W2497271203
https://openalex.org/W2497658712
https://openalex.org/W2498807965
https://openalex.org/W2499243849
https://openalex.org/W2499367678
https://openalex.org/W2499492750
https://openalex.org/W2499996626
https://openalex.org/W2500039443
https://openalex.org/W2500378245
https://openalex.org/W2501213605
https://openalex.org/W2501721718
https://openalex.org/W2502226846
https://openalex.org/W2503676990
https://openalex.org/W2503730253
https://openalex.org/W2503993063
https://openalex.org/W2504403500
https://openalex.org/W2504588950
https://openalex.org/W2505441835
https://openalex.org/W2505741279
https://openalex.org/W2506355421
https://openalex.org/W2506380031
https://openalex.org/W2506455336
https://openalex.org/W2542670220
https://openalex.org/W3121418621
https://openalex.org/W3129628398
https://openalex.org/W3133458897
https://openalex.org/W3135440213
https://openalex.org/W3138308930
https://openalex.org/W3149335865
https://openalex.org/W3153856323
https://openalex.org/W3154930957
https://openalex.org/W3155878947
https://openalex.org/W3169123654
https://openalex.org/W3179614714
https://openalex.org/W3180091234
https://openalex.org/W3183774599
https://openalex.org/W3192402439
https://openalex.org/W3197456258
https://openalex.org/W3199780193
https://openalex.org/W3212641966
https://openalex.org/W3212789777
https://openalex.org/W3213486413
https://openalex.org/W3216121399
https://openalex.org/W3216531690
https://openalex.org/W322449137
https://openalex.org/W4200381262
https://openalex.org/W4205151070
https://openalex.org/W4205301210
https://openalex.org/W4205452488
https://openalex.org/W4205575287
https://openalex.org/W4205716484
https://openalex.org/W4206030256
https://openalex.org/W4210331000
https://openalex.org/W4210368408
https://openalex.org/W4210476536
https://openalex.org/W4210719511
https://openalex.org/W4210851392
https://openalex.org/W4211047233
https://openalex.org/W4213061643
https://openalex.org/W4213101133
https://openalex.org/W4237638740
https://openalex.org/W4243820147
https://openalex.org/W4252087580
https://openalex.org/W4285344109
https://openalex.org/W4285450623
https://openalex.org/W4312271837
https://openalex.org/W4389446144
https://openalex.org/W4394170414
https://openalex.org/W4394374141
https://openalex.org/W4394438981
https://openalex.org/W136781842
https://openalex.org/W1986163037
https://openalex.org/W2010565497
https://openalex.org/W2061099251
https://openalex.org/W208146681
https://openalex.org/W2088012444
https://openalex.org/W2187088661
https://openalex.org/W2246452397
https://openalex.org/W2284492782
https://openalex.org/W2411515461
https://openalex.org/W2417485483
https://openalex.org/W2428846365
https://openalex.org/W2461305816
https://openalex.org/W2462614963
https://openalex.org/W2465955898
https://openalex.org/W2485287532
https://openalex.org/W2621890253
https://openalex.org/W2623675599
https://openalex.org/W2730935074
https://openalex.org/W2945113037
https://openalex.org/W2945136397
https://openalex.org/W2975096474
https://openalex.org/W2975652555
https://openalex.org/W3000095246
https://openalex.org/W4233705303
https://openalex.org/W4240777937
https://openalex.org/W4249824752
https://openalex.org/W4298703526
https://openalex.org/W4299355376
https://openalex.org/W569869542
https://openalex.org/W2085131041
https://openalex.org/W2404852690
https://openalex.org/W2416966752
https://openalex.org/W2471075032
https://openalex.org/W2780563658
https://openalex.org/W340104495
https://openalex.org/W82689416
https://openalex.org/W124582089
https://openalex.org/W1545102162
https://openalex.org/W1545275273
https://openalex.org/W1721186020
https://openalex.org/W2003268769
https://openalex.org/W2050108973
https://openalex.org/W2123866345
https://openalex.org/W22421485
https://openalex.org/W2365478416
https://openalex.org/W2400279417
https://openalex.org/W2416605753
https://openalex.org/W2421151836
https://openalex.org/W2427612299
https://openalex.org/W2466410590
https://openalex.org/W2473162332
https://openalex.org/W2593800255
https://openalex.org/W2625359227
https://openalex.org/W2725222965
https://openalex.org/W2735383743
https://openalex.org/W2737602043
https://openalex.org/W2916238921
https://openalex.org/W3122305383
https://openalex.org/W777013641
https://openalex.org/W100863310
https://openalex.org/W1523606620
https://openalex.org/W1728184953
https://openalex.org/W1965504509
https://openalex.org/W1971875713
https://openalex.org/W1973390610
https://openalex.org/W1975822346
https://openalex.org/W1978168866
https://openalex.org/W1984029060
https://openalex.org/W1989336266
https://openalex.org/W1994445007
https://openalex.org/W1996328704
https://openalex.org/W2000752675
https://openalex.org/W2008761598
https://openalex.org/W2008878905
https://openalex.org/W2009242507
https://openalex.org/W2009996783
https://openalex.org/W2048380155
https://openalex.org/W2048918913
https://openalex.org/W2320511000
https://openalex.org/W2321680581
https://openalex.org/W2329919737
https://openalex.org/W2397314139
https://openalex.org/W2412397589
https://openalex.org/W2415277605
https://openalex.org/W2417900000
https://openalex.org/W2470667962
https://openalex.org/W2557385447
https://openalex.org/W2604142591
https://openalex.org/W2604249322
https://openalex.org/W2790243182
https://openalex.org/W2911744494
https://openalex.org/W2949581699
https://openalex.org/W2952864395
https://openalex.org/W2953033521
https://openalex.org/W2975854381
https://openalex.org/W2977191344
https://openalex.org/W2978716791
https://openalex.org/W3021357316
https://openalex.org/W3028563241
https://openalex.org/W34630624
https://openalex.org/W4230538348
https://openalex.org/W4231956856
https://openalex.org/W4236330849
https://openalex.org/W4242230858
https://openalex.org/W4253443580
https://openalex.org/W1649538643
https://openalex.org/W2001525574
https://openalex.org/W2003967906
https://openalex.org/W2009426535
https://openalex.org/W2297882994
https://openalex.org/W2313462280
https://openalex.org/W2319295552
https://openalex.org/W2365904668
https://openalex.org/W2394864810
https://openalex.org/W2395796484
https://openalex.org/W2406591804
https://openalex.org/W2410094325
https://openalex.org/W2410239685
https://openalex.org/W2412859775
https://openalex.org/W2413108919
https://openalex.org/W2416046086
https://openalex.org/W2417328295
https://openalex.org/W2424481815
https://openalex.org/W2465471053
https://openalex.org/W2466044447
https://openalex.org/W2593692888
https://openalex.org/W2604753236
https://openalex.org/W2604814533
https://openalex.org/W2606029402
https://openalex.org/W2606109157
https://openalex.org/W2949652685
https://openalex.org/W2951924019
https://openalex.org/W2952435657
https://openalex.org/W2952894341
https://openalex.org/W2952917795
https://openalex.org/W2952954463
https://openalex.org/W3194323752
https://openalex.org/W4235049796
https://openalex.org/W4251261555
https://openalex.org/W4252218478
https://openalex.org/W4300536911
https://openalex.org/W598078959
https://openalex.org/W646895189
https://openalex.org/W82874132
https://openalex.org/W953585254
https://openalex.org/W118482519
https://openalex.org/W1190573620
https://openalex.org/W1219689462
https://openalex.org/W131479750
https://openalex.org/W1408945515
https://openalex.org/W1457751661
https://openalex.org/W1579761320
https://openalex.org/W158704401
https://openalex.org/W1695835980
https://openalex.org/W1823345078
https://openalex.org/W1932603779
https://openalex.org/W1968246690
https://openalex.org/W1977413708
https://openalex.org/W1991820826
https://openalex.org/W1993314569
https://openalex.org/W2029105469
https://openalex.org/W2031709065
https://openalex.org/W2039067155
https://openalex.org/W2057188522
https://openalex.org/W2070132437
https://openalex.org/W2107463847
https://openalex.org/W2120715783
https://openalex.org/W2145315133
https://openalex.org/W2147220084
https://openalex.org/W2154242032
https://openalex.org/W2183024426
https://openalex.org/W2292929004
https://openalex.org/W2338306129
https://openalex.org/W2398427416
https://openalex.org/W2400265432
https://openalex.org/W2402270729
https://openalex.org/W2407127419
https://openalex.org/W2408508637
https://openalex.org/W2410012992
https://openalex.org/W2411138736
https://openalex.org/W2412695650
https://openalex.org/W2415988391
https://openalex.org/W2416225879
https://openalex.org/W2425246991
https://openalex.org/W2425819564
https://openalex.org/W2428458048
https://openalex.org/W2437233110
https://openalex.org/W2460391747
https://openalex.org/W2463081616
https://openalex.org/W2463428650
https://openalex.org/W2484283420
https://openalex.org/W2555757130
https://openalex.org/W2604868797
https://openalex.org/W2605721180
https://openalex.org/W2605733181
https://openalex.org/W2606351851
https://openalex.org/W2606828468
https://openalex.org/W2606978831
https://openalex.org/W2607096585
https://openalex.org/W2607360813
https://openalex.org/W2736172968
https://openalex.org/W2949316493
https://openalex.org/W2949470079
https://openalex.org/W2949586267
https://openalex.org/W2950415119
https://openalex.org/W2950735396
https://openalex.org/W2952097019
https://openalex.org/W2952372099
https://openalex.org/W2952506011
https://openalex.org/W2952644496
https://openalex.org/W2953070353
https://openalex.org/W3021623407
https://openalex.org/W3034737737
https://openalex.org/W3195354863
https://openalex.org/W3195711218
https://openalex.org/W3216864695
https://openalex.org/W349104915
https://openalex.org/W383023062
https://openalex.org/W4252337927
https://openalex.org/W586168851
https://openalex.org/W992849373
https://openalex.org/W2141111992
https://openalex.org/W2164392039
https://openalex.org/W1991686722
https://openalex.org/W2565433170
https://openalex.org/W2561881161
https://openalex.org/W2152939220
https://openalex.org/W2171925564
https://openalex.org/W2107008240
https://openalex.org/W2042342193
https://openalex.org/W2750838281
https://openalex.org/W2136325849
https://openalex.org/W2105167551
https://openalex.org/W2171556560
https://openalex.org/W2044237404
https://openalex.org/W1553036924
https://openalex.org/W1964416005
https://openalex.org/W2055553707
https://openalex.org/W2171838950
https://openalex.org/W1981621288
https://openalex.org/W2334399547
https://openalex.org/W2103649136
https://openalex.org/W2051864455
https://openalex.org/W3123322472
https://openalex.org/W2057911576
https://openalex.org/W3042308502
https://openalex.org/W2165460739
https://openalex.org/W2760972505
https://openalex.org/W1985103439
https://openalex.org/W3047302551
https://openalex.org/W2097099463
https://openalex.org/W1990840926
https://openalex.org/W1989347009
https://openalex.org/W2489432788
https://openalex.org/W1994469616
https://openalex.org/W2118112768
https://openalex.org/W2239518951
https://openalex.org/W1991500494
https://openalex.org/W1975317900
https://openalex.org/W2426992875
https://openalex.org/W1981638214
https://openalex.org/W2111536363
https://openalex.org/W2143350483
https://openalex.org/W2105822909
https://openalex.org/W2884656465
https://openalex.org/W2922528121
https://openalex.org/W2155620154
https://openalex.org/W3033968144
https://openalex.org/W1983487843
https://openalex.org/W3197096433
https://openalex.org/W2137277521
https://openalex.org/W2809135251
https://openalex.org/W2015961398
https://openalex.org/W2015992070
https://openalex.org/W2158343397
https://openalex.org/W2126336004
https://openalex.org/W2044487970
https://openalex.org/W2097780447
https://openalex.org/W2099538769
https://openalex.org/W4365786879
https://openalex.org/W2549620114
https://openalex.org/W2051657721
https://openalex.org/W2126284284
https://openalex.org/W2921978320
https://openalex.org/W2138854899
https://openalex.org/W1991904374
https://openalex.org/W2809860772
https://openalex.org/W2774037113
https://openalex.org/W2783943799
https://openalex.org/W1481663166
https://openalex.org/W2031102033
https://openalex.org/W2108780874
https://openalex.org/W2580985500
https://openalex.org/W2792505836
https://openalex.org/W2775695442
https://openalex.org/W2772500824
https://openalex.org/W2764110357
https://openalex.org/W2734442974
https://openalex.org/W2966549733
https://openalex.org/W2970233240
https://openalex.org/W3101876475
https://openalex.org/W2968485766
https://openalex.org/W3092316673
https://openalex.org/W3082437287
https://openalex.org/W4221013526
https://openalex.org/W3159498050
https://openalex.org/W4295921704
https://openalex.org/W3198774415
https://openalex.org/W4224120095
https://openalex.org/W4200514971
https://openalex.org/W2075963617
https://openalex.org/W1988602971
https://openalex.org/W2126701807
https://openalex.org/W1968168664
https://openalex.org/W1989848313
https://openalex.org/W1964111698
https://openalex.org/W2020134202
https://openalex.org/W2036140250
https://openalex.org/W2116547716
https://openalex.org/W1991450386
https://openalex.org/W2051880714
https://openalex.org/W2149241174
https://openalex.org/W2062323384
https://openalex.org/W2113795250
https://openalex.org/W2006124126
https://openalex.org/W2047825227
https://openalex.org/W2074378372
https://openalex.org/W2020805568
https://openalex.org/W1997637133
https://openalex.org/W2098877229
https://openalex.org/W1978204470
https://openalex.org/W2135944439
https://openalex.org/W2110351884
https://openalex.org/W1496793881
https://openalex.org/W2034768112
https://openalex.org/W2133489776
https://openalex.org/W2074363095
https://openalex.org/W2085733765
https://openalex.org/W2027515257
https://openalex.org/W2051212088
https://openalex.org/W328988336
https://openalex.org/W2080324970
https://openalex.org/W2031921792
https://openalex.org/W2149345837
https://openalex.org/W2106649915
https://openalex.org/W2042688875
https://openalex.org/W2095839641
https://openalex.org/W2083195175
https://openalex.org/W2168249225
https://openalex.org/W4210451846
https://openalex.org/W1979891829
https://openalex.org/W2017895008
https://openalex.org/W1506310174
https://openalex.org/W2081302185
https://openalex.org/W2046747415
https://openalex.org/W1633357735
https://openalex.org/W2098287800
https://openalex.org/W2163592552
https://openalex.org/W2019140628
https://openalex.org/W2134790481
https://openalex.org/W1990800602
https://openalex.org/W2178249955
https://openalex.org/W2527798550
https://openalex.org/W2897923935
https://openalex.org/W2105735042
https://openalex.org/W2905522261
https://openalex.org/W2045605305
https://openalex.org/W2067472354
https://openalex.org/W1977439519
https://openalex.org/W2020505779
https://openalex.org/W2000730414
https://openalex.org/W1771931246
https://openalex.org/W2025663730
https://openalex.org/W2625240451
https://openalex.org/W2972591640
https://openalex.org/W1980830791
https://openalex.org/W2133499388
https://openalex.org/W2026342526
https://openalex.org/W2902312348
https://openalex.org/W3096310943
https://openalex.org/W2309609927
https://openalex.org/W2968798941
https://openalex.org/W2970657297
https://openalex.org/W2981275313
https://openalex.org/W1994988658
https://openalex.org/W2077951757
https://openalex.org/W2012443490
https://openalex.org/W2603970817
https://openalex.org/W1487315310
https://openalex.org/W1559965501
https://openalex.org/W2790744750
https://openalex.org/W2104188690
https://openalex.org/W3045030255
https://openalex.org/W2081402562
https://openalex.org/W2159574625
https://openalex.org/W1497872038
https://openalex.org/W2768667232
https://openalex.org/W2951938325
https://openalex.org/W1737071184
https://openalex.org/W2384939669
https://openalex.org/W2676402492
https://openalex.org/W2810859406
https://openalex.org/W2989833866
https://openalex.org/W2476223773
https://openalex.org/W2912026765
https://openalex.org/W3096918369
https://openalex.org/W2515189570
https://openalex.org/W2751592494
https://openalex.org/W2900678139
https://openalex.org/W2911378264
https://openalex.org/W3083844715
https://openalex.org/W2952514272
https://openalex.org/W2976387276
https://openalex.org/W2979930371
https://openalex.org/W3005592800
https://openalex.org/W3180418879
https://openalex.org/W3153152368
https://openalex.org/W3165813453
https://openalex.org/W4229460259
https://openalex.org/W4288075260
https://openalex.org/W4214570861
https://openalex.org/W4220879604
https://openalex.org/W4284992850
https://openalex.org/W4366083870
https://openalex.org/W4320892170
https://openalex.org/W4381612166
https://openalex.org/W4388410287
https://openalex.org/W4317467383
https://openalex.org/W4387728871
https://openalex.org/W2087135471
https://openalex.org/W1486248177
https://openalex.org/W2094812481
https://openalex.org/W1914444904
https://openalex.org/W2317674375
https://openalex.org/W2055963891
https://openalex.org/W2138582617
https://openalex.org/W2019568999
https://openalex.org/W1897519039
https://openalex.org/W2007249961
https://openalex.org/W2167351010
https://openalex.org/W1596062304
https://openalex.org/W1973641691
https://openalex.org/W2420859713
https://openalex.org/W1967936457
https://openalex.org/W2033284165
https://openalex.org/W2053312690
https://openalex.org/W1540979859
https://openalex.org/W2069949136
https://openalex.org/W2091390560
https://openalex.org/W1970020560
https://openalex.org/W2108972940
https://openalex.org/W1970792337
https://openalex.org/W1982328890
https://openalex.org/W2015700350
https://openalex.org/W2007011638
https://openalex.org/W2156308848
https://openalex.org/W2050914686
https://openalex.org/W1977137008
https://openalex.org/W1898468803
https://openalex.org/W2016199379
https://openalex.org/W1987881767
https://openalex.org/W1975813851
https://openalex.org/W1599526652
https://openalex.org/W2009581025
https://openalex.org/W1982303250
https://openalex.org/W2038394417
https://openalex.org/W1990771063
https://openalex.org/W2094547689
https://openalex.org/W1996696298
https://openalex.org/W2084519903
https://openalex.org/W2131771858
https://openalex.org/W1591972815
https://openalex.org/W2102193358
https://openalex.org/W2118525500
https://openalex.org/W2039944702
https://openalex.org/W2029980617
https://openalex.org/W2159504684
https://openalex.org/W2072819502
https://openalex.org/W2035259832
https://openalex.org/W2742767984
https://openalex.org/W2103062454
https://openalex.org/W2088910494
https://openalex.org/W2140090656
https://openalex.org/W2411601675
https://openalex.org/W2622167936
https://openalex.org/W2088272307
https://openalex.org/W2111603981
https://openalex.org/W2536270360
https://openalex.org/W2015017961
https://openalex.org/W2141732486
https://openalex.org/W2286964023
https://openalex.org/W2585648634
https://openalex.org/W2763434876
https://openalex.org/W2888554859
https://openalex.org/W1966804772
https://openalex.org/W2041727352
https://openalex.org/W1779617619
https://openalex.org/W2738183117
https://openalex.org/W2751491172
https://openalex.org/W2520022949
https://openalex.org/W1966707270
https://openalex.org/W1971628354
https://openalex.org/W1981016924
https://openalex.org/W2117212437
https://openalex.org/W2740250653
https://openalex.org/W1718676046
https://openalex.org/W2115514982
https://openalex.org/W2165289082
https://openalex.org/W2888532209
https://openalex.org/W2784795832
https://openalex.org/W2919746350
https://openalex.org/W2273881087
https://openalex.org/W2474599295
https://openalex.org/W2766445209
https://openalex.org/W2508059462
https://openalex.org/W2923945096
https://openalex.org/W2902981003
https://openalex.org/W1596275947
https://openalex.org/W2825570865
https://openalex.org/W2888771238
https://openalex.org/W2796007901
https://openalex.org/W3105290805
https://openalex.org/W2972291767
https://openalex.org/W3032729016
https://openalex.org/W3098277650
https://openalex.org/W3153865734
https://openalex.org/W3135655574
https://openalex.org/W4214870539
https://openalex.org/W4205824270
https://openalex.org/W4220692570
https://openalex.org/W4213002209
https://openalex.org/W4213168749
https://openalex.org/W4309773953
https://openalex.org/W4317888657
https://openalex.org/W4388793164
https://openalex.org/W4389513887
https://openalex.org/W4389640294
https://openalex.org/W4390594818
https://openalex.org/W4391046539
https://openalex.org/W4391474169
https://openalex.org/W4392809406
https://openalex.org/W1974377120
https://openalex.org/W2003870691
https://openalex.org/W4242064118
https://openalex.org/W2092147212
https://openalex.org/W2151794882
https://openalex.org/W1992984855
https://openalex.org/W2061232682
https://openalex.org/W2088154210
https://openalex.org/W2032149567
https://openalex.org/W2133108957
https://openalex.org/W1993176467
https://openalex.org/W2040704697
https://openalex.org/W2097341980
https://openalex.org/W2101770350
https://openalex.org/W2969855747
https://openalex.org/W4235019084
https://openalex.org/W2122745354
https://openalex.org/W3027096108
https://openalex.org/W2014749158
https://openalex.org/W2109069167
https://openalex.org/W1967027976
https://openalex.org/W2033257426
https://openalex.org/W2127540182
https://openalex.org/W2435381475
https://openalex.org/W2075259116
https://openalex.org/W2356018545
https://openalex.org/W2015863139
https://openalex.org/W1992642861
https://openalex.org/W2013862833
https://openalex.org/W2132691011
https://openalex.org/W2009353184
https://openalex.org/W2048305682
https://openalex.org/W2112631943
https://openalex.org/W2018222646
https://openalex.org/W2045175212
https://openalex.org/W2156975213
https://openalex.org/W2064137443
https://openalex.org/W2142454276
https://openalex.org/W2047019215
https://openalex.org/W2080032638
https://openalex.org/W2339850886
https://openalex.org/W2025321969
https://openalex.org/W2028011547
https://openalex.org/W2037590932
https://openalex.org/W2169799142
https://openalex.org/W2121773128
https://openalex.org/W2051789917
https://openalex.org/W2145610187
https://openalex.org/W2000408363
https://openalex.org/W2163799355
https://openalex.org/W2084733290
https://openalex.org/W2065724608
https://openalex.org/W2333112814
https://openalex.org/W2076996711
https://openalex.org/W2132142991
https://openalex.org/W2170847042
https://openalex.org/W2124644871
https://openalex.org/W2150606035
https://openalex.org/W121754072
https://openalex.org/W2002104428
https://openalex.org/W2166960130
https://openalex.org/W2885698332
https://openalex.org/W1973630094
https://openalex.org/W1978359035
https://openalex.org/W2067862197
https://openalex.org/W2332640964
https://openalex.org/W1867586965
https://openalex.org/W2607318287
https://openalex.org/W2144965760
https://openalex.org/W2274593405
https://openalex.org/W2133739687
https://openalex.org/W2229097543
https://openalex.org/W2091478305
https://openalex.org/W2169035500
https://openalex.org/W2026816361
https://openalex.org/W2749929451
https://openalex.org/W2791535469
https://openalex.org/W2121646577
https://openalex.org/W2165503974
https://openalex.org/W2299531983
https://openalex.org/W2518241968
https://openalex.org/W2519669391
https://openalex.org/W2615987098
https://openalex.org/W2783366107
https://openalex.org/W2889214655
https://openalex.org/W2915928848
https://openalex.org/W2948881759
https://openalex.org/W2972337999
https://openalex.org/W2777843317
https://openalex.org/W2808094593
https://openalex.org/W2475260219
https://openalex.org/W2590330147
https://openalex.org/W2643194357
https://openalex.org/W2884801548
https://openalex.org/W2932731776
https://openalex.org/W2971548369
https://openalex.org/W2972352503
https://openalex.org/W2937297433
https://openalex.org/W2958862454
https://openalex.org/W3033514603
https://openalex.org/W3016041195
https://openalex.org/W2909883098
https://openalex.org/W2910810617
https://openalex.org/W3006182174
https://openalex.org/W2986679346
https://openalex.org/W3005936369
https://openalex.org/W3119368501
https://openalex.org/W3182079070
https://openalex.org/W3116559136
https://openalex.org/W3126449714
https://openalex.org/W4210610143
https://openalex.org/W4361205629
https://openalex.org/W4385336444
https://openalex.org/W4385950915
https://openalex.org/W4386864888
https://openalex.org/W4315650900
https://openalex.org/W4362633869
https://openalex.org/W4367845772
https://openalex.org/W4379113663
https://openalex.org/W2138469563
https://openalex.org/W1512881640
https://openalex.org/W1967726614
https://openalex.org/W2025340650
https://openalex.org/W2073699180
https://openalex.org/W2093842984
https://openalex.org/W2024404830
https://openalex.org/W2093637793
https://openalex.org/W2101970528
https://openalex.org/W1969844138
https://openalex.org/W2166584384
https://openalex.org/W1998934771
https://openalex.org/W2148942983
https://openalex.org/W2000610951
https://openalex.org/W2021719585
https://openalex.org/W2050420734
https://openalex.org/W2066221002
https://openalex.org/W2084284866
https://openalex.org/W2134843226
https://openalex.org/W2136399644
https://openalex.org/W2067308906
https://openalex.org/W1894518091
https://openalex.org/W2065704096
https://openalex.org/W2140989397
https://openalex.org/W1976081670
https://openalex.org/W2060064235
https://openalex.org/W2076797227
https://openalex.org/W1547561837
https://openalex.org/W2039382551
https://openalex.org/W2036965238
https://openalex.org/W2121131686
https://openalex.org/W1971040898
https://openalex.org/W2079916071
https://openalex.org/W2468363471
https://openalex.org/W195410184
https://openalex.org/W2077092163
https://openalex.org/W1974647001
https://openalex.org/W2034097266
https://openalex.org/W2107055242
https://openalex.org/W2321416782
https://openalex.org/W2107409113
https://openalex.org/W1983825298
https://openalex.org/W2067843472
https://openalex.org/W1973291421
https://openalex.org/W1537028966
https://openalex.org/W2144759624
https://openalex.org/W2328173419
https://openalex.org/W1999603146
https://openalex.org/W2005188888
https://openalex.org/W2082461077
https://openalex.org/W2095967674
https://openalex.org/W2149292237
https://openalex.org/W1970153607
https://openalex.org/W2103079622
https://openalex.org/W2113155305
https://openalex.org/W2138817988
https://openalex.org/W1985362822
https://openalex.org/W2008737643
https://openalex.org/W1557516193
https://openalex.org/W2073091727
https://openalex.org/W2120675991
https://openalex.org/W2322420799
https://openalex.org/W2767469363
https://openalex.org/W2019801756
https://openalex.org/W2114641119
https://openalex.org/W2561363263
https://openalex.org/W1154569583
https://openalex.org/W1966012601
https://openalex.org/W2144522344
https://openalex.org/W2125786539
https://openalex.org/W2165458294
https://openalex.org/W2284364653
https://openalex.org/W2324054151
https://openalex.org/W2794715410
https://openalex.org/W2291876308
https://openalex.org/W2518843731
https://openalex.org/W2603861597
https://openalex.org/W2737810138
https://openalex.org/W2564898802
https://openalex.org/W2744434518
https://openalex.org/W2754671724
https://openalex.org/W2898973706
https://openalex.org/W2948004832
https://openalex.org/W2784424139
https://openalex.org/W2901590794
https://openalex.org/W2942596752
https://openalex.org/W2978676870
https://openalex.org/W3017011217
https://openalex.org/W3044694542
https://openalex.org/W2995477795
https://openalex.org/W3009977447
https://openalex.org/W3096257796
https://openalex.org/W3136330498
https://openalex.org/W3161572020
https://openalex.org/W3194186015
https://openalex.org/W3123213394
https://openalex.org/W3149987546
https://openalex.org/W3161802057
https://openalex.org/W4211211948
https://openalex.org/W4280564088
https://openalex.org/W4293499501
https://openalex.org/W4294011802
https://openalex.org/W4297516166
https://openalex.org/W4312019036
https://openalex.org/W4310726092
https://openalex.org/W4313318776
https://openalex.org/W4361274054
https://openalex.org/W4367306576
https://openalex.org/W4380244239
https://openalex.org/W4385442164
https://openalex.org/W4385808054
https://openalex.org/W4388851280
https://openalex.org/W1996956804
https://openalex.org/W2069292464
https://openalex.org/W2604143540
https://openalex.org/W1991982976
https://openalex.org/W2052799153
https://openalex.org/W2066728727
https://openalex.org/W2154852917
https://openalex.org/W162520156
https://openalex.org/W1605833654
https://openalex.org/W2099104454
https://openalex.org/W3154196951
https://openalex.org/W2125792276
https://openalex.org/W1975044964
https://openalex.org/W2059777677
https://openalex.org/W2089903947
https://openalex.org/W2022421213
https://openalex.org/W2068343473
https://openalex.org/W2107370480
https://openalex.org/W2027462532
https://openalex.org/W2030932970
https://openalex.org/W2067141477
https://openalex.org/W2002896714
https://openalex.org/W2080430730
https://openalex.org/W2148997435
https://openalex.org/W2068183958
https://openalex.org/W2092323538
https://openalex.org/W2278807704
https://openalex.org/W1998975866
https://openalex.org/W2059208857
https://openalex.org/W2055449953
https://openalex.org/W1999365734
https://openalex.org/W1980983973
https://openalex.org/W2096637594
https://openalex.org/W2065883773
https://openalex.org/W2103674674
https://openalex.org/W2047287022
https://openalex.org/W2141980831
https://openalex.org/W2155462073
https://openalex.org/W1973166439
https://openalex.org/W2035356466
https://openalex.org/W2042621296
https://openalex.org/W2107554762
https://openalex.org/W2054855899
https://openalex.org/W2171935343
https://openalex.org/W4243769812
https://openalex.org/W2068140463
https://openalex.org/W1963874631
https://openalex.org/W2028154001
https://openalex.org/W2002974544
https://openalex.org/W2042354929
https://openalex.org/W2117263214
https://openalex.org/W2049118438
https://openalex.org/W1515191881
https://openalex.org/W2103455183
https://openalex.org/W2133098467
https://openalex.org/W2233020852
https://openalex.org/W821952078
https://openalex.org/W1728507743
https://openalex.org/W2065316763
https://openalex.org/W1997485962
https://openalex.org/W2783507077
https://openalex.org/W2793313601
https://openalex.org/W1500151738
https://openalex.org/W1839090059
https://openalex.org/W2067129475
https://openalex.org/W2146358716
https://openalex.org/W2214749743
https://openalex.org/W2292513266
https://openalex.org/W2346339079
https://openalex.org/W2514872468
https://openalex.org/W2530719790
https://openalex.org/W2752032640
https://openalex.org/W2211637054
https://openalex.org/W2322639444
https://openalex.org/W2564359603
https://openalex.org/W2796155845
https://openalex.org/W2899645014
https://openalex.org/W2438280594
https://openalex.org/W2800722771
https://openalex.org/W2904855469
https://openalex.org/W2946613096
https://openalex.org/W2964351936
https://openalex.org/W2497741525
https://openalex.org/W2790755072
https://openalex.org/W2899704941
https://openalex.org/W2928698079
https://openalex.org/W2927966619
https://openalex.org/W3004998798
https://openalex.org/W3005814101
https://openalex.org/W3012231259
https://openalex.org/W3037827247
https://openalex.org/W3042547337
https://openalex.org/W3038009096
https://openalex.org/W2999069160
https://openalex.org/W3111826052
https://openalex.org/W3016064892
https://openalex.org/W3119204179
https://openalex.org/W3213121456
https://openalex.org/W3089201849
https://openalex.org/W3136523831
https://openalex.org/W3164277477
https://openalex.org/W3210593694
https://openalex.org/W4309027882
https://openalex.org/W4318449093
https://openalex.org/W4372311950
https://openalex.org/W2009650722
https://openalex.org/W2091479147
https://openalex.org/W1513279729
https://openalex.org/W1998940148
https://openalex.org/W2052972408
https://openalex.org/W2101857219
https://openalex.org/W2054259922
https://openalex.org/W2114602444
https://openalex.org/W1966703115
https://openalex.org/W1971974972
https://openalex.org/W2049519291
https://openalex.org/W2167035059
https://openalex.org/W2123988910
https://openalex.org/W2170526927
https://openalex.org/W1971163897
https://openalex.org/W2115416566
https://openalex.org/W2033184472
https://openalex.org/W2115654850
https://openalex.org/W1991057965
https://openalex.org/W1994056238
https://openalex.org/W2093911537
https://openalex.org/W2054682966
https://openalex.org/W1975806716
https://openalex.org/W2030942566
https://openalex.org/W2166740694
https://openalex.org/W2150640653
https://openalex.org/W2337773518
https://openalex.org/W2092856695
https://openalex.org/W2106880077
https://openalex.org/W2144658213
https://openalex.org/W2337447794
https://openalex.org/W2092623651
https://openalex.org/W1931915117
https://openalex.org/W1989129562
https://openalex.org/W1975597600
https://openalex.org/W2118560383
https://openalex.org/W1991697561
https://openalex.org/W2042051467
https://openalex.org/W1971243320
https://openalex.org/W1996331081
https://openalex.org/W2094729716
https://openalex.org/W2042801895
https://openalex.org/W2107456947
https://openalex.org/W2140333263
https://openalex.org/W3163053144
https://openalex.org/W2056034848
https://openalex.org/W2035071069
https://openalex.org/W2175142598
https://openalex.org/W2402010272
https://openalex.org/W2014028000
https://openalex.org/W2115640128
https://openalex.org/W2117983533
https://openalex.org/W2562482197
https://openalex.org/W2913937157
https://openalex.org/W2015038639
https://openalex.org/W2134289983
https://openalex.org/W2310468153
https://openalex.org/W2588924771
https://openalex.org/W2614999524
https://openalex.org/W2800707383
https://openalex.org/W2024982735
https://openalex.org/W2299961317
https://openalex.org/W2338403687
https://openalex.org/W2538876513
https://openalex.org/W2586738150
https://openalex.org/W2762614458
https://openalex.org/W2783551928
https://openalex.org/W2804843493
https://openalex.org/W2938794264
https://openalex.org/W2400814627
https://openalex.org/W2563164538
https://openalex.org/W2950113152
https://openalex.org/W3031535657
https://openalex.org/W3002266724
https://openalex.org/W3016011017
https://openalex.org/W3030709231
https://openalex.org/W3088409781
https://openalex.org/W3118151207
https://openalex.org/W3188383479
https://openalex.org/W4200058513
https://openalex.org/W1996772824
https://openalex.org/W3127941606
https://openalex.org/W3158344218
https://openalex.org/W4210923119
https://openalex.org/W4221081999
https://openalex.org/W4229335276
https://openalex.org/W4285594169
https://openalex.org/W4309147781
https://openalex.org/W4225271177
https://openalex.org/W4294805024
https://openalex.org/W4304845523
https://openalex.org/W4315648171
https://openalex.org/W4320710272
https://openalex.org/W4382657431
https://openalex.org/W4384298071
https://openalex.org/W4385294960
https://openalex.org/W4385750900
https://openalex.org/W154622323
https://openalex.org/W2076163200
https://openalex.org/W217990710
https://openalex.org/W1894968893
https://openalex.org/W2013918863
https://openalex.org/W2015619724
https://openalex.org/W1992137541
https://openalex.org/W2164859497
https://openalex.org/W1998035198
https://openalex.org/W2003952906
https://openalex.org/W2122038170
https://openalex.org/W2149823381
https://openalex.org/W2004474735
https://openalex.org/W2009366069
https://openalex.org/W2013277553
https://openalex.org/W1921308118
https://openalex.org/W2090110054
https://openalex.org/W2113323916
https://openalex.org/W2157718822
https://openalex.org/W2032259454
https://openalex.org/W2413385054
https://openalex.org/W2052850276
https://openalex.org/W2094993935
https://openalex.org/W1991262421
https://openalex.org/W2107144796
https://openalex.org/W1967157841
https://openalex.org/W2113864473
https://openalex.org/W2113048948
https://openalex.org/W2045986063
https://openalex.org/W1999983722
https://openalex.org/W2071305390
https://openalex.org/W2111360742
https://openalex.org/W1981814547
https://openalex.org/W2050781120
https://openalex.org/W2077412307
https://openalex.org/W2185165293
https://openalex.org/W2916072966
https://openalex.org/W2004139271
https://openalex.org/W2034892378
https://openalex.org/W2037856849
https://openalex.org/W2144656917
https://openalex.org/W2185765737
https://openalex.org/W587726583
https://openalex.org/W1500814389
https://openalex.org/W1870991617
https://openalex.org/W2390253038
https://openalex.org/W2583210951
https://openalex.org/W2761948624
https://openalex.org/W2005010322
https://openalex.org/W2058484351
https://openalex.org/W2758740511
https://openalex.org/W2805218242
https://openalex.org/W2883137451
https://openalex.org/W4289462026
https://openalex.org/W221618059
https://openalex.org/W2310337733
https://openalex.org/W2316863738
https://openalex.org/W2514437884
https://openalex.org/W2554093327
https://openalex.org/W2617110463
https://openalex.org/W2751736380
https://openalex.org/W2885947280
https://openalex.org/W2199119939
https://openalex.org/W2765681041
https://openalex.org/W2906346344
https://openalex.org/W2909929501
https://openalex.org/W2941384778
https://openalex.org/W2963856575
https://openalex.org/W2963242961
https://openalex.org/W2981936448
https://openalex.org/W3009207197
https://openalex.org/W3084088673
https://openalex.org/W3096570760
https://openalex.org/W3021068384
https://openalex.org/W3047160535
https://openalex.org/W3093229742
https://openalex.org/W3092159964
https://openalex.org/W3169259638
https://openalex.org/W3208654729
https://openalex.org/W3136701550
https://openalex.org/W4200280969
https://openalex.org/W4309246154
https://openalex.org/W4385186573
https://openalex.org/W4387079079
https://openalex.org/W4388441578
https://openalex.org/W4389763942
https://openalex.org/W4389960132
https://openalex.org/W4390667127
https://openalex.org/W4390718067
https://openalex.org/W4390905776
https://openalex.org/W4390959968
https://openalex.org/W4391116468
https://openalex.org/W4391308570
https://openalex.org/W4391353423
https://openalex.org/W4391691410
https://openalex.org/W4391756944
https://openalex.org/W4391773178
https://openalex.org/W4391805494
https://openalex.org/W4392076952
https://openalex.org/W4392586554
https://openalex.org/W4392742307
https://openalex.org/W4392780014
https://openalex.org/W4392789133
https://openalex.org/W4392889347
https://openalex.org/W4392889401
https://openalex.org/W4392954680
https://openalex.org/W4393093302
https://openalex.org/W4393285246
https://openalex.org/W4393898855
https://openalex.org/W4394598038
https://openalex.org/W4394599287
https://openalex.org/W4394599310
https://openalex.org/W4394599980
https://openalex.org/W4394601267
https://openalex.org/W4394601413
https://openalex.org/W4394601622
https://openalex.org/W4394601815
https://openalex.org/W4394727873
https://openalex.org/W4394730192
https://openalex.org/W4394739558
https://openalex.org/W4394817523
https://openalex.org/W4394840860
https://openalex.org/W4394962458
https://openalex.org/W4394983898
https://openalex.org/W4395052473
https://openalex.org/W4395081316
https://openalex.org/W4395467343
https://openalex.org/W4395468887
https://openalex.org/W4395959493
https://openalex.org/W1198203117
https://openalex.org/W1993527254
https://openalex.org/W2102734872
https://openalex.org/W2004657767
https://openalex.org/W2041096676
https://openalex.org/W2166301133
https://openalex.org/W1489588367
https://openalex.org/W2111102480
https://openalex.org/W2011108016
https://openalex.org/W2041213751
https://openalex.org/W2193804668
https://openalex.org/W1969056699
https://openalex.org/W1824887999
https://openalex.org/W1979789315
https://openalex.org/W2026443585
https://openalex.org/W2055327158
https://openalex.org/W1964605797
https://openalex.org/W2052179080
https://openalex.org/W2076322837
https://openalex.org/W2081880871
https://openalex.org/W2410152555
https://openalex.org/W2008921463
https://openalex.org/W2083073465
https://openalex.org/W2153417324
https://openalex.org/W2030869715
https://openalex.org/W2094520062
https://openalex.org/W2052786703
https://openalex.org/W2007358538
https://openalex.org/W2053066219
https://openalex.org/W1998935669
https://openalex.org/W2166862035
https://openalex.org/W1978080013
https://openalex.org/W1996963540
https://openalex.org/W2166977067
https://openalex.org/W2143953168
https://openalex.org/W2116451501
https://openalex.org/W1996208037
https://openalex.org/W2056587092
https://openalex.org/W2060061261
https://openalex.org/W2112010587
https://openalex.org/W414452882
https://openalex.org/W1202790605
https://openalex.org/W2313881069
https://openalex.org/W1494580937
https://openalex.org/W2037707931
https://openalex.org/W2084210213
https://openalex.org/W2111806351
https://openalex.org/W2176042294
https://openalex.org/W2740663730
https://openalex.org/W2800776367
https://openalex.org/W2587926608
https://openalex.org/W2786584201
https://openalex.org/W2804323832
https://openalex.org/W2807980863
https://openalex.org/W2889663395
https://openalex.org/W2914168573
https://openalex.org/W2935684111
https://openalex.org/W2944747257
https://openalex.org/W2922200865
https://openalex.org/W2944059493
https://openalex.org/W2954377420
https://openalex.org/W3083521980
https://openalex.org/W3094378861
https://openalex.org/W3113390140
https://openalex.org/W3171166538
https://openalex.org/W3205925477
https://openalex.org/W4310846094
https://openalex.org/W4327682573
https://openalex.org/W4367321932
https://openalex.org/W4381848285
https://openalex.org/W4386386479
https://openalex.org/W4386592575
https://openalex.org/W4388013855
https://openalex.org/W4388047647
https://openalex.org/W4388627494
https://openalex.org/W1969849740
https://openalex.org/W2005674378
https://openalex.org/W2064412867
https://openalex.org/W2315059289
https://openalex.org/W2000866453
https://openalex.org/W2039342324
https://openalex.org/W2158454115
https://openalex.org/W2088309950
https://openalex.org/W1597801469
https://openalex.org/W2099181625
https://openalex.org/W2114852835
https://openalex.org/W2074062463
https://openalex.org/W2130459777
https://openalex.org/W4239335846
https://openalex.org/W2045374954
https://openalex.org/W2091539776
https://openalex.org/W200820560
https://openalex.org/W2136493188
https://openalex.org/W2141481073
https://openalex.org/W2331863120
https://openalex.org/W1488403038
https://openalex.org/W1986974902
https://openalex.org/W2092526593
https://openalex.org/W2336126953
https://openalex.org/W1973394201
https://openalex.org/W2140855351
https://openalex.org/W2046568822
https://openalex.org/W4241294163
https://openalex.org/W1514782666
https://openalex.org/W1686672177
https://openalex.org/W2066882516
https://openalex.org/W1531820045
https://openalex.org/W1973704190
https://openalex.org/W1991544653
https://openalex.org/W2011046075
https://openalex.org/W2020769861
https://openalex.org/W2144344594
https://openalex.org/W2027487303
https://openalex.org/W2077335718
https://openalex.org/W2136960984
https://openalex.org/W2808032078
https://openalex.org/W1158823910
https://openalex.org/W2042654486
https://openalex.org/W2055327886
https://openalex.org/W2105766280
https://openalex.org/W2312314135
https://openalex.org/W2340698775
https://openalex.org/W2440442272
https://openalex.org/W2759617813
https://openalex.org/W2780807438
https://openalex.org/W2792281014
https://openalex.org/W2793439531
https://openalex.org/W2811444863
https://openalex.org/W2400218925
https://openalex.org/W2954923982
https://openalex.org/W2988262625
https://openalex.org/W3013395617
https://openalex.org/W2997005173
https://openalex.org/W3129818733
https://openalex.org/W3160849445
https://openalex.org/W3169537501
https://openalex.org/W3179729312
https://openalex.org/W3201416925
https://openalex.org/W4200108585
https://openalex.org/W4206953592
https://openalex.org/W4210526730
https://openalex.org/W4221056984
https://openalex.org/W4225313342
https://openalex.org/W4285097970
https://openalex.org/W4306651802
https://openalex.org/W2134798003
https://openalex.org/W642958642
https://openalex.org/W2033238533
https://openalex.org/W2076561160
https://openalex.org/W1877228063
https://openalex.org/W2058869281
https://openalex.org/W2170580194
https://openalex.org/W1800591305
https://openalex.org/W1956426030
https://openalex.org/W2032438252
https://openalex.org/W2950655761
https://openalex.org/W99543008
https://openalex.org/W2074110119
https://openalex.org/W2056804478
https://openalex.org/W2163438505
https://openalex.org/W1987456486
https://openalex.org/W2086098827
https://openalex.org/W2066050136
https://openalex.org/W2169654797
https://openalex.org/W2009769800
https://openalex.org/W1996892396
https://openalex.org/W2067603353
https://openalex.org/W2139639280
https://openalex.org/W2322145150
https://openalex.org/W2006283398
https://openalex.org/W2140793645
https://openalex.org/W1490953311
https://openalex.org/W2117984107
https://openalex.org/W2133049305
https://openalex.org/W2006128346
https://openalex.org/W2056703911
https://openalex.org/W2079517635
https://openalex.org/W2106453520
https://openalex.org/W2118137576
https://openalex.org/W1531157147
https://openalex.org/W1979563106
https://openalex.org/W1987256604
https://openalex.org/W1987610319
https://openalex.org/W2029242070
https://openalex.org/W2136557035
https://openalex.org/W2336363778
https://openalex.org/W2795061662
https://openalex.org/W2802078422
https://openalex.org/W2895984876
https://openalex.org/W3130948550
https://openalex.org/W2001570031
https://openalex.org/W2186909203
https://openalex.org/W2326423512
https://openalex.org/W2333343388
https://openalex.org/W2526258638
https://openalex.org/W2585080278
https://openalex.org/W2916715270
https://openalex.org/W2924621917
https://openalex.org/W2944868907
https://openalex.org/W2954766060
https://openalex.org/W2975238425
https://openalex.org/W2998098479
https://openalex.org/W2309154060
https://openalex.org/W2903001214
https://openalex.org/W2944661553
https://openalex.org/W2947112942
https://openalex.org/W4235461354
https://openalex.org/W3003273881
https://openalex.org/W3023498304
https://openalex.org/W3033743882
https://openalex.org/W3038049691
https://openalex.org/W3045451334
https://openalex.org/W3136287523
https://openalex.org/W3137213360
https://openalex.org/W3144998354
https://openalex.org/W3147300698
https://openalex.org/W3190619103
https://openalex.org/W3208256416
https://openalex.org/W3132757822
https://openalex.org/W4200403105
https://openalex.org/W4210992092
https://openalex.org/W4225287543
https://openalex.org/W4225416468
https://openalex.org/W4281745384
https://openalex.org/W4285587144
https://openalex.org/W4285798725
https://openalex.org/W4292018181
https://openalex.org/W4310578839
https://openalex.org/W4312121612
https://openalex.org/W1548815913
https://openalex.org/W1974284666
https://openalex.org/W2061924427
https://openalex.org/W2143306440
https://openalex.org/W2005211701
https://openalex.org/W2110582681
https://openalex.org/W2400823926
https://openalex.org/W1942064352
https://openalex.org/W1996830583
https://openalex.org/W2006810082
https://openalex.org/W157954461
https://openalex.org/W2002793264
https://openalex.org/W2020114146
https://openalex.org/W42591050
https://openalex.org/W1894446002
https://openalex.org/W2005514326
https://openalex.org/W2013647455
https://openalex.org/W2019473067
https://openalex.org/W2130788511
https://openalex.org/W2341416220
https://openalex.org/W2022107865
https://openalex.org/W2017813891
https://openalex.org/W2039961961
https://openalex.org/W2042044196
https://openalex.org/W2133326068
https://openalex.org/W1974037626
https://openalex.org/W2023787180
https://openalex.org/W2107704679
https://openalex.org/W2127849668
https://openalex.org/W1985293845
https://openalex.org/W1997343343
https://openalex.org/W1991292763
https://openalex.org/W2013130782
https://openalex.org/W2019201215
https://openalex.org/W2061254597
https://openalex.org/W2090912486
https://openalex.org/W2126569412
https://openalex.org/W2128135667
https://openalex.org/W2169155838
https://openalex.org/W1579754798
https://openalex.org/W2078366726
https://openalex.org/W2136150092
https://openalex.org/W2140759605
https://openalex.org/W2152559074
https://openalex.org/W2592393182
https://openalex.org/W2757028865
https://openalex.org/W2771301566
https://openalex.org/W2792775022
https://openalex.org/W2793542401
https://openalex.org/W2891989070
https://openalex.org/W1973841073
https://openalex.org/W2012626877
https://openalex.org/W2602755913
https://openalex.org/W2603168421
https://openalex.org/W2790614707
https://openalex.org/W2796370874
https://openalex.org/W2910251040
https://openalex.org/W2921279556
https://openalex.org/W2939895636
https://openalex.org/W2532192653
https://openalex.org/W2549903100
https://openalex.org/W2993527903
https://openalex.org/W3011026730
https://openalex.org/W3085810233
https://openalex.org/W3091832666
https://openalex.org/W3109970613
https://openalex.org/W3126001838
https://openalex.org/W3134307764
https://openalex.org/W1973188389
https://openalex.org/W2034163528
https://openalex.org/W2496216962
https://openalex.org/W1995387404
https://openalex.org/W2010753201
https://openalex.org/W2023456891
https://openalex.org/W2047628008
https://openalex.org/W2093863143
https://openalex.org/W171191146
https://openalex.org/W2097204801
https://openalex.org/W1992345065
https://openalex.org/W2083024784
https://openalex.org/W2094125793
https://openalex.org/W2506838489
https://openalex.org/W1911408605
https://openalex.org/W2069196556
https://openalex.org/W2412496141
https://openalex.org/W1977895359
https://openalex.org/W2015136141
https://openalex.org/W2023344389
https://openalex.org/W2071641375
https://openalex.org/W1988744505
https://openalex.org/W2036880774
https://openalex.org/W2050247893
https://openalex.org/W2080734100
https://openalex.org/W2063482838
https://openalex.org/W2071943827
https://openalex.org/W2072024395
https://openalex.org/W2092379378
https://openalex.org/W2106298007
https://openalex.org/W2075127147
https://openalex.org/W2082049821
https://openalex.org/W2102454296
https://openalex.org/W2121718344
https://openalex.org/W2465397815
https://openalex.org/W2065697541
https://openalex.org/W2188221814
https://openalex.org/W4319053963
https://openalex.org/W2000347810
https://openalex.org/W2412349882
https://openalex.org/W2014534298
https://openalex.org/W2037170478
https://openalex.org/W2090680151
https://openalex.org/W2165087447
https://openalex.org/W1689631764
https://openalex.org/W1995022406
https://openalex.org/W2057311100
https://openalex.org/W2098191822
https://openalex.org/W1607632397
https://openalex.org/W1978421993
https://openalex.org/W1979821356
https://openalex.org/W2054656830
https://openalex.org/W2164556358
https://openalex.org/W2484719809
https://openalex.org/W2510563621
https://openalex.org/W2560605401
https://openalex.org/W2587458189
https://openalex.org/W2827847239
https://openalex.org/W2896292811
https://openalex.org/W2911256799
https://openalex.org/W2924543802
https://openalex.org/W2928678624
https://openalex.org/W2965285839
https://openalex.org/W2966447263
https://openalex.org/W2121641750
https://openalex.org/W2204596039
https://openalex.org/W2465708475
https://openalex.org/W2488833170
https://openalex.org/W2980341059
https://openalex.org/W2991652243
https://openalex.org/W2979924781
https://openalex.org/W3010983270
https://openalex.org/W3032168578
https://openalex.org/W3042742635
https://openalex.org/W3047912195
https://openalex.org/W3086883726
https://openalex.org/W3109634277
https://openalex.org/W2472922578
https://openalex.org/W3124806102
https://openalex.org/W3157798688
https://openalex.org/W3173504435
https://openalex.org/W3206826197
https://openalex.org/W3207151894
https://openalex.org/W4200538389
https://openalex.org/W4213194926
https://openalex.org/W4280596216
https://openalex.org/W4281572861
https://openalex.org/W4289711751
https://openalex.org/W4292513348
https://openalex.org/W4297497346
https://openalex.org/W4310704946
https://openalex.org/W4312065706
https://openalex.org/W4313430121
https://openalex.org/W4294631756
https://openalex.org/W4309665860
https://openalex.org/W4319337678
https://openalex.org/W4321497947
https://openalex.org/W4323294294
https://openalex.org/W4324020344
https://openalex.org/W4324324997
https://openalex.org/W4327918995
https://openalex.org/W4362657802
https://openalex.org/W4367051420
https://openalex.org/W4367296238
https://openalex.org/W4367304643
https://openalex.org/W4367304967
https://openalex.org/W4378070956
https://openalex.org/W4380369342
https://openalex.org/W4381190372
https://openalex.org/W4382364540
https://openalex.org/W4382934331
https://openalex.org/W4383066079
https://openalex.org/W4384157335
https://openalex.org/W4385060096
https://openalex.org/W4385186119
https://openalex.org/W4385443278
https://openalex.org/W4386054998
https://openalex.org/W4386950231
https://openalex.org/W4387241204
https://openalex.org/W4387341437
https://openalex.org/W4387345308
https://openalex.org/W4388035518
https://openalex.org/W4388679740
https://openalex.org/W1917686103
https://openalex.org/W1987557848
https://openalex.org/W2092473859
https://openalex.org/W1969257342
https://openalex.org/W1973442347
https://openalex.org/W2085590118
https://openalex.org/W1988592216
https://openalex.org/W2028599511
https://openalex.org/W2033616231
https://openalex.org/W155004821
https://openalex.org/W171025567
https://openalex.org/W1840504436
https://openalex.org/W1998287147
https://openalex.org/W2052759388
https://openalex.org/W2402641398
https://openalex.org/W75702303
https://openalex.org/W1967955639
https://openalex.org/W2024581949
https://openalex.org/W2140031873
https://openalex.org/W2522085409
https://openalex.org/W2096070917
https://openalex.org/W2005628295
https://openalex.org/W1999624737
https://openalex.org/W1964093142
https://openalex.org/W2027118073
https://openalex.org/W2083492812
https://openalex.org/W2089626753
https://openalex.org/W1987135017
https://openalex.org/W2040934649
https://openalex.org/W2061960273
https://openalex.org/W2083874246
https://openalex.org/W2005819959
https://openalex.org/W2094705483
https://openalex.org/W2333163064
https://openalex.org/W1983502771
https://openalex.org/W2000742526
https://openalex.org/W2076294368
https://openalex.org/W2322505667
https://openalex.org/W2353320552
https://openalex.org/W2779670315
https://openalex.org/W2883169588
https://openalex.org/W2887883471
https://openalex.org/W1496576035
https://openalex.org/W1930493477
https://openalex.org/W2097610367
https://openalex.org/W2151952568
https://openalex.org/W2154117261
https://openalex.org/W2170789732
https://openalex.org/W2411356911
https://openalex.org/W2566060518
https://openalex.org/W2620822271
https://openalex.org/W2659899024
https://openalex.org/W2915079830
https://openalex.org/W2957708851
https://openalex.org/W2967218577
https://openalex.org/W2967623128
https://openalex.org/W1964583726
https://openalex.org/W1965422635
https://openalex.org/W2109945128
https://openalex.org/W2156782145
https://openalex.org/W2019486837
https://openalex.org/W2039501568
https://openalex.org/W1975333335
https://openalex.org/W1982430325
https://openalex.org/W2089409047
https://openalex.org/W2094396680
https://openalex.org/W2404103752
https://openalex.org/W2024024344
https://openalex.org/W2028800582
https://openalex.org/W2079751600
https://openalex.org/W1988155030
https://openalex.org/W2026987576
https://openalex.org/W2029415337
https://openalex.org/W2109814767
https://openalex.org/W2062354909
https://openalex.org/W2435377057
https://openalex.org/W2084692519
https://openalex.org/W2119111199
https://openalex.org/W2087260885
https://openalex.org/W2144194933
https://openalex.org/W2169586715
https://openalex.org/W1976541746
https://openalex.org/W1978986238
https://openalex.org/W2020011456
https://openalex.org/W1988145537
https://openalex.org/W2083640467
https://openalex.org/W2313929401
https://openalex.org/W2317720452
https://openalex.org/W2806380992
https://openalex.org/W2872079583
https://openalex.org/W2889466346
https://openalex.org/W2904697613
https://openalex.org/W3085279267
https://openalex.org/W1829114818
https://openalex.org/W1919259958
https://openalex.org/W1979305011
https://openalex.org/W1980661067
https://openalex.org/W2027761987
https://openalex.org/W2041112478
https://openalex.org/W2132512865
https://openalex.org/W2502507930
https://openalex.org/W2581549149
https://openalex.org/W2594229075
https://openalex.org/W2611117459
https://openalex.org/W2612262170
https://openalex.org/W2618184114
https://openalex.org/W2944223507
https://openalex.org/W3013899088
https://openalex.org/W3048454580
https://openalex.org/W781518597
https://openalex.org/W79436021
https://openalex.org/W3119626101
https://openalex.org/W3156645067
https://openalex.org/W1986567792
https://openalex.org/W1993054758
https://openalex.org/W2023310610
https://openalex.org/W2033593072
https://openalex.org/W2069611109
https://openalex.org/W2069894582
https://openalex.org/W2075837664
https://openalex.org/W2103168262
https://openalex.org/W2110084454
https://openalex.org/W1564239375
https://openalex.org/W2004691342
https://openalex.org/W1559780964
https://openalex.org/W1560439784
https://openalex.org/W2088685110
https://openalex.org/W2124524651
https://openalex.org/W2465001435
https://openalex.org/W2064347686
https://openalex.org/W2143560125
https://openalex.org/W2488416302
https://openalex.org/W1993592542
https://openalex.org/W2001932807
https://openalex.org/W2015947213
https://openalex.org/W2091061013
https://openalex.org/W2160799779
https://openalex.org/W2114374786
https://openalex.org/W1992672883
https://openalex.org/W1994097216
https://openalex.org/W2011754233
https://openalex.org/W2089144066
https://openalex.org/W1524432624
https://openalex.org/W1976126695
https://openalex.org/W1981021512
https://openalex.org/W2018282376
https://openalex.org/W2031262203
https://openalex.org/W2006001734
https://openalex.org/W2048505327
https://openalex.org/W2059650606
https://openalex.org/W2071764961
https://openalex.org/W2266342124
https://openalex.org/W2789901406
https://openalex.org/W2789995871
https://openalex.org/W2793427946
https://openalex.org/W2809036077
https://openalex.org/W2897232918
https://openalex.org/W2903483145
https://openalex.org/W2905233836
https://openalex.org/W2017455681
https://openalex.org/W2019368830
https://openalex.org/W2042490216
https://openalex.org/W2074262231
https://openalex.org/W2085456799
https://openalex.org/W2505222294
https://openalex.org/W2607502928
https://openalex.org/W2755462754
https://openalex.org/W2774198325
https://openalex.org/W2938431202
https://openalex.org/W2945433128
https://openalex.org/W2948128984
https://openalex.org/W2954865427
https://openalex.org/W2977273445
https://openalex.org/W2982235862
https://openalex.org/W2982267013
https://openalex.org/W2985944239
https://openalex.org/W2989321876
https://openalex.org/W2991018350
https://openalex.org/W3015264240
https://openalex.org/W3028809180
https://openalex.org/W3081735518
https://openalex.org/W3096410633
https://openalex.org/W3107373179
https://openalex.org/W588999545
https://openalex.org/W3086518857
https://openalex.org/W3104981796
https://openalex.org/W3117383591
https://openalex.org/W3129969659
https://openalex.org/W3139893235
https://openalex.org/W3152597481
https://openalex.org/W3165104549
https://openalex.org/W3175106396
https://openalex.org/W3180297945
https://openalex.org/W3205041932
https://openalex.org/W3214541835
https://openalex.org/W3203179271
https://openalex.org/W4223534695
https://openalex.org/W4280562421
https://openalex.org/W4280609124
https://openalex.org/W4281656469
https://openalex.org/W4281717994
https://openalex.org/W4282839091
https://openalex.org/W4285126436
https://openalex.org/W4291156062
https://openalex.org/W4294151783
https://openalex.org/W4296625316
https://openalex.org/W4303431674
https://openalex.org/W4310461987
https://openalex.org/W2061506135
https://openalex.org/W2066274033
https://openalex.org/W1963831018
https://openalex.org/W2037047483
https://openalex.org/W170157531
https://openalex.org/W2043799994
https://openalex.org/W2113122796
https://openalex.org/W2015236742
https://openalex.org/W2096673266
https://openalex.org/W2155521086
https://openalex.org/W185362019
https://openalex.org/W2020055580
https://openalex.org/W2158517985
https://openalex.org/W56067254
https://openalex.org/W1978503990
https://openalex.org/W2010063036
https://openalex.org/W2062070312
https://openalex.org/W2155003284
https://openalex.org/W66452749
https://openalex.org/W1964279988
https://openalex.org/W2783015308
https://openalex.org/W2903813311
https://openalex.org/W1951348460
https://openalex.org/W1974120520
https://openalex.org/W2069133822
https://openalex.org/W2105408179
https://openalex.org/W2123331445
https://openalex.org/W2154515108
https://openalex.org/W2313990968
https://openalex.org/W2330386252
https://openalex.org/W2332275097
https://openalex.org/W2463722337
https://openalex.org/W2483677384
https://openalex.org/W2497570145
https://openalex.org/W2949038781
https://openalex.org/W3037345702
https://openalex.org/W3047082751
https://openalex.org/W3071917480
https://openalex.org/W3081818426
https://openalex.org/W3095422580
https://openalex.org/W3100286013
https://openalex.org/W387122194
https://openalex.org/W1972581058
https://openalex.org/W1986221840
https://openalex.org/W1996741057
https://openalex.org/W2024449705
https://openalex.org/W2078059167
https://openalex.org/W2482261568
https://openalex.org/W1991903205
https://openalex.org/W2045812558
https://openalex.org/W2051143723
https://openalex.org/W2067060309
https://openalex.org/W2003394966
https://openalex.org/W2081290653
https://openalex.org/W172643910
https://openalex.org/W1966898122
https://openalex.org/W2073606648
https://openalex.org/W773160165
https://openalex.org/W1966881501
https://openalex.org/W1994758258
https://openalex.org/W1981524740
https://openalex.org/W1994597560
https://openalex.org/W1967897561
https://openalex.org/W2000483373
https://openalex.org/W2060241351
https://openalex.org/W2060576531
https://openalex.org/W2081266476
https://openalex.org/W2160148088
https://openalex.org/W2746672596
https://openalex.org/W2804336813
https://openalex.org/W2886052559
https://openalex.org/W2963433993
https://openalex.org/W2969449656
https://openalex.org/W2970974515
https://openalex.org/W2972014720
https://openalex.org/W2985981820
https://openalex.org/W1685713127
https://openalex.org/W2052868682
https://openalex.org/W2067185735
https://openalex.org/W2107396840
https://openalex.org/W2292018897
https://openalex.org/W2318726346
https://openalex.org/W2320172417
https://openalex.org/W2344938538
https://openalex.org/W2472947765
https://openalex.org/W2510046238
https://openalex.org/W3004926084
https://openalex.org/W3104933391
https://openalex.org/W3123483044
https://openalex.org/W3137949828
https://openalex.org/W3155641061
https://openalex.org/W3175630634
https://openalex.org/W3186249611
https://openalex.org/W3196560811
https://openalex.org/W3201289986
https://openalex.org/W3207771670
https://openalex.org/W2067924737
https://openalex.org/W2086552167
https://openalex.org/W1579945851
https://openalex.org/W214433909
https://openalex.org/W1978125116
https://openalex.org/W1984174796
https://openalex.org/W2096946264
https://openalex.org/W2145565770
https://openalex.org/W2149680754
https://openalex.org/W2158526913
https://openalex.org/W2412342466
https://openalex.org/W2060445452
https://openalex.org/W2067671554
https://openalex.org/W2085281687
https://openalex.org/W2173785693
https://openalex.org/W2353606124
https://openalex.org/W2034441902
https://openalex.org/W2035930139
https://openalex.org/W2067316072
https://openalex.org/W2137216745
https://openalex.org/W1988138930
https://openalex.org/W2015633170
https://openalex.org/W1965899044
https://openalex.org/W1970039588
https://openalex.org/W1993053862
https://openalex.org/W2063428373
https://openalex.org/W2395532836
https://openalex.org/W2414133602
https://openalex.org/W2418655910
https://openalex.org/W2002249811
https://openalex.org/W2030314675
https://openalex.org/W2030449629
https://openalex.org/W2059713805
https://openalex.org/W2115731994
https://openalex.org/W2116245909
https://openalex.org/W2334155910
https://openalex.org/W2768585196
https://openalex.org/W2795740312
https://openalex.org/W2810379603
https://openalex.org/W2887168480
https://openalex.org/W2903866675
https://openalex.org/W2904749964
https://openalex.org/W2941878479
https://openalex.org/W2951502590
https://openalex.org/W2958024402
https://openalex.org/W2975989937
https://openalex.org/W3017430163
https://openalex.org/W3090462814
https://openalex.org/W4247131463
https://openalex.org/W4247251746
https://openalex.org/W2321806532
https://openalex.org/W2512051975
https://openalex.org/W4220832181
https://openalex.org/W4225125680
https://openalex.org/W4225783792
https://openalex.org/W4283523789
https://openalex.org/W4285499024
https://openalex.org/W4289134206
https://openalex.org/W4290829768
https://openalex.org/W4291146916
https://openalex.org/W4291997352
https://openalex.org/W4293187001
https://openalex.org/W4295008893
https://openalex.org/W4307274166
https://openalex.org/W4312211781
https://openalex.org/W4389366724
https://openalex.org/W4389411214
https://openalex.org/W4391476303
https://openalex.org/W1908498787
https://openalex.org/W1966820777
https://openalex.org/W2091320675
https://openalex.org/W2331621472
https://openalex.org/W49624669
https://openalex.org/W2044185442
https://openalex.org/W2051534685
https://openalex.org/W2070875086
https://openalex.org/W2012647457
https://openalex.org/W2418644377
https://openalex.org/W2080581457
https://openalex.org/W1985411802
https://openalex.org/W1994858151
https://openalex.org/W2036949487
https://openalex.org/W2069098985
https://openalex.org/W2077405622
https://openalex.org/W2417439625
https://openalex.org/W4239107505
https://openalex.org/W1602713350
https://openalex.org/W1966234747
https://openalex.org/W1984096573
https://openalex.org/W2014114203
https://openalex.org/W2018017455
https://openalex.org/W2019848890
https://openalex.org/W2025361611
https://openalex.org/W2031959459
https://openalex.org/W2032916377
https://openalex.org/W2036963425
https://openalex.org/W2041230538
https://openalex.org/W2062586420
https://openalex.org/W2062744860
https://openalex.org/W2078215212
https://openalex.org/W2128136154
https://openalex.org/W2163677458
https://openalex.org/W2310071242
https://openalex.org/W1983007975
https://openalex.org/W2026494733
https://openalex.org/W2063404852
https://openalex.org/W2070444040
https://openalex.org/W2077650267
https://openalex.org/W2131355853
https://openalex.org/W2606963531
https://openalex.org/W1999409751
https://openalex.org/W2031645651
https://openalex.org/W2011461461
https://openalex.org/W2070053687
https://openalex.org/W2086792016
https://openalex.org/W2094556040
https://openalex.org/W2012414355
https://openalex.org/W205476057
https://openalex.org/W2024739459
https://openalex.org/W2065965451
https://openalex.org/W2323112916
https://openalex.org/W1993942514
https://openalex.org/W2096795193
https://openalex.org/W2117692318
https://openalex.org/W2126471339
https://openalex.org/W2765439882
https://openalex.org/W2788280217
https://openalex.org/W2788333932
https://openalex.org/W2802044471
https://openalex.org/W2803798814
https://openalex.org/W2897757847
https://openalex.org/W2903762965
https://openalex.org/W2951110336
https://openalex.org/W2964781674
https://openalex.org/W2964838277
https://openalex.org/W2983323220
https://openalex.org/W3009764776
https://openalex.org/W3112448568
https://openalex.org/W3134557191
https://openalex.org/W3148098645
https://openalex.org/W3157414688
https://openalex.org/W3162893332
https://openalex.org/W3164409581
https://openalex.org/W3199480857
https://openalex.org/W3212689570
https://openalex.org/W4220708252
https://openalex.org/W4246549928
https://openalex.org/W4287508354
https://openalex.org/W2492191474
https://openalex.org/W1986593082
https://openalex.org/W1991269085
https://openalex.org/W2019154107
https://openalex.org/W2021183097
https://openalex.org/W2080901692
https://openalex.org/W2087385931
https://openalex.org/W2089416360
https://openalex.org/W2119300877
https://openalex.org/W2404451094
https://openalex.org/W2462998238
https://openalex.org/W2976833413
https://openalex.org/W1986879332
https://openalex.org/W2053989020
https://openalex.org/W2091517866
https://openalex.org/W2408618105
https://openalex.org/W4319053882
https://openalex.org/W1994240284
https://openalex.org/W2146687054
https://openalex.org/W183808943
https://openalex.org/W2035166520
https://openalex.org/W2495570319
https://openalex.org/W654103929
https://openalex.org/W2015535359
https://openalex.org/W2486552428
https://openalex.org/W158169655
https://openalex.org/W1974706764
https://openalex.org/W2029252388
https://openalex.org/W2116321259
https://openalex.org/W2143255051
https://openalex.org/W2151466862
https://openalex.org/W2192703561
https://openalex.org/W2333413562
https://openalex.org/W2498404507
https://openalex.org/W2980533698
https://openalex.org/W927234285
https://openalex.org/W1981164831
https://openalex.org/W2741150218
https://openalex.org/W4317478020
https://openalex.org/W4320490436
https://openalex.org/W4321016029
https://openalex.org/W4361824897
https://openalex.org/W4361901722
https://openalex.org/W4361948894
https://openalex.org/W4361961258
https://openalex.org/W4362357074
https://openalex.org/W4362391898
https://openalex.org/W4362422962
https://openalex.org/W4362423184
https://openalex.org/W4362446381
https://openalex.org/W4362575839
https://openalex.org/W4366204248
https://openalex.org/W4367302718
https://openalex.org/W4367303696
https://openalex.org/W4377077912
https://openalex.org/W4378804134
https://openalex.org/W4380084987
https://openalex.org/W4380185545
https://openalex.org/W4381510105
https://openalex.org/W4382050393
https://openalex.org/W4382182715
https://openalex.org/W4384470535
https://openalex.org/W4384819786
https://openalex.org/W4386256234
https://openalex.org/W4386328532
https://openalex.org/W4386347672
https://openalex.org/W4386503431
https://openalex.org/W4386619606
https://openalex.org/W4387306916
https://openalex.org/W4387422544
https://openalex.org/W4387701217
https://openalex.org/W4387756166
https://openalex.org/W4388087089
https://openalex.org/W4388140721
https://openalex.org/W4388596510
https://openalex.org/W4388709647
https://openalex.org/W4389478920
https://openalex.org/W4389496087
https://openalex.org/W4389613345
https://openalex.org/W4389802625
https://openalex.org/W4389912609
https://openalex.org/W4389995937
https://openalex.org/W4390016299
https://openalex.org/W4390228071
https://openalex.org/W4390552263
https://openalex.org/W4390552269
https://openalex.org/W4391629993
https://openalex.org/W4392685509
https://openalex.org/W1759120286
https://openalex.org/W1967011633
https://openalex.org/W1969279267
https://openalex.org/W1971814234
https://openalex.org/W1979816538
https://openalex.org/W1980237912
https://openalex.org/W1980310700
https://openalex.org/W2078527850
https://openalex.org/W2145596477
https://openalex.org/W2411127088
https://openalex.org/W162262081
https://openalex.org/W2107624022
https://openalex.org/W2162751524
https://openalex.org/W2335883497
https://openalex.org/W2397503020
https://openalex.org/W92580944
https://openalex.org/W2063799044
https://openalex.org/W2088306175
https://openalex.org/W2133113007
https://openalex.org/W2426204975
https://openalex.org/W67773942
https://openalex.org/W2415222933
https://openalex.org/W2558748047
https://openalex.org/W1985653930
https://openalex.org/W2004632645
https://openalex.org/W2022107683
https://openalex.org/W2026693228
https://openalex.org/W2077493936
https://openalex.org/W2142950875
https://openalex.org/W2613780671
https://openalex.org/W2742681386
https://openalex.org/W2750940691
https://openalex.org/W2759873589
https://openalex.org/W2766901374
https://openalex.org/W2773350381
https://openalex.org/W2777737456
https://openalex.org/W4253276986
https://openalex.org/W2423591411
https://openalex.org/W1963783771
https://openalex.org/W1986484911
https://openalex.org/W2052064154
https://openalex.org/W2059837905
https://openalex.org/W2107336391
https://openalex.org/W4324262226
https://openalex.org/W2085985666
https://openalex.org/W2056692779
https://openalex.org/W2058349499
https://openalex.org/W2060703380
https://openalex.org/W2081214313
https://openalex.org/W2095306930
https://openalex.org/W2106517422
https://openalex.org/W2397728808
https://openalex.org/W287815421
https://openalex.org/W1592300554
https://openalex.org/W1929540467
https://openalex.org/W1965232848
https://openalex.org/W2022630169
https://openalex.org/W2056960573
https://openalex.org/W2059126342
https://openalex.org/W2157936550
https://openalex.org/W2770741875
https://openalex.org/W2796124948
https://openalex.org/W2800890216
https://openalex.org/W2946508080
https://openalex.org/W2952257708
https://openalex.org/W2953635750
https://openalex.org/W2981723678
https://openalex.org/W2996618667
https://openalex.org/W2997394796
https://openalex.org/W2998063909
https://openalex.org/W3016746424
https://openalex.org/W3093868839
https://openalex.org/W3154457199
https://openalex.org/W3173681279
https://openalex.org/W3183588100
https://openalex.org/W3195082142
https://openalex.org/W3214911869
https://openalex.org/W4200020637
https://openalex.org/W4232211653
https://openalex.org/W4239298957
https://openalex.org/W4255179708
https://openalex.org/W2382967173
https://openalex.org/W2401739011
https://openalex.org/W2410575347
https://openalex.org/W2481965347
https://openalex.org/W2502852651
https://openalex.org/W2519049718
https://openalex.org/W2574305317
https://openalex.org/W3031036057
https://openalex.org/W4200341178
https://openalex.org/W4200517903
https://openalex.org/W4205193688
https://openalex.org/W4233200122
https://openalex.org/W4281741048
https://openalex.org/W4286592309
https://openalex.org/W4288434583
https://openalex.org/W4296613307
https://openalex.org/W4300962878
https://openalex.org/W4307503752
https://openalex.org/W4308254476
https://openalex.org/W4309261532
https://openalex.org/W4312196634
https://openalex.org/W4322752020
https://openalex.org/W2068840813
https://openalex.org/W155770600
https://openalex.org/W1984811782
https://openalex.org/W1992460000
https://openalex.org/W2036416292
https://openalex.org/W2057104970
https://openalex.org/W2071847436
https://openalex.org/W2162742563
https://openalex.org/W2003239455
https://openalex.org/W2403889490
https://openalex.org/W2398352732
https://openalex.org/W2402586904
https://openalex.org/W1964881869
https://openalex.org/W2030238043
https://openalex.org/W2033612483
https://openalex.org/W2034984131
https://openalex.org/W2055583910
https://openalex.org/W2320206723
https://openalex.org/W2409316795
https://openalex.org/W142242931
https://openalex.org/W1519934228
https://openalex.org/W1566703402
https://openalex.org/W1663980840
https://openalex.org/W1753898333
https://openalex.org/W1949309550
https://openalex.org/W1949830298
https://openalex.org/W1972410149
https://openalex.org/W1979379365
https://openalex.org/W1989189247
https://openalex.org/W2005270374
https://openalex.org/W2017027194
https://openalex.org/W2040949317
https://openalex.org/W2065208307
https://openalex.org/W2084558406
https://openalex.org/W2098565037
https://openalex.org/W2114720285
https://openalex.org/W2122138123
https://openalex.org/W2235073874
https://openalex.org/W2327448365
https://openalex.org/W2405036708
https://openalex.org/W2412286175
https://openalex.org/W2465886396
https://openalex.org/W2472516277
https://openalex.org/W2506074764
https://openalex.org/W2901341948
https://openalex.org/W3125906341
https://openalex.org/W4210334271
https://openalex.org/W4225000943
https://openalex.org/W4229625394
https://openalex.org/W4239917272
https://openalex.org/W4247531419
https://openalex.org/W4250229381
https://openalex.org/W4285090568
https://openalex.org/W4294152330
https://openalex.org/W4295007748
https://openalex.org/W4295270136
https://openalex.org/W4296844468
https://openalex.org/W4300653035
https://openalex.org/W4311111856
https://openalex.org/W4389412240
https://openalex.org/W640136865
https://openalex.org/W10939629
https://openalex.org/W2059118863
https://openalex.org/W2090319553
https://openalex.org/W2162026777
https://openalex.org/W2224419213
https://openalex.org/W1993129025
https://openalex.org/W2043991715
https://openalex.org/W2053533219
https://openalex.org/W2149065667
https://openalex.org/W4243173546
https://openalex.org/W2400494384
https://openalex.org/W1564131595
https://openalex.org/W1984195169
https://openalex.org/W1990457227
https://openalex.org/W2026215117
https://openalex.org/W2045527991
https://openalex.org/W2054883556
https://openalex.org/W2093602029
https://openalex.org/W2402631635
https://openalex.org/W4239015427
https://openalex.org/W4291987774
https://openalex.org/W1561678366
https://openalex.org/W1625701490
https://openalex.org/W2023358796
https://openalex.org/W2027698643
https://openalex.org/W2037178724
https://openalex.org/W2087329248
https://openalex.org/W2087355346
https://openalex.org/W2102728985
https://openalex.org/W2118745036
https://openalex.org/W2244869005
https://openalex.org/W2320230590
https://openalex.org/W2565139055
https://openalex.org/W2592412476
https://openalex.org/W2697046228
https://openalex.org/W2743532876
https://openalex.org/W2884139233
https://openalex.org/W2884679865
https://openalex.org/W3123892583
https://openalex.org/W3164419200
https://openalex.org/W3205304160
https://openalex.org/W4229629303
https://openalex.org/W4235891696
https://openalex.org/W1987110872
https://openalex.org/W2019375758
https://openalex.org/W2059141315
https://openalex.org/W2072579392
https://openalex.org/W240581310
https://openalex.org/W2416926784
https://openalex.org/W2328397232
https://openalex.org/W111416172
https://openalex.org/W132009858
https://openalex.org/W2004444799
https://openalex.org/W2098980057
https://openalex.org/W2181950846
https://openalex.org/W2376955925
https://openalex.org/W2400966018
https://openalex.org/W2503269772
https://openalex.org/W2623692625
https://openalex.org/W2779339208
https://openalex.org/W2797093366
https://openalex.org/W2802252476
https://openalex.org/W2809639855
https://openalex.org/W2897572887
https://openalex.org/W2900850453
https://openalex.org/W2903804915
https://openalex.org/W2951901099
https://openalex.org/W2982644149
https://openalex.org/W4206660350
https://openalex.org/W4231101611
https://openalex.org/W4245501781
https://openalex.org/W4252213037
https://openalex.org/W4389436468
https://openalex.org/W2052962082
https://openalex.org/W2061855094
https://openalex.org/W2063208943
https://openalex.org/W2085414630
https://openalex.org/W2099160226
https://openalex.org/W2400188239
https://openalex.org/W2790565637
https://openalex.org/W2400684454
https://openalex.org/W2005735805
https://openalex.org/W2066062808
https://openalex.org/W2067699656
https://openalex.org/W2944037722
https://openalex.org/W2949842583
https://openalex.org/W2954444471
https://openalex.org/W2954466446
https://openalex.org/W2966397388
https://openalex.org/W2990524466
https://openalex.org/W2995387296
https://openalex.org/W3011600802
https://openalex.org/W3040480974
https://openalex.org/W3082910282
https://openalex.org/W3083039553
https://openalex.org/W3095871655
https://openalex.org/W3107654613
https://openalex.org/W3204778907
https://openalex.org/W4256394326
https://openalex.org/W4389447588
https://openalex.org/W4389464675
https://openalex.org/W128285487
https://openalex.org/W149250840
https://openalex.org/W1540569505
https://openalex.org/W1565670299
https://openalex.org/W168147341
https://openalex.org/W2026710550
https://openalex.org/W2094349924
https://openalex.org/W2155905218
https://openalex.org/W2226416912
https://openalex.org/W2402167165
https://openalex.org/W2411907988
https://openalex.org/W2412340369
https://openalex.org/W2420099256
https://openalex.org/W4243561152
https://openalex.org/W2001303427
https://openalex.org/W2102893851
https://openalex.org/W2435185153
https://openalex.org/W2490853725
https://openalex.org/W2980579061
https://openalex.org/W298630502
https://openalex.org/W1486944937
https://openalex.org/W1550190929
https://openalex.org/W1995332544
https://openalex.org/W2084153025
https://openalex.org/W2413517452
https://openalex.org/W266600589
https://openalex.org/W3083951272
https://openalex.org/W3124084515
https://openalex.org/W3158181439
https://openalex.org/W3160714390
https://openalex.org/W3160934011
https://openalex.org/W3169744013
https://openalex.org/W3206310404
https://openalex.org/W4200245149
https://openalex.org/W4200381092
https://openalex.org/W4389446763
https://openalex.org/W1979250352
https://openalex.org/W2096694263
https://openalex.org/W2442858511
https://openalex.org/W4250276767
https://openalex.org/W2112900791
https://openalex.org/W95151290
https://openalex.org/W2338888795
https://openalex.org/W2416076411
https://openalex.org/W2414024088
https://openalex.org/W2419085725
https://openalex.org/W1591820447
https://openalex.org/W1964407625
https://openalex.org/W1975869249
https://openalex.org/W1984815039
https://openalex.org/W2006619787
https://openalex.org/W2026409458
https://openalex.org/W2149037317
https://openalex.org/W2244888589
https://openalex.org/W315921259
https://openalex.org/W2000547923
https://openalex.org/W1610522104
https://openalex.org/W1966288589
https://openalex.org/W1968630324
https://openalex.org/W2051435920
https://openalex.org/W2099391395
https://openalex.org/W2113547644
https://openalex.org/W2136036535
https://openalex.org/W2181431030
https://openalex.org/W2182514427
https://openalex.org/W2185490839
https://openalex.org/W2190680190
https://openalex.org/W2225242299
https://openalex.org/W2242383718
https://openalex.org/W2280839269
https://openalex.org/W2282564435
https://openalex.org/W2290861628
https://openalex.org/W2306099733
https://openalex.org/W2313734572
https://openalex.org/W2322929781
https://openalex.org/W2323635185
https://openalex.org/W2343670406
https://openalex.org/W2347200425
https://openalex.org/W2351826812
https://openalex.org/W2358948035
https://openalex.org/W2376095175
https://openalex.org/W2402813278
https://openalex.org/W2405111820
https://openalex.org/W2413332371
https://openalex.org/W2413877776
https://openalex.org/W2415061185
https://openalex.org/W2417303292
https://openalex.org/W2417674272
https://openalex.org/W2419166833
https://openalex.org/W2425761475
https://openalex.org/W2429880538
https://openalex.org/W2438050834
https://openalex.org/W2442865403
https://openalex.org/W2460429130
https://openalex.org/W2460758682
https://openalex.org/W2461373133
https://openalex.org/W2468099764
https://openalex.org/W2470340014
https://openalex.org/W2470613171
https://openalex.org/W2478476937
https://openalex.org/W2484345310
https://openalex.org/W2484674399
https://openalex.org/W2488554346
https://openalex.org/W2488963281
https://openalex.org/W2492542524
https://openalex.org/W2496357795
https://openalex.org/W2496587056
https://openalex.org/W2502092323
https://openalex.org/W2506593772
https://openalex.org/W2524314654
https://openalex.org/W2546790806
https://openalex.org/W2551358175
https://openalex.org/W2567813614
https://openalex.org/W2579976282
https://openalex.org/W2591740408
https://openalex.org/W2600968145
https://openalex.org/W2610978155
https://openalex.org/W2617055478
https://openalex.org/W2726594479
https://openalex.org/W2739195000
https://openalex.org/W2744152543
https://openalex.org/W2748454171
https://openalex.org/W2749007160
https://openalex.org/W2772180539
https://openalex.org/W2887021980
https://openalex.org/W2922300740
https://openalex.org/W2939535206
https://openalex.org/W3015613094
https://openalex.org/W3015741427
https://openalex.org/W3016574390
https://openalex.org/W3028634602
https://openalex.org/W3031419696
https://openalex.org/W3032319619
https://openalex.org/W3045467668
https://openalex.org/W3096122334
https://openalex.org/W3143388894
https://openalex.org/W3208204778
https://openalex.org/W4205412549
https://openalex.org/W4206854375
https://openalex.org/W4206879911
https://openalex.org/W4234288321
https://openalex.org/W4236190519
https://openalex.org/W4240001427
https://openalex.org/W4240402494
https://openalex.org/W4241676242
https://openalex.org/W4245331602
https://openalex.org/W4246718308
https://openalex.org/W4246983558
https://openalex.org/W4247783680
https://openalex.org/W4255430797
https://openalex.org/W4256647249
https://openalex.org/W4291313720
https://openalex.org/W4292498796
https://openalex.org/W4302368994
https://openalex.org/W4302557406
https://openalex.org/W4312998900
https://openalex.org/W4394443860
https://openalex.org/W4394447110
https://openalex.org/W4394553815
https://openalex.org/W48766144
https://openalex.org/W993172186
https://openalex.org/W1976547364
https://openalex.org/W2017033588
https://openalex.org/W2019347290
https://openalex.org/W2043422802
https://openalex.org/W2414547986
https://openalex.org/W156014600
https://openalex.org/W196020357
https://openalex.org/W2006166598
https://openalex.org/W2245243525
https://openalex.org/W2412932998
https://openalex.org/W125328609
https://openalex.org/W1494938953
https://openalex.org/W1934102738
https://openalex.org/W1964072199
https://openalex.org/W1967648459
https://openalex.org/W1971064553
https://openalex.org/W1971284868
https://openalex.org/W1976565691
https://openalex.org/W1980847788
https://openalex.org/W1990896780
https://openalex.org/W1991164469
https://openalex.org/W2010572377
https://openalex.org/W2012672261
https://openalex.org/W2016582351
https://openalex.org/W2017211844
https://openalex.org/W2026335428
https://openalex.org/W2035584562
https://openalex.org/W2035701998
https://openalex.org/W2044019014
https://openalex.org/W2049773892
https://openalex.org/W2056381405
https://openalex.org/W2057341799
https://openalex.org/W2061699251
https://openalex.org/W2061884142
https://openalex.org/W2064908959
https://openalex.org/W2067145332
https://openalex.org/W2068532600
https://openalex.org/W2072064924
https://openalex.org/W2076881030
https://openalex.org/W2081076860
https://openalex.org/W2109655862
https://openalex.org/W2153607368
https://openalex.org/W2247441623
https://openalex.org/W2283198779
https://openalex.org/W2313546198
https://openalex.org/W2318333984
https://openalex.org/W2319330346
https://openalex.org/W2322138953
https://openalex.org/W2325463244
https://openalex.org/W2326910582
https://openalex.org/W2327805019
https://openalex.org/W2334537297
https://openalex.org/W2335624251
https://openalex.org/W2382085231
https://openalex.org/W2394322679
https://openalex.org/W2401146582
https://openalex.org/W2403829541
https://openalex.org/W2416772975
https://openalex.org/W2470499577
https://openalex.org/W2484698062
https://openalex.org/W2491284665
https://openalex.org/W2501534544
https://openalex.org/W2502185578
https://openalex.org/W2502986799
https://openalex.org/W2503163939
https://openalex.org/W2521216525
https://openalex.org/W2585127062
https://openalex.org/W2587048790
https://openalex.org/W2606948786
https://openalex.org/W2766148110
https://openalex.org/W2806630522
https://openalex.org/W2939189886
https://openalex.org/W2967125462
https://openalex.org/W3021615881
https://openalex.org/W3197101617
https://openalex.org/W32926987
https://openalex.org/W4205287389
https://openalex.org/W4206379770
https://openalex.org/W4210942724
https://openalex.org/W4230074526
https://openalex.org/W4231838393
https://openalex.org/W4234221462
https://openalex.org/W4238331392
https://openalex.org/W4238436234
https://openalex.org/W4245166728
https://openalex.org/W4252485818
https://openalex.org/W4255238153
https://openalex.org/W4296947387
https://openalex.org/W4388480120
https://openalex.org/W2015753713
https://openalex.org/W2400449391
https://openalex.org/W1968119776
https://openalex.org/W2002574596
https://openalex.org/W2028843898
https://openalex.org/W2076019511
https://openalex.org/W2081177723
https://openalex.org/W2464403326
https://openalex.org/W2970949732
https://openalex.org/W3199048364
https://openalex.org/W4246343439
https://openalex.org/W1553528148
https://openalex.org/W1992526118
https://openalex.org/W2040130042
https://openalex.org/W2055003960
https://openalex.org/W2057310889
https://openalex.org/W2083621912
https://openalex.org/W2087561629
https://openalex.org/W2124645507
https://openalex.org/W2292004934
https://openalex.org/W2381506617
https://openalex.org/W2400013784
https://openalex.org/W2414591175
https://openalex.org/W2460817775
https://openalex.org/W2587388519
https://openalex.org/W2592141746
https://openalex.org/W2594150276
https://openalex.org/W2594537037
https://openalex.org/W2610541656
https://openalex.org/W2612486510
https://openalex.org/W2612837416
https://openalex.org/W2736867885
https://openalex.org/W2745476371
https://openalex.org/W2753038005
https://openalex.org/W2755819103
https://openalex.org/W2765593608
https://openalex.org/W2767862951
https://openalex.org/W2769037181
https://openalex.org/W2771230846
https://openalex.org/W2777186149
https://openalex.org/W2777442636
https://openalex.org/W2777858014
https://openalex.org/W2777959689
https://openalex.org/W2780229437
https://openalex.org/W2784160956
https://openalex.org/W2787241140
https://openalex.org/W2790174329
https://openalex.org/W2794624617
https://openalex.org/W2889479174
https://openalex.org/W2977453875
https://openalex.org/W2978788967
https://openalex.org/W3005606346
https://openalex.org/W3025642251
https://openalex.org/W3029100583
https://openalex.org/W3032043861
https://openalex.org/W3085413492
https://openalex.org/W3087384945
https://openalex.org/W3122910948
https://openalex.org/W3214837544
https://openalex.org/W4205367660
https://openalex.org/W4206857660
https://openalex.org/W4206860286
https://openalex.org/W4233573799
https://openalex.org/W4292949721
https://openalex.org/W4292949735
https://openalex.org/W4389444353
https://openalex.org/W4389444731
https://openalex.org/W4389444745
https://openalex.org/W4389445795
https://openalex.org/W4389466932
https://openalex.org/W4389466985
https://openalex.org/W4394129544
https://openalex.org/W4394441463
https://openalex.org/W563107245
https://openalex.org/W846687083
https://openalex.org/W2016853720
https://openalex.org/W2414682157
https://openalex.org/W1586157243
https://openalex.org/W1599150942
https://openalex.org/W169017176
https://openalex.org/W1695510817
https://openalex.org/W1980008492
https://openalex.org/W1993895056
https://openalex.org/W2012537478
https://openalex.org/W2020375363
https://openalex.org/W2026931909
https://openalex.org/W2027921416
https://openalex.org/W2050053354
https://openalex.org/W2053267433
https://openalex.org/W2070778412
https://openalex.org/W2076469325
https://openalex.org/W2091460571
https://openalex.org/W2144953171
https://openalex.org/W2164214231
https://openalex.org/W2188151199
https://openalex.org/W2301345209
https://openalex.org/W2314991009
https://openalex.org/W2320704811
https://openalex.org/W2368776362
https://openalex.org/W2413406220
https://openalex.org/W2413519587
https://openalex.org/W2416510956
https://openalex.org/W2480000402
https://openalex.org/W2527030764
https://openalex.org/W2561134172
https://openalex.org/W2804369345
https://openalex.org/W2913623246
https://openalex.org/W2943727459
https://openalex.org/W2950299423
https://openalex.org/W2979502876
https://openalex.org/W2980339416
https://openalex.org/W3018199998
https://openalex.org/W3023200339
https://openalex.org/W3199771718
https://openalex.org/W4205772074
https://openalex.org/W4206587162
https://openalex.org/W4210445220
https://openalex.org/W4213139618
https://openalex.org/W4214888153
https://openalex.org/W4224310154
https://openalex.org/W4228998218
https://openalex.org/W4236748367
https://openalex.org/W4243641212
https://openalex.org/W4252742173
https://openalex.org/W4280557922
https://openalex.org/W4281623600
https://openalex.org/W4281639450
https://openalex.org/W4281641263
https://openalex.org/W4281694387
https://openalex.org/W4281942726
https://openalex.org/W4282587589
https://openalex.org/W4285090586
https://openalex.org/W4285207975
https://openalex.org/W4285733035
https://openalex.org/W4286308738
https://openalex.org/W4286311331
https://openalex.org/W4288040864
https://openalex.org/W4290829705
https://openalex.org/W4291952049
https://openalex.org/W4292316168
https://openalex.org/W4292618170
https://openalex.org/W4296849511
https://openalex.org/W4298271907
https://openalex.org/W4306254387
https://openalex.org/W4307011966
https://openalex.org/W4307869616
https://openalex.org/W4308413194
https://openalex.org/W4308540699
https://openalex.org/W4309048519
https://openalex.org/W4309568941
https://openalex.org/W4309751469
https://openalex.org/W4309855432
https://openalex.org/W4310961344
https://openalex.org/W4313651311
https://openalex.org/W432572052
https://openalex.org/W4389366082
https://openalex.org/W4389366315
https://openalex.org/W4389366334
https://openalex.org/W4390149368
https://openalex.org/W4391443303
https://openalex.org/W4391476331
https://openalex.org/W610386826
https://openalex.org/W810749579
https://openalex.org/W2412325891
https://openalex.org/W290088978
https://openalex.org/W301742895
https://openalex.org/W322574538
https://openalex.org/W4327650639
https://openalex.org/W4391199851
https://openalex.org/W160667817
https://openalex.org/W1980656586
https://openalex.org/W2068878073
https://openalex.org/W2078856383
https://openalex.org/W2261501425
https://openalex.org/W2371091338
https://openalex.org/W2375738242
https://openalex.org/W2387877392
https://openalex.org/W2397931629
https://openalex.org/W2399992490
https://openalex.org/W2405186179
https://openalex.org/W2405602001
https://openalex.org/W2425870088
https://openalex.org/W2440303513
https://openalex.org/W2785450497
https://openalex.org/W2789475821
https://openalex.org/W2789747507
https://openalex.org/W2790302469
https://openalex.org/W2796658125
https://openalex.org/W2799398969
https://openalex.org/W2800974914
https://openalex.org/W2801080601
https://openalex.org/W2801182545
https://openalex.org/W2802323730
https://openalex.org/W2802764118
https://openalex.org/W2802779394
https://openalex.org/W2810214780
https://openalex.org/W2812670360
https://openalex.org/W2887325621
https://openalex.org/W2887859051
https://openalex.org/W2895070707
https://openalex.org/W2906120952
https://openalex.org/W2911274769
https://openalex.org/W2911389166
https://openalex.org/W2912348500
https://openalex.org/W2914495822
https://openalex.org/W2921291631
https://openalex.org/W2922568677
https://openalex.org/W2923564660
https://openalex.org/W2929551524
https://openalex.org/W2936084883
https://openalex.org/W2944453923
https://openalex.org/W2946095616
https://openalex.org/W2946325358
https://openalex.org/W2949456634
https://openalex.org/W2950324545
https://openalex.org/W2950748174
https://openalex.org/W2950933779
https://openalex.org/W2951353932
https://openalex.org/W2951801903
https://openalex.org/W2964076116
https://openalex.org/W2969211592
https://openalex.org/W2972105601
https://openalex.org/W2972181235
https://openalex.org/W2972936490
https://openalex.org/W2973020577
https://openalex.org/W2974547443
https://openalex.org/W2977378445
https://openalex.org/W2980141230
https://openalex.org/W2980915005
https://openalex.org/W2981582263
https://openalex.org/W2981666236
https://openalex.org/W2989866631
https://openalex.org/W2990528145
https://openalex.org/W2990937781
https://openalex.org/W2995280324
https://openalex.org/W2996192182
https://openalex.org/W2996253774
https://openalex.org/W3007933629
https://openalex.org/W3024343961
https://openalex.org/W3029933572
https://openalex.org/W3047156163
https://openalex.org/W3047464001
https://openalex.org/W3080766940
https://openalex.org/W3095735295
https://openalex.org/W3155254886
https://openalex.org/W3157276450
https://openalex.org/W3161893425
https://openalex.org/W3186160311
https://openalex.org/W3195129829
https://openalex.org/W3196367747
https://openalex.org/W3199442288
https://openalex.org/W3200098842
https://openalex.org/W3200191468
https://openalex.org/W3200420914
https://openalex.org/W3200664222
https://openalex.org/W3201150186
https://openalex.org/W3201591797
https://openalex.org/W3214763485
https://openalex.org/W4206719529
https://openalex.org/W4206858375
https://openalex.org/W4206872591
https://openalex.org/W4206880080
https://openalex.org/W4214756336
https://openalex.org/W4230484289
https://openalex.org/W4239691073
https://openalex.org/W4243663056
https://openalex.org/W4244177085
https://openalex.org/W4247611970
https://openalex.org/W4249229279
https://openalex.org/W4250342999
https://openalex.org/W4250911870
https://openalex.org/W4252934561
https://openalex.org/W4288092021
https://openalex.org/W4288286522
https://openalex.org/W4288334052
https://openalex.org/W4289388694
https://openalex.org/W4389437483
https://openalex.org/W4389439782
https://openalex.org/W4389440550
https://openalex.org/W4389441218
https://openalex.org/W4389441369
https://openalex.org/W4389464313
https://openalex.org/W4389465323
https://openalex.org/W4389465430
https://openalex.org/W4391740227
https://openalex.org/W4394251165
https://openalex.org/W4394494895
https://openalex.org/W13409645
https://openalex.org/W1981359744
https://openalex.org/W1982328131
https://openalex.org/W2021427012
https://openalex.org/W2031709639
https://openalex.org/W2071627927
https://openalex.org/W2087943152
https://openalex.org/W2090388584
https://openalex.org/W2118450157
https://openalex.org/W2324627073
https://openalex.org/W2434252573
https://openalex.org/W2467642764
https://openalex.org/W2479911016
https://openalex.org/W4249067523
https://openalex.org/W108737147
https://openalex.org/W1532425442
https://openalex.org/W1965366953
https://openalex.org/W1976657304
https://openalex.org/W1985837414
https://openalex.org/W2016153405
https://openalex.org/W2038124192
https://openalex.org/W2050090147
https://openalex.org/W2064299974
https://openalex.org/W2073226049
https://openalex.org/W2083950486
https://openalex.org/W2090968009
https://openalex.org/W2178803243
https://openalex.org/W2215822941
https://openalex.org/W2270355816
https://openalex.org/W2317562071
https://openalex.org/W2322215360
https://openalex.org/W2366159357
https://openalex.org/W2366979632
https://openalex.org/W2383862693
https://openalex.org/W2387137190
https://openalex.org/W2394638123
https://openalex.org/W2394797301
https://openalex.org/W2410469044
https://openalex.org/W2427158236
https://openalex.org/W2475197921
https://openalex.org/W2522131639
https://openalex.org/W2590000793
https://openalex.org/W2620892750
https://openalex.org/W2892287298
https://openalex.org/W2980305296
https://openalex.org/W3000249227
https://openalex.org/W3010218222
https://openalex.org/W3014226160
https://openalex.org/W3027206578
https://openalex.org/W3028858213
https://openalex.org/W3033302424
https://openalex.org/W3033322064
https://openalex.org/W3033748144
https://openalex.org/W3034995118
https://openalex.org/W3035238413
https://openalex.org/W3041564071
https://openalex.org/W3042713706
https://openalex.org/W3042840959
https://openalex.org/W3083798049
https://openalex.org/W3083866893
https://openalex.org/W3084168693
https://openalex.org/W3084269814
https://openalex.org/W3089177029
https://openalex.org/W3099468929
https://openalex.org/W3103220479
https://openalex.org/W3110715208
https://openalex.org/W3111147460
https://openalex.org/W3116190871
https://openalex.org/W3123618832
https://openalex.org/W3128790498
https://openalex.org/W3130995337
https://openalex.org/W3134312274
https://openalex.org/W3155704670
https://openalex.org/W3182345725
https://openalex.org/W3182675680
https://openalex.org/W3203728675
https://openalex.org/W3207998260
https://openalex.org/W3216233803
https://openalex.org/W4234067257
https://openalex.org/W4235471445
https://openalex.org/W4236222207
https://openalex.org/W4240088757
https://openalex.org/W4245590236
https://openalex.org/W4247247037
https://openalex.org/W4250919786
https://openalex.org/W4252178522
https://openalex.org/W4389448283
https://openalex.org/W4389450479
https://openalex.org/W1558573746
https://openalex.org/W1994348395
https://openalex.org/W2000417138
https://openalex.org/W2025142377
https://openalex.org/W2088150501
https://openalex.org/W2102941529
https://openalex.org/W2323089340
https://openalex.org/W2733686578
https://openalex.org/W94421885
https://openalex.org/W149384484
https://openalex.org/W1578895663
https://openalex.org/W1966408149
https://openalex.org/W2037223394
https://openalex.org/W2257494501
https://openalex.org/W2263881972
https://openalex.org/W2300370759
https://openalex.org/W2319205880
https://openalex.org/W2332425647
https://openalex.org/W2411836047
https://openalex.org/W2412791697
https://openalex.org/W2422970802
https://openalex.org/W2425086262
https://openalex.org/W2428892302
https://openalex.org/W2470735484
https://openalex.org/W2908152526
https://openalex.org/W2908496883
https://openalex.org/W3204182733
https://openalex.org/W3211844032
https://openalex.org/W3213832892
https://openalex.org/W3214151440
https://openalex.org/W48896446
https://openalex.org/W1981413250
https://openalex.org/W1994530118
https://openalex.org/W2045345440
https://openalex.org/W2048170662
https://openalex.org/W2154909520
https://openalex.org/W2324659741
https://openalex.org/W2405037480
https://openalex.org/W2416169980
https://openalex.org/W2495924866
https://openalex.org/W2757453666
https://openalex.org/W2788794204
https://openalex.org/W2907694113
https://openalex.org/W2951148397
https://openalex.org/W2979363996
https://openalex.org/W3134268935
https://openalex.org/W3139519237
https://openalex.org/W3154150226
https://openalex.org/W3155306074
https://openalex.org/W3155830323
https://openalex.org/W3155834961
https://openalex.org/W3156105809
https://openalex.org/W3159776637
https://openalex.org/W3165076941
https://openalex.org/W3171075236
https://openalex.org/W3178595319
https://openalex.org/W3180988374
https://openalex.org/W3183408624
https://openalex.org/W3193005124
https://openalex.org/W3193493833
https://openalex.org/W3195487392
https://openalex.org/W3196610933
https://openalex.org/W3196936952
https://openalex.org/W3199028994
https://openalex.org/W3200057033
https://openalex.org/W3200184801
https://openalex.org/W3200925356
https://openalex.org/W3200934326
https://openalex.org/W3202654174
https://openalex.org/W3208714499
https://openalex.org/W3211863100
https://openalex.org/W4206157748
https://openalex.org/W4206945610
https://openalex.org/W4207070325
https://openalex.org/W4210514480
https://openalex.org/W4230550447
https://openalex.org/W4236233727
https://openalex.org/W4239241401
https://openalex.org/W4242865871
https://openalex.org/W4245276803
https://openalex.org/W4248094856
https://openalex.org/W4285472935
https://openalex.org/W4297777189
https://openalex.org/W4389446879
https://openalex.org/W4393515665
https://openalex.org/W4393530696
https://openalex.org/W4394167703
https://openalex.org/W4394178046
https://openalex.org/W4394203189
https://openalex.org/W4394277628
https://openalex.org/W4394278870
https://openalex.org/W4394303004
https://openalex.org/W4394312075
https://openalex.org/W4394352952
https://openalex.org/W4394391411
https://openalex.org/W4394422617
https://openalex.org/W4394473680
https://openalex.org/W4394544530
https://openalex.org/W1972532438
https://openalex.org/W1973817483
https://openalex.org/W1983824442
https://openalex.org/W1988168783
https://openalex.org/W2348137867
https://openalex.org/W2404578458
https://openalex.org/W2408622621
https://openalex.org/W2431237996
https://openalex.org/W2472246417
https://openalex.org/W294612433
https://openalex.org/W2950746169
https://openalex.org/W2951384026
https://openalex.org/W2970395185
https://openalex.org/W2976658051
https://openalex.org/W2979393717
https://openalex.org/W2981295275
https://openalex.org/W2982344116
https://openalex.org/W3200865966
https://openalex.org/W4230291778
https://openalex.org/W4231095072
https://openalex.org/W4239502057
https://openalex.org/W4245631987
https://openalex.org/W4254044007
https://openalex.org/W4254801996
https://openalex.org/W2237124374
https://openalex.org/W2399267406
https://openalex.org/W2408821084
https://openalex.org/W2415504159
https://openalex.org/W2419356736
https://openalex.org/W2460704854
https://openalex.org/W3182150471
https://openalex.org/W2008053039
https://openalex.org/W2039796303
https://openalex.org/W2075674903
https://openalex.org/W2186748989
https://openalex.org/W231379491
https://openalex.org/W2402852452
https://openalex.org/W2467015024
https://openalex.org/W3025464023
https://openalex.org/W3107245817
https://openalex.org/W3215000588
https://openalex.org/W1502352511
https://openalex.org/W182804332
https://openalex.org/W1988217135
https://openalex.org/W1990680715
https://openalex.org/W2025321544
https://openalex.org/W2045979129
https://openalex.org/W2078494318
https://openalex.org/W2117470262
https://openalex.org/W234465814
https://openalex.org/W2409664467
https://openalex.org/W2412693172
https://openalex.org/W2414371129
https://openalex.org/W2416106385
https://openalex.org/W2417971545
https://openalex.org/W2418534640
https://openalex.org/W2469208515
https://openalex.org/W2518148345
https://openalex.org/W2521454203
https://openalex.org/W2622591846
https://openalex.org/W2950806136
https://openalex.org/W305056070
https://openalex.org/W3125495996
https://openalex.org/W315074423
https://openalex.org/W33940914
https://openalex.org/W4232711354
https://openalex.org/W4243280341
https://openalex.org/W1142731475
https://openalex.org/W132569224
https://openalex.org/W1966593283
https://openalex.org/W2006813369
https://openalex.org/W2070082902
https://openalex.org/W2086413187
https://openalex.org/W2319541678
https://openalex.org/W2394839119
https://openalex.org/W2398942075
https://openalex.org/W2399895865
https://openalex.org/W2413558362
https://openalex.org/W2432627702
https://openalex.org/W2443506202
https://openalex.org/W2582653282
https://openalex.org/W2582779243
https://openalex.org/W2731879089
https://openalex.org/W2750285904
https://openalex.org/W306484669
https://openalex.org/W1529231468
https://openalex.org/W1530419037
https://openalex.org/W1539317042
https://openalex.org/W1557582269
https://openalex.org/W1575861699
https://openalex.org/W181746307
https://openalex.org/W1972045797
https://openalex.org/W1974208291
https://openalex.org/W1985103318
https://openalex.org/W1985445091
https://openalex.org/W1992972862
https://openalex.org/W2043984378
https://openalex.org/W2050291171
https://openalex.org/W2057449790
https://openalex.org/W2073823056
https://openalex.org/W2109296478
https://openalex.org/W2137690344
https://openalex.org/W2186590459
https://openalex.org/W2195485361
https://openalex.org/W2332882362
https://openalex.org/W2405584157
https://openalex.org/W2409193607
https://openalex.org/W2409591185
https://openalex.org/W2410053030
https://openalex.org/W2410497315
https://openalex.org/W2417726090
https://openalex.org/W2418424124
https://openalex.org/W2418640577
https://openalex.org/W2419516463
https://openalex.org/W2442086335
https://openalex.org/W2467113133
https://openalex.org/W2467810623
https://openalex.org/W2496050514
https://openalex.org/W2522388193
https://openalex.org/W25314292
https://openalex.org/W255076571
https://openalex.org/W2596204821
https://openalex.org/W2599385728
https://openalex.org/W2613791445
https://openalex.org/W2617018439
https://openalex.org/W2618368246
https://openalex.org/W2725879793
https://openalex.org/W2789054814
https://openalex.org/W2798438896
https://openalex.org/W2904611432
https://openalex.org/W3021593977
https://openalex.org/W3036529393
https://openalex.org/W4231391940
https://openalex.org/W4243829962
https://openalex.org/W42805066
https://openalex.org/W4292201214
https://openalex.org/W66354968
https://openalex.org/W2017673275
https://openalex.org/W2105727230
https://openalex.org/W2060162734
https://openalex.org/W3040794648
https://openalex.org/W1533868191
https://openalex.org/W2015513895
https://openalex.org/W2085639037
https://openalex.org/W2766867032
https://openalex.org/W2024692287
https://openalex.org/W2254901956
https://openalex.org/W1984158048
https://openalex.org/W2954968155
https://openalex.org/W2158010208
https://openalex.org/W2147926788
https://openalex.org/W1550524407
https://openalex.org/W2130228797
https://openalex.org/W2132902085
https://openalex.org/W1983135952
https://openalex.org/W2037052203
https://openalex.org/W2128073510
https://openalex.org/W1981388828
https://openalex.org/W2026644067
https://openalex.org/W2149828028
https://openalex.org/W2107104883
https://openalex.org/W2116235763
https://openalex.org/W1967285600
https://openalex.org/W2016561188
https://openalex.org/W1898603201
https://openalex.org/W3184498267
https://openalex.org/W2513581974
https://openalex.org/W2152143404
https://openalex.org/W1878470469
https://openalex.org/W3067360117
https://openalex.org/W1758315017
https://openalex.org/W2739099691
https://openalex.org/W2803273701
https://openalex.org/W4285205371
https://openalex.org/W2155167868
https://openalex.org/W2091426922
https://openalex.org/W2229127298
https://openalex.org/W2624602624
https://openalex.org/W2769127580
https://openalex.org/W2278537091
https://openalex.org/W2783857626
https://openalex.org/W3036801971
https://openalex.org/W2990621560
https://openalex.org/W3047764989
https://openalex.org/W4282964556
https://openalex.org/W389885958
https://openalex.org/W4200397826
https://openalex.org/W3196488607
https://openalex.org/W4220930654
https://openalex.org/W4205625239
https://openalex.org/W4313577308
https://openalex.org/W1968058780
https://openalex.org/W2066206824
https://openalex.org/W1967916323
https://openalex.org/W1997742978
https://openalex.org/W1999634428
https://openalex.org/W1518785179
https://openalex.org/W2007589252
https://openalex.org/W1972499566
https://openalex.org/W2089126506
https://openalex.org/W2171292941
https://openalex.org/W2023602968
https://openalex.org/W2023549854
https://openalex.org/W2052266208
https://openalex.org/W2017919469
https://openalex.org/W2031174898
https://openalex.org/W1980757440
https://openalex.org/W2018760411
https://openalex.org/W2147751393
https://openalex.org/W2161166499
https://openalex.org/W2041147269
https://openalex.org/W2063728498
https://openalex.org/W2153717284
https://openalex.org/W2044874179
https://openalex.org/W2093998535
https://openalex.org/W2087248411
https://openalex.org/W2334638239
https://openalex.org/W2026572966
https://openalex.org/W4240873311
https://openalex.org/W2164408902
https://openalex.org/W2279233532
https://openalex.org/W1978060922
https://openalex.org/W2015375855
https://openalex.org/W2061774444
https://openalex.org/W2007334557
https://openalex.org/W1492331633
https://openalex.org/W1976992387
https://openalex.org/W1924317900
https://openalex.org/W2137977717
https://openalex.org/W2072969152
https://openalex.org/W2128008503
https://openalex.org/W1966438682
https://openalex.org/W1561137111
https://openalex.org/W2153295642
https://openalex.org/W2112532885
https://openalex.org/W2090970892
https://openalex.org/W1976723861
https://openalex.org/W2048846306
https://openalex.org/W2157228939
https://openalex.org/W2015989934
https://openalex.org/W2315635484
https://openalex.org/W2073469295
https://openalex.org/W2084292148
https://openalex.org/W2553974788
https://openalex.org/W145389421
https://openalex.org/W2270031086
https://openalex.org/W149802270
https://openalex.org/W2332178981
https://openalex.org/W2004504582
https://openalex.org/W2793081030
https://openalex.org/W1480722843
https://openalex.org/W2204148727
https://openalex.org/W2161055538
https://openalex.org/W1987964841
https://openalex.org/W2899991876
https://openalex.org/W647734780
https://openalex.org/W1933496370
https://openalex.org/W2039399460
https://openalex.org/W2404519835
https://openalex.org/W2769568855
https://openalex.org/W2072166355
https://openalex.org/W2146088664
https://openalex.org/W2110106465
https://openalex.org/W2779150671
https://openalex.org/W3041859425
https://openalex.org/W2977162759
https://openalex.org/W2795098017
https://openalex.org/W2569264471
https://openalex.org/W2512560709
https://openalex.org/W2528353436
https://openalex.org/W2419052892
https://openalex.org/W2760619802
https://openalex.org/W2939214719
https://openalex.org/W3016517816
https://openalex.org/W2965363266
https://openalex.org/W2973152168
https://openalex.org/W2984529289
https://openalex.org/W2081222186
https://openalex.org/W3200553754
https://openalex.org/W2004798467
https://openalex.org/W3012755269
https://openalex.org/W2133492274
https://openalex.org/W2068862729
https://openalex.org/W3017045796
https://openalex.org/W3005533941
https://openalex.org/W3091970679
https://openalex.org/W3157040976
https://openalex.org/W3164587385
https://openalex.org/W3014137123
https://openalex.org/W3125158112
https://openalex.org/W3172458512
https://openalex.org/W3135763439
https://openalex.org/W4225999460
https://openalex.org/W4287832791
https://openalex.org/W4200445831
https://openalex.org/W4224264731
https://openalex.org/W4295928235
https://openalex.org/W4313413680
https://openalex.org/W4283690144
https://openalex.org/W4321596086
https://openalex.org/W4291000353
https://openalex.org/W4292117467
https://openalex.org/W4377100807
https://openalex.org/W4311143235
https://openalex.org/W4318449163
https://openalex.org/W4365459730
https://openalex.org/W4381335210
https://openalex.org/W4390570588
https://openalex.org/W4387709183
https://openalex.org/W4387808884
https://openalex.org/W4391837297
https://openalex.org/W2113150609
https://openalex.org/W1989547691
https://openalex.org/W2151268419
https://openalex.org/W2044988305
https://openalex.org/W2009395935
https://openalex.org/W2022301569
https://openalex.org/W2055818639
https://openalex.org/W2162685245
https://openalex.org/W2000219349
https://openalex.org/W2008150408
https://openalex.org/W2087577948
https://openalex.org/W70963224
https://openalex.org/W2034987614
https://openalex.org/W2046420543
https://openalex.org/W2148849347
https://openalex.org/W2146333550
https://openalex.org/W2155373800
https://openalex.org/W1563584406
https://openalex.org/W2049170525
https://openalex.org/W1980275437
https://openalex.org/W2000384224
https://openalex.org/W2269161383
https://openalex.org/W2026890192
https://openalex.org/W2039771131
https://openalex.org/W2060550237
https://openalex.org/W2041196825
https://openalex.org/W2082570078
https://openalex.org/W1787569067
https://openalex.org/W2087220211
https://openalex.org/W2005875603
https://openalex.org/W1990884030
https://openalex.org/W2033615900
https://openalex.org/W2018992333
https://openalex.org/W2091620259
https://openalex.org/W1991846033
https://openalex.org/W2006621442
https://openalex.org/W2034125175
https://openalex.org/W2122508461
https://openalex.org/W2236705697
https://openalex.org/W2160030499
https://openalex.org/W1996595487
https://openalex.org/W1997733124
https://openalex.org/W2290489772
https://openalex.org/W2074592689
https://openalex.org/W2087404248
https://openalex.org/W1915196633
https://openalex.org/W2039301590
https://openalex.org/W2335499920
https://openalex.org/W2037001126
https://openalex.org/W2055277086
https://openalex.org/W1190748217
https://openalex.org/W2026351999
https://openalex.org/W2037906341
https://openalex.org/W2121335969
https://openalex.org/W2122922085
https://openalex.org/W2137811752
https://openalex.org/W2128736423
https://openalex.org/W2148786935
https://openalex.org/W2594738913
https://openalex.org/W2898193720
https://openalex.org/W2010134972
https://openalex.org/W2896568378
https://openalex.org/W2032134401
https://openalex.org/W2482751408
https://openalex.org/W2622695931
https://openalex.org/W2890891710
https://openalex.org/W2766441463
https://openalex.org/W1605325664
https://openalex.org/W2153610544
https://openalex.org/W2321070128
https://openalex.org/W2323380009
https://openalex.org/W2749607901
https://openalex.org/W2522511478
https://openalex.org/W2609782503
https://openalex.org/W2055463459
https://openalex.org/W2768449248
https://openalex.org/W2802119898
https://openalex.org/W2768632892
https://openalex.org/W2734781374
https://openalex.org/W2896680161
https://openalex.org/W3111526032
https://openalex.org/W2897982360
https://openalex.org/W2940061256
https://openalex.org/W2969443713
https://openalex.org/W2933768752
https://openalex.org/W2966551807
https://openalex.org/W2910026984
https://openalex.org/W2071527840
https://openalex.org/W1983246965
https://openalex.org/W2943944245
https://openalex.org/W2985583662
https://openalex.org/W3004863894
https://openalex.org/W3005570649
https://openalex.org/W3112624055
https://openalex.org/W2101152776
https://openalex.org/W3130172650
https://openalex.org/W3134850238
https://openalex.org/W3013391536
https://openalex.org/W3017213724
https://openalex.org/W3145162856
https://openalex.org/W3213043847
https://openalex.org/W3158002510
https://openalex.org/W3193593613
https://openalex.org/W3195447298
https://openalex.org/W3169211784
https://openalex.org/W4214603664
https://openalex.org/W4220704107
https://openalex.org/W4220941421
https://openalex.org/W4221125287
https://openalex.org/W4281796629
https://openalex.org/W4286296272
https://openalex.org/W4295488546
https://openalex.org/W4206420552
https://openalex.org/W4309784115
https://openalex.org/W4360810061
https://openalex.org/W4316464858
https://openalex.org/W4388608306
https://openalex.org/W4387183327
https://openalex.org/W4388802667
https://openalex.org/W4389165595
https://openalex.org/W4390989064
https://openalex.org/W1992630792
https://openalex.org/W2111836019
https://openalex.org/W2089178668
https://openalex.org/W2108379135
https://openalex.org/W2086659968
https://openalex.org/W2070442887
https://openalex.org/W2035010797
https://openalex.org/W2091244893
https://openalex.org/W2126865639
https://openalex.org/W1999141100
https://openalex.org/W2029796637
https://openalex.org/W2033548644
https://openalex.org/W2046457867
https://openalex.org/W2056171928
https://openalex.org/W2086267580
https://openalex.org/W2025361400
https://openalex.org/W2090775387
https://openalex.org/W2329541400
https://openalex.org/W2035502179
https://openalex.org/W2115663098
https://openalex.org/W2008100546
https://openalex.org/W1971484775
https://openalex.org/W2026585856
https://openalex.org/W2050842467
https://openalex.org/W2079846462
https://openalex.org/W1657966397
https://openalex.org/W2053316017
https://openalex.org/W1987527554
https://openalex.org/W1967630210
https://openalex.org/W2025929826
https://openalex.org/W2027463508
https://openalex.org/W1588243510
https://openalex.org/W1979544146
https://openalex.org/W2032976475
https://openalex.org/W2076163174
https://openalex.org/W2079278724
https://openalex.org/W1968069601
https://openalex.org/W2090318613
https://openalex.org/W2032497007
https://openalex.org/W2156478615
https://openalex.org/W1991562104
https://openalex.org/W2148304268
https://openalex.org/W1965054882
https://openalex.org/W2082439167
https://openalex.org/W2160609984
https://openalex.org/W2057277366
https://openalex.org/W2084860737
https://openalex.org/W1992548586
https://openalex.org/W2130789019
https://openalex.org/W1983534375
https://openalex.org/W1998876111
https://openalex.org/W1601102876
https://openalex.org/W2055383421
https://openalex.org/W2005919713
https://openalex.org/W1989683228
https://openalex.org/W2022322291
https://openalex.org/W2058088239
https://openalex.org/W2097591523
https://openalex.org/W2002114962
https://openalex.org/W2026915312
https://openalex.org/W2042144738
https://openalex.org/W2060749303
https://openalex.org/W2136635537
https://openalex.org/W1929299477
https://openalex.org/W2008533076
https://openalex.org/W2493461421
https://openalex.org/W2080974947
https://openalex.org/W2321804787
https://openalex.org/W2329868100
https://openalex.org/W2128444738
https://openalex.org/W2471527972
https://openalex.org/W2530567712
https://openalex.org/W2796438040
https://openalex.org/W2095572133
https://openalex.org/W2559945532
https://openalex.org/W2897667112
https://openalex.org/W2101907973
https://openalex.org/W2594170494
https://openalex.org/W2743399127
https://openalex.org/W2746653474
https://openalex.org/W2771790405
https://openalex.org/W1957423796
https://openalex.org/W1937987675
https://openalex.org/W2541479831
https://openalex.org/W2494675251
https://openalex.org/W2767353899
https://openalex.org/W2045626028
https://openalex.org/W2341408233
https://openalex.org/W2346255463
https://openalex.org/W2512195020
https://openalex.org/W2768552442
https://openalex.org/W2800833398
https://openalex.org/W2889224376
https://openalex.org/W2895865240
https://openalex.org/W2986533048
https://openalex.org/W2728829000
https://openalex.org/W2887492792
https://openalex.org/W2963689671
https://openalex.org/W2995444380
https://openalex.org/W2465301410
https://openalex.org/W3005550611
https://openalex.org/W2972781696
https://openalex.org/W3129232679
https://openalex.org/W3190489139
https://openalex.org/W3174679856
https://openalex.org/W3161482731
https://openalex.org/W3149526614
https://openalex.org/W3157391559
https://openalex.org/W4210563852
https://openalex.org/W4295952266
https://openalex.org/W4221068995
https://openalex.org/W4282043857
https://openalex.org/W4226034497
https://openalex.org/W4298004857
https://openalex.org/W4319066783
https://openalex.org/W4312193336
https://openalex.org/W4321371780
https://openalex.org/W4324141615
https://openalex.org/W4377696060
https://openalex.org/W4387440239
https://openalex.org/W2098284652
https://openalex.org/W2090233981
https://openalex.org/W1975670514
https://openalex.org/W1997339962
https://openalex.org/W2079025253
https://openalex.org/W2167205863
https://openalex.org/W1664881392
https://openalex.org/W2030247067
https://openalex.org/W2090839117
https://openalex.org/W2013637218
https://openalex.org/W2033804809
https://openalex.org/W2169456044
https://openalex.org/W2114036624
https://openalex.org/W1981531030
https://openalex.org/W110427042
https://openalex.org/W1539389699
https://openalex.org/W2120516489
https://openalex.org/W2004577377
https://openalex.org/W2054989076
https://openalex.org/W2024598999
https://openalex.org/W2108088532
https://openalex.org/W1993942791
https://openalex.org/W2137149020
https://openalex.org/W2159750789
https://openalex.org/W1975220182
https://openalex.org/W2038215475
https://openalex.org/W2080218996
https://openalex.org/W2330250320
https://openalex.org/W1900267874
https://openalex.org/W2040074580
https://openalex.org/W1984494772
https://openalex.org/W1968958052
https://openalex.org/W4322695652
https://openalex.org/W2103279131
https://openalex.org/W1969519278
https://openalex.org/W2055086983
https://openalex.org/W2068408958
https://openalex.org/W1969642978
https://openalex.org/W2082094717
https://openalex.org/W1576277997
https://openalex.org/W2051237995
https://openalex.org/W2021205340
https://openalex.org/W2021475723
https://openalex.org/W2051083450
https://openalex.org/W2417935433
https://openalex.org/W2063212231
https://openalex.org/W2089869130
https://openalex.org/W2049964439
https://openalex.org/W1975104089
https://openalex.org/W2019724041
https://openalex.org/W2117751056
https://openalex.org/W2260577743
https://openalex.org/W2085056220
https://openalex.org/W2022112744
https://openalex.org/W2070393800
https://openalex.org/W2087663564
https://openalex.org/W2098679333
https://openalex.org/W2109811928
https://openalex.org/W2160027192
https://openalex.org/W2325191451
https://openalex.org/W2042786713
https://openalex.org/W1996728599
https://openalex.org/W2018547956
https://openalex.org/W2020525870
https://openalex.org/W2499642626
https://openalex.org/W1980595952
https://openalex.org/W1993752297
https://openalex.org/W1956395561
https://openalex.org/W2137406073
https://openalex.org/W2001614120
https://openalex.org/W2075932078
https://openalex.org/W2157134146
https://openalex.org/W1930581771
https://openalex.org/W2589440269
https://openalex.org/W2760007656
https://openalex.org/W1850875428
https://openalex.org/W1964563257
https://openalex.org/W2286028742
https://openalex.org/W1833843483
https://openalex.org/W2337288008
https://openalex.org/W2493497354
https://openalex.org/W1518031283
https://openalex.org/W2505145267
https://openalex.org/W2579705165
https://openalex.org/W2803304342
https://openalex.org/W2807708706
https://openalex.org/W2562373507
https://openalex.org/W2775944983
https://openalex.org/W2072877612
https://openalex.org/W2996416371
https://openalex.org/W2997240459
https://openalex.org/W3046762547
https://openalex.org/W2996055589
https://openalex.org/W3023896817
https://openalex.org/W3036750912
https://openalex.org/W3048354284
https://openalex.org/W3016506808
https://openalex.org/W3108050158
https://openalex.org/W3154021688
https://openalex.org/W3213524078
https://openalex.org/W4221060347
https://openalex.org/W4220689194
https://openalex.org/W4293219319
https://openalex.org/W4307550280
https://openalex.org/W4210721653
https://openalex.org/W4226088562
https://openalex.org/W4312083032
https://openalex.org/W4321598202
https://openalex.org/W4321610270
https://openalex.org/W4323043326
https://openalex.org/W4361275373
https://openalex.org/W4367043508
https://openalex.org/W4367173055
https://openalex.org/W4368318109
https://openalex.org/W4381849919
https://openalex.org/W2002337697
https://openalex.org/W2056747798
https://openalex.org/W2015646908
https://openalex.org/W2001083341
https://openalex.org/W2153535328
https://openalex.org/W1996306479
https://openalex.org/W2023659955
https://openalex.org/W2079900331
https://openalex.org/W2129401821
https://openalex.org/W1970234781
https://openalex.org/W2144067281
https://openalex.org/W2298233501
https://openalex.org/W2136582620
https://openalex.org/W2161542788
https://openalex.org/W2088289376
https://openalex.org/W2263333154
https://openalex.org/W1981558757
https://openalex.org/W1991468559
https://openalex.org/W2030301396
https://openalex.org/W2052470657
https://openalex.org/W1992056832
https://openalex.org/W2054555817
https://openalex.org/W2070628314
https://openalex.org/W2005025911
https://openalex.org/W2335859427
https://openalex.org/W1991609253
https://openalex.org/W2013986156
https://openalex.org/W2131264636
https://openalex.org/W2004441489
https://openalex.org/W2013023133
https://openalex.org/W2017245404
https://openalex.org/W2170864961
https://openalex.org/W1679038860
https://openalex.org/W1972361302
https://openalex.org/W2078242024
https://openalex.org/W1980704317
https://openalex.org/W2018030274
https://openalex.org/W2145272765
https://openalex.org/W2166918242
https://openalex.org/W4244552087
https://openalex.org/W2005256320
https://openalex.org/W2007168719
https://openalex.org/W2061645291
https://openalex.org/W2132785601
https://openalex.org/W2068592783
https://openalex.org/W2083364568
https://openalex.org/W2105019573
https://openalex.org/W2061175086
https://openalex.org/W1946223921
https://openalex.org/W2024355515
https://openalex.org/W2046777428
https://openalex.org/W2328098418
https://openalex.org/W1975566666
https://openalex.org/W2123774616
https://openalex.org/W2163808966
https://openalex.org/W2397358821
https://openalex.org/W2064849125
https://openalex.org/W2079480467
https://openalex.org/W2092165053
https://openalex.org/W2271191827
https://openalex.org/W1543159239
https://openalex.org/W1954991023
https://openalex.org/W2374531621
https://openalex.org/W2523220467
https://openalex.org/W2730002679
https://openalex.org/W349204133
https://openalex.org/W1086682003
https://openalex.org/W1901887072
https://openalex.org/W2025007557
https://openalex.org/W2039170069
https://openalex.org/W2399866222
https://openalex.org/W2485929083
https://openalex.org/W2491609649
https://openalex.org/W2497269651
https://openalex.org/W2598584821
https://openalex.org/W2604552217
https://openalex.org/W2756283922
https://openalex.org/W2332230335
https://openalex.org/W2883056023
https://openalex.org/W2901528387
https://openalex.org/W2789880460
https://openalex.org/W2904290866
https://openalex.org/W2966215510
https://openalex.org/W2974621309
https://openalex.org/W2210780634
https://openalex.org/W2265569005
https://openalex.org/W2409532306
https://openalex.org/W2470756076
https://openalex.org/W2486442329
https://openalex.org/W2924660348
https://openalex.org/W2949120942
https://openalex.org/W2962573170
https://openalex.org/W2979635782
https://openalex.org/W2953779133
https://openalex.org/W2969811191
https://openalex.org/W2904777284
https://openalex.org/W3115167371
https://openalex.org/W2084737274
https://openalex.org/W3036099501
https://openalex.org/W3118450844
https://openalex.org/W3134745370
https://openalex.org/W3124488291
https://openalex.org/W3147338765
https://openalex.org/W3188233590
https://openalex.org/W3198921542
https://openalex.org/W3206006488
https://openalex.org/W3160354999
https://openalex.org/W3185710314
https://openalex.org/W3187114902
https://openalex.org/W3191030488
https://openalex.org/W3196977208
https://openalex.org/W4287009780
https://openalex.org/W4324058090
https://openalex.org/W2069993590
https://openalex.org/W1968610887
https://openalex.org/W2037147157
https://openalex.org/W2012226596
https://openalex.org/W2148514348
https://openalex.org/W2077233537
https://openalex.org/W4318599005
https://openalex.org/W124002092
https://openalex.org/W2020145363
https://openalex.org/W2055584495
https://openalex.org/W1555277731
https://openalex.org/W1978450128
https://openalex.org/W1989873520
https://openalex.org/W2021472933
https://openalex.org/W2005501081
https://openalex.org/W2050297474
https://openalex.org/W2051849413
https://openalex.org/W2072499064
https://openalex.org/W2091014287
https://openalex.org/W1992594125
https://openalex.org/W2023131642
https://openalex.org/W2023571784
https://openalex.org/W2087642499
https://openalex.org/W1969152727
https://openalex.org/W1978719446
https://openalex.org/W2023249489
https://openalex.org/W2036055976
https://openalex.org/W2012564451
https://openalex.org/W2029857459
https://openalex.org/W2030550301
https://openalex.org/W2107389889
https://openalex.org/W2031585724
https://openalex.org/W2110632833
https://openalex.org/W2048342557
https://openalex.org/W2010817445
https://openalex.org/W1976540680
https://openalex.org/W1978790542
https://openalex.org/W1973201456
https://openalex.org/W2174737189
https://openalex.org/W2064882144
https://openalex.org/W1962894197
https://openalex.org/W1977293943
https://openalex.org/W2111875400
https://openalex.org/W2163941200
https://openalex.org/W2029312280
https://openalex.org/W2133105920
https://openalex.org/W1707855527
https://openalex.org/W1999531637
https://openalex.org/W2126749841
https://openalex.org/W193502106
https://openalex.org/W1978332339
https://openalex.org/W1571786962
https://openalex.org/W1618554272
https://openalex.org/W2067492892
https://openalex.org/W2192060066
https://openalex.org/W2748572555
https://openalex.org/W1861926758
https://openalex.org/W2026403039
https://openalex.org/W2077742199
https://openalex.org/W2162020709
https://openalex.org/W2164441476
https://openalex.org/W2419245755
https://openalex.org/W2531184050
https://openalex.org/W2740103787
https://openalex.org/W2054702381
https://openalex.org/W2276036372
https://openalex.org/W2566025463
https://openalex.org/W2064215942
https://openalex.org/W2200103985
https://openalex.org/W2347170303
https://openalex.org/W2522641714
https://openalex.org/W2569639052
https://openalex.org/W2755128970
https://openalex.org/W2509642198
https://openalex.org/W2553842365
https://openalex.org/W2907310687
https://openalex.org/W2908197926
https://openalex.org/W2915787090
https://openalex.org/W322605928
https://openalex.org/W3085711146
https://openalex.org/W3014258685
https://openalex.org/W3112615919
https://openalex.org/W3158847089
https://openalex.org/W3188084363
https://openalex.org/W4200076297
https://openalex.org/W3215059201
https://openalex.org/W4210443414
https://openalex.org/W4214764485
https://openalex.org/W4223444873
https://openalex.org/W4225080951
https://openalex.org/W4283763365
https://openalex.org/W4287378298
https://openalex.org/W4307657927
https://openalex.org/W4206944795
https://openalex.org/W4226378905
https://openalex.org/W4282837825
https://openalex.org/W4283658847
https://openalex.org/W4283828135
https://openalex.org/W4316814948
https://openalex.org/W4317733128
https://openalex.org/W4362701343
https://openalex.org/W4367555434
https://openalex.org/W4378516276
https://openalex.org/W4385898398
https://openalex.org/W4387755403
https://openalex.org/W4387768945
https://openalex.org/W4395151776
https://openalex.org/W1961715910
https://openalex.org/W634335919
https://openalex.org/W2051303525
https://openalex.org/W2090851177
https://openalex.org/W2147104127
https://openalex.org/W2036943363
https://openalex.org/W2070789065
https://openalex.org/W2118021004
https://openalex.org/W1970251418
https://openalex.org/W1975832070
https://openalex.org/W2012452179
https://openalex.org/W2016252980
https://openalex.org/W2016372674
https://openalex.org/W2050060881
https://openalex.org/W2079836569
https://openalex.org/W2003475957
https://openalex.org/W2103588710
https://openalex.org/W2059343461
https://openalex.org/W2062477020
https://openalex.org/W1483625068
https://openalex.org/W2018078964
https://openalex.org/W2083204689
https://openalex.org/W1967084014
https://openalex.org/W2040761801
https://openalex.org/W2074414207
https://openalex.org/W1966399113
https://openalex.org/W2034837385
https://openalex.org/W1985950514
https://openalex.org/W1998454465
https://openalex.org/W2039073780
https://openalex.org/W2157262106
https://openalex.org/W1984497586
https://openalex.org/W2046975883
https://openalex.org/W2105386523
https://openalex.org/W1986602687
https://openalex.org/W2155102322
https://openalex.org/W2319385553
https://openalex.org/W1482043510
https://openalex.org/W1997430891
https://openalex.org/W1973582115
https://openalex.org/W2029612341
https://openalex.org/W2002598587
https://openalex.org/W2138842841
https://openalex.org/W2141042225
https://openalex.org/W2142018186
https://openalex.org/W2157861508
https://openalex.org/W2160092994
https://openalex.org/W1884495589
https://openalex.org/W2028246836
https://openalex.org/W2087970833
https://openalex.org/W2121882424
https://openalex.org/W1488165964
https://openalex.org/W1822650086
https://openalex.org/W2068669634
https://openalex.org/W2570045237
https://openalex.org/W2600384512
https://openalex.org/W1969903206
https://openalex.org/W2061860883
https://openalex.org/W2251442928
https://openalex.org/W2300481798
https://openalex.org/W2511628220
https://openalex.org/W2765750337
https://openalex.org/W2310303161
https://openalex.org/W2795673365
https://openalex.org/W2219611404
https://openalex.org/W2743287196
https://openalex.org/W2773184991
https://openalex.org/W2804281454
https://openalex.org/W2912994480
https://openalex.org/W2976742493
https://openalex.org/W3033069466
https://openalex.org/W3116516034
https://openalex.org/W3012329063
https://openalex.org/W3013304477
https://openalex.org/W3034374100
https://openalex.org/W3091891525
https://openalex.org/W3010222158
https://openalex.org/W2170983486
https://openalex.org/W3123858881
https://openalex.org/W3130799355
https://openalex.org/W3155191070
https://openalex.org/W3162780336
https://openalex.org/W3170062116
https://openalex.org/W3178235330
https://openalex.org/W4200326860
https://openalex.org/W3157427601
https://openalex.org/W3161718415
https://openalex.org/W3189508165
https://openalex.org/W4220713549
https://openalex.org/W4283077450
https://openalex.org/W4292316563
https://openalex.org/W4293317558
https://openalex.org/W4297201917
https://openalex.org/W4304689661
https://openalex.org/W4310191453
https://openalex.org/W4387808829
https://openalex.org/W4388805605
https://openalex.org/W4388948084
https://openalex.org/W4390204594
https://openalex.org/W4390331537
https://openalex.org/W4390665387
https://openalex.org/W4390766113
https://openalex.org/W4390886231
https://openalex.org/W4390936413
https://openalex.org/W4390988741
https://openalex.org/W4391024752
https://openalex.org/W4391070695
https://openalex.org/W4391098651
https://openalex.org/W4391229093
https://openalex.org/W4391538176
https://openalex.org/W4391564188
https://openalex.org/W4391749588
https://openalex.org/W4391960755
https://openalex.org/W4392087891
https://openalex.org/W4392128657
https://openalex.org/W4392137767
https://openalex.org/W4392151396
https://openalex.org/W4392165614
https://openalex.org/W4392170482
https://openalex.org/W4392245114
https://openalex.org/W4392369329
https://openalex.org/W4392394320
https://openalex.org/W4392436357
https://openalex.org/W4392528705
https://openalex.org/W4392606068
https://openalex.org/W4392752139
https://openalex.org/W4392882565
https://openalex.org/W4392975992
https://openalex.org/W4393006828
https://openalex.org/W4393036435
https://openalex.org/W4393069206
https://openalex.org/W4393231371
https://openalex.org/W4394854275
https://openalex.org/W4394963098
https://openalex.org/W4395044304
https://openalex.org/W4395049214
https://openalex.org/W4395661512
https://openalex.org/W4396494683
https://openalex.org/W2094651501
https://openalex.org/W2021714678
https://openalex.org/W2057127977
https://openalex.org/W2067293942
https://openalex.org/W2084884034
https://openalex.org/W2155847399
https://openalex.org/W2469521892
https://openalex.org/W2026847875
https://openalex.org/W2066243307
https://openalex.org/W2000936700
https://openalex.org/W2058034683
https://openalex.org/W2061371001
https://openalex.org/W69636877
https://openalex.org/W1966196787
https://openalex.org/W1983874647
https://openalex.org/W2031397119
https://openalex.org/W2175610966
https://openalex.org/W2597147728
https://openalex.org/W2056071157
https://openalex.org/W2056926117
https://openalex.org/W2077891390
https://openalex.org/W2067546482
https://openalex.org/W2106446332
https://openalex.org/W2405444732
https://openalex.org/W1980212437
https://openalex.org/W2001361906
https://openalex.org/W1990929574
https://openalex.org/W1982817557
https://openalex.org/W2069818214
https://openalex.org/W2185324447
https://openalex.org/W2028475186
https://openalex.org/W2120862888
https://openalex.org/W1964102353
https://openalex.org/W2021923280
https://openalex.org/W2097362217
https://openalex.org/W1989908621
https://openalex.org/W2007140010
https://openalex.org/W2027994405
https://openalex.org/W1989925833
https://openalex.org/W2070025010
https://openalex.org/W2086712133
https://openalex.org/W2154389651
https://openalex.org/W2329929843
https://openalex.org/W1975221481
https://openalex.org/W2015711766
https://openalex.org/W2023135372
https://openalex.org/W2031227121
https://openalex.org/W2461549325
https://openalex.org/W2606976223
https://openalex.org/W2615246133
https://openalex.org/W2615584344
https://openalex.org/W1966847346
https://openalex.org/W2041383638
https://openalex.org/W2325343042
https://openalex.org/W2418144948
https://openalex.org/W2791435506
https://openalex.org/W2794432873
https://openalex.org/W2808133270
https://openalex.org/W2755445351
https://openalex.org/W2767171607
https://openalex.org/W2778483168
https://openalex.org/W2794052956
https://openalex.org/W2948239024
https://openalex.org/W2978895138
https://openalex.org/W2399944487
https://openalex.org/W2493910100
https://openalex.org/W2795140230
https://openalex.org/W2908867215
https://openalex.org/W2910194899
https://openalex.org/W2924826766
https://openalex.org/W3001992249
https://openalex.org/W3047859851
https://openalex.org/W3153952594
https://openalex.org/W3192952968
https://openalex.org/W3198576593
https://openalex.org/W4304688398
https://openalex.org/W4306750782
https://openalex.org/W4313557151
https://openalex.org/W4317663711
https://openalex.org/W4318215115
https://openalex.org/W4318667211
https://openalex.org/W4322630071
https://openalex.org/W4324093898
https://openalex.org/W4377565563
https://openalex.org/W4379055999
https://openalex.org/W4382809501
https://openalex.org/W4386784966
https://openalex.org/W4386837434
https://openalex.org/W4387448841
https://openalex.org/W4388070037
https://openalex.org/W4388075538
https://openalex.org/W2123830880
https://openalex.org/W2008538258
https://openalex.org/W1982648500
https://openalex.org/W2046449957
https://openalex.org/W2071192131
https://openalex.org/W1993757735
https://openalex.org/W2320408960
https://openalex.org/W2027148076
https://openalex.org/W2337993986
https://openalex.org/W2003687017
https://openalex.org/W2044815196
https://openalex.org/W2078588287
https://openalex.org/W2152186450
https://openalex.org/W1963639510
https://openalex.org/W1986029774
https://openalex.org/W2422934727
https://openalex.org/W2001873533
https://openalex.org/W2071198083
https://openalex.org/W1971861486
https://openalex.org/W2018897742
https://openalex.org/W2064936226
https://openalex.org/W2088728021
https://openalex.org/W2006885534
https://openalex.org/W2060828547
https://openalex.org/W2123397051
https://openalex.org/W2128568465
https://openalex.org/W2015875785
https://openalex.org/W2102082070
https://openalex.org/W2169910432
https://openalex.org/W27799434
https://openalex.org/W1553551791
https://openalex.org/W2008020015
https://openalex.org/W2015231010
https://openalex.org/W2042623959
https://openalex.org/W2066754005
https://openalex.org/W2093884126
https://openalex.org/W2095825184
https://openalex.org/W2150374495
https://openalex.org/W2155916541
https://openalex.org/W2161580887
https://openalex.org/W2322758218
https://openalex.org/W2793296860
https://openalex.org/W2883836883
https://openalex.org/W2900951674
https://openalex.org/W838869487
https://openalex.org/W2012442543
https://openalex.org/W2114726387
https://openalex.org/W2268080792
https://openalex.org/W2541563642
https://openalex.org/W2736041338
https://openalex.org/W2778207845
https://openalex.org/W2886608433
https://openalex.org/W2899288045
https://openalex.org/W2199877428
https://openalex.org/W2265140917
https://openalex.org/W2488830593
https://openalex.org/W3020215973
https://openalex.org/W3087953692
https://openalex.org/W3107240174
https://openalex.org/W2991869175
https://openalex.org/W3002777991
https://openalex.org/W3011344476
https://openalex.org/W3107136145
https://openalex.org/W3134178599
https://openalex.org/W3203678481
https://openalex.org/W4206733210
https://openalex.org/W4214492499
https://openalex.org/W4220897797
https://openalex.org/W4223916938
https://openalex.org/W4280563676
https://openalex.org/W4281555135
https://openalex.org/W4281559015
https://openalex.org/W4281672593
https://openalex.org/W4313040452
https://openalex.org/W2306378002
https://openalex.org/W1996483671
https://openalex.org/W2115202292
https://openalex.org/W2126497725
https://openalex.org/W2004719693
https://openalex.org/W1993644510
https://openalex.org/W2049231327
https://openalex.org/W2064307838
https://openalex.org/W1999698946
https://openalex.org/W2011308165
https://openalex.org/W2027995518
https://openalex.org/W2102844082
https://openalex.org/W2071221437
https://openalex.org/W1998590361
https://openalex.org/W2088186442
https://openalex.org/W2139858922
https://openalex.org/W2074291697
https://openalex.org/W1994983084
https://openalex.org/W70544971
https://openalex.org/W2048919497
https://openalex.org/W2050927553
https://openalex.org/W2050343288
https://openalex.org/W2151017524
https://openalex.org/W2412405866
https://openalex.org/W1978140771
https://openalex.org/W2046232740
https://openalex.org/W2128519138
https://openalex.org/W2315163150
https://openalex.org/W2591450790
https://openalex.org/W2593872370
https://openalex.org/W2751460296
https://openalex.org/W2766061762
https://openalex.org/W2767306573
https://openalex.org/W2773728113
https://openalex.org/W2904920434
https://openalex.org/W4252380104
https://openalex.org/W2578978916
https://openalex.org/W2588993503
https://openalex.org/W2604331504
https://openalex.org/W2605759821
https://openalex.org/W2792834415
https://openalex.org/W2889331069
https://openalex.org/W2891535459
https://openalex.org/W2915864710
https://openalex.org/W2948917476
https://openalex.org/W2982192612
https://openalex.org/W2516963336
https://openalex.org/W2549765995
https://openalex.org/W2566105361
https://openalex.org/W2567421455
https://openalex.org/W2912145256
https://openalex.org/W2912331812
https://openalex.org/W2913044096
https://openalex.org/W2975772664
https://openalex.org/W2990714635
https://openalex.org/W2991773626
https://openalex.org/W1432852576
https://openalex.org/W2997651323
https://openalex.org/W3008662302
https://openalex.org/W3010518325
https://openalex.org/W3040591410
https://openalex.org/W3081298695
https://openalex.org/W3099096782
https://openalex.org/W3124020835
https://openalex.org/W3127901141
https://openalex.org/W3160797041
https://openalex.org/W3162161717
https://openalex.org/W3209322952
https://openalex.org/W4200056798
https://openalex.org/W4200573112
https://openalex.org/W4205860717
https://openalex.org/W4207036735
https://openalex.org/W4224308556
https://openalex.org/W4282934887
https://openalex.org/W4293214134
https://openalex.org/W4307216590
https://openalex.org/W4307701800
https://openalex.org/W4309005741
https://openalex.org/W1933016283
https://openalex.org/W2103613446
https://openalex.org/W1549559097
https://openalex.org/W1828132798
https://openalex.org/W2012655026
https://openalex.org/W2087230465
https://openalex.org/W2163635940
https://openalex.org/W631031653
https://openalex.org/W2034062121
https://openalex.org/W2038645619
https://openalex.org/W2052105077
https://openalex.org/W2053270929
https://openalex.org/W2275828672
https://openalex.org/W2418091271
https://openalex.org/W2087026993
https://openalex.org/W2036999360
https://openalex.org/W1998537223
https://openalex.org/W1971748096
https://openalex.org/W2025001413
https://openalex.org/W2012446163
https://openalex.org/W2119824626
https://openalex.org/W2313771215
https://openalex.org/W2500668291
https://openalex.org/W64453280
https://openalex.org/W1982464632
https://openalex.org/W2053492961
https://openalex.org/W2147965529
https://openalex.org/W2152719373
https://openalex.org/W2179364218
https://openalex.org/W2321610205
https://openalex.org/W2593561529
https://openalex.org/W2622381753
https://openalex.org/W2736472393
https://openalex.org/W2754879191
https://openalex.org/W2765576102
https://openalex.org/W2768592060
https://openalex.org/W2883470237
https://openalex.org/W2890050971
https://openalex.org/W2890069577
https://openalex.org/W1262613716
https://openalex.org/W2153921980
https://openalex.org/W2182631112
https://openalex.org/W2724955255
https://openalex.org/W2743995715
https://openalex.org/W2810884059
https://openalex.org/W2883428791
https://openalex.org/W2883719276
https://openalex.org/W3025917584
https://openalex.org/W2406817136
https://openalex.org/W2926831480
https://openalex.org/W3009389633
https://openalex.org/W3093734379
https://openalex.org/W3112165804
https://openalex.org/W2984110273
https://openalex.org/W3049470876
https://openalex.org/W3084378304
https://openalex.org/W2415390463
https://openalex.org/W3165757868
https://openalex.org/W3165787894
https://openalex.org/W3180094045
https://openalex.org/W3185160966
https://openalex.org/W1987638911
https://openalex.org/W2134525084
https://openalex.org/W1973034882
https://openalex.org/W645756815
https://openalex.org/W2017589691
https://openalex.org/W1966222806
https://openalex.org/W1998453304
https://openalex.org/W2050047960
https://openalex.org/W2053364127
https://openalex.org/W2169743987
https://openalex.org/W2418650108
https://openalex.org/W2137045260
https://openalex.org/W2469462995
https://openalex.org/W2037139456
https://openalex.org/W1986896359
https://openalex.org/W2068197640
https://openalex.org/W2177424990
https://openalex.org/W2074828722
https://openalex.org/W2075064226
https://openalex.org/W2147724523
https://openalex.org/W1488327289
https://openalex.org/W2051330647
https://openalex.org/W2159765899
https://openalex.org/W1487357915
https://openalex.org/W2012682948
https://openalex.org/W1999880229
https://openalex.org/W2052484360
https://openalex.org/W2059802777
https://openalex.org/W2335611507
https://openalex.org/W2587995290
https://openalex.org/W2605373733
https://openalex.org/W1991748086
https://openalex.org/W2060411943
https://openalex.org/W2281277939
https://openalex.org/W2321777543
https://openalex.org/W2418244515
https://openalex.org/W2575057469
https://openalex.org/W2589165448
https://openalex.org/W2596132419
https://openalex.org/W2749845959
https://openalex.org/W2898287304
https://openalex.org/W2908002251
https://openalex.org/W2915829496
https://openalex.org/W2029657612
https://openalex.org/W2036400631
https://openalex.org/W2104147246
https://openalex.org/W2111442707
https://openalex.org/W2177165948
https://openalex.org/W2256813718
https://openalex.org/W2346110247
https://openalex.org/W2473659295
https://openalex.org/W2476943814
https://openalex.org/W2962888202
https://openalex.org/W2972179283
https://openalex.org/W2994938732
https://openalex.org/W3003376400
https://openalex.org/W3005471903
https://openalex.org/W3021612835
https://openalex.org/W3028450234
https://openalex.org/W3109084478
https://openalex.org/W3113061627
https://openalex.org/W3120228790
https://openalex.org/W3128361294
https://openalex.org/W3132153458
https://openalex.org/W3177050812
https://openalex.org/W3180827069
https://openalex.org/W3198014196
https://openalex.org/W4206451588
https://openalex.org/W4281649137
https://openalex.org/W4281696365
https://openalex.org/W4293759618
https://openalex.org/W4294294975
https://openalex.org/W4307941511
https://openalex.org/W4311227838
https://openalex.org/W4312124094
https://openalex.org/W4312220737
https://openalex.org/W4313456041
https://openalex.org/W4315700383
https://openalex.org/W4315707181
https://openalex.org/W4317041562
https://openalex.org/W4322154671
https://openalex.org/W4327630183
https://openalex.org/W4327698230
https://openalex.org/W4363624501
https://openalex.org/W4365146936
https://openalex.org/W4367174544
https://openalex.org/W4367396161
https://openalex.org/W4367550256
https://openalex.org/W4375860692
https://openalex.org/W4380371950
https://openalex.org/W4383702627
https://openalex.org/W4385241341
https://openalex.org/W4385654518
https://openalex.org/W4386295465
https://openalex.org/W4386418543
https://openalex.org/W4387059841
https://openalex.org/W4387212899
https://openalex.org/W4387823170
https://openalex.org/W4388722277
https://openalex.org/W4388936273
https://openalex.org/W4389327879
https://openalex.org/W1999989122
https://openalex.org/W2054324490
https://openalex.org/W1989373363
https://openalex.org/W2006929718
https://openalex.org/W2076109454
https://openalex.org/W2415540031
https://openalex.org/W2086974370
https://openalex.org/W2515345116
https://openalex.org/W1597747618
https://openalex.org/W2089641089
https://openalex.org/W2142833212
https://openalex.org/W2064333423
https://openalex.org/W1979135439
https://openalex.org/W2227612447
https://openalex.org/W2411400836
https://openalex.org/W2021967983
https://openalex.org/W2079250536
https://openalex.org/W2342141035
https://openalex.org/W2461732613
https://openalex.org/W1981474869
https://openalex.org/W1967637123
https://openalex.org/W2000262059
https://openalex.org/W2070700301
https://openalex.org/W2102561651
https://openalex.org/W1981196077
https://openalex.org/W2011141478
https://openalex.org/W2103144903
https://openalex.org/W1987355661
https://openalex.org/W4232158112
https://openalex.org/W2075595921
https://openalex.org/W2404627490
https://openalex.org/W1992679920
https://openalex.org/W2030146266
https://openalex.org/W2613209180
https://openalex.org/W2779047037
https://openalex.org/W2899734951
https://openalex.org/W2902263006
https://openalex.org/W2904824382
https://openalex.org/W2281731698
https://openalex.org/W2470358542
https://openalex.org/W2536910011
https://openalex.org/W2582915053
https://openalex.org/W2883965363
https://openalex.org/W2913905161
https://openalex.org/W2924745572
https://openalex.org/W2937595493
https://openalex.org/W2127362000
https://openalex.org/W2027182221
https://openalex.org/W2081468629
https://openalex.org/W1969090120
https://openalex.org/W2043062325
https://openalex.org/W2046346129
https://openalex.org/W1981191816
https://openalex.org/W2399713594
https://openalex.org/W1974637756
https://openalex.org/W2057352534
https://openalex.org/W2084328570
https://openalex.org/W2297488431
https://openalex.org/W1519506235
https://openalex.org/W1988537807
https://openalex.org/W2037405153
https://openalex.org/W2072936155
https://openalex.org/W2333061591
https://openalex.org/W2009075859
https://openalex.org/W2026486798
https://openalex.org/W2084864323
https://openalex.org/W2054645545
https://openalex.org/W2157565675
https://openalex.org/W2402974003
https://openalex.org/W1528187211
https://openalex.org/W1836375539
https://openalex.org/W2040432014
https://openalex.org/W2046333678
https://openalex.org/W2121658329
https://openalex.org/W2126777033
https://openalex.org/W2259822997
https://openalex.org/W2265547103
https://openalex.org/W2295588572
https://openalex.org/W2328958172
https://openalex.org/W2410223121
https://openalex.org/W2463184035
https://openalex.org/W2519902779
https://openalex.org/W2556864177
https://openalex.org/W2565792800
https://openalex.org/W2577259472
https://openalex.org/W2903125089
https://openalex.org/W2911266524
https://openalex.org/W2946288205
https://openalex.org/W2988584962
https://openalex.org/W2996145668
https://openalex.org/W2996560494
https://openalex.org/W3002188582
https://openalex.org/W3092389191
https://openalex.org/W2340784304
https://openalex.org/W2489108053
https://openalex.org/W3116208584
https://openalex.org/W3157639321
https://openalex.org/W3159693434
https://openalex.org/W3168022204
https://openalex.org/W3197169353
https://openalex.org/W4200105976
https://openalex.org/W4200566222
https://openalex.org/W4226126151
https://openalex.org/W2942621037
https://openalex.org/W173409629
https://openalex.org/W1963103599
https://openalex.org/W2075175249
https://openalex.org/W2325144760
https://openalex.org/W2396446205
https://openalex.org/W1968305065
https://openalex.org/W2001857405
https://openalex.org/W2050388914
https://openalex.org/W2183491013
https://openalex.org/W2088555185
https://openalex.org/W2111307288
https://openalex.org/W2040267410
https://openalex.org/W2051437606
https://openalex.org/W1978808015
https://openalex.org/W2122150967
https://openalex.org/W4251698008
https://openalex.org/W1991714817
https://openalex.org/W2009332024
https://openalex.org/W2084469410
https://openalex.org/W1990621293
https://openalex.org/W2005552449
https://openalex.org/W2048217712
https://openalex.org/W2800127597
https://openalex.org/W2884780225
https://openalex.org/W1876545041
https://openalex.org/W1969685442
https://openalex.org/W1988949966
https://openalex.org/W2012129593
https://openalex.org/W2158653965
https://openalex.org/W2592165933
https://openalex.org/W2620674771
https://openalex.org/W2772859743
https://openalex.org/W2775580380
https://openalex.org/W2888768667
https://openalex.org/W2908810915
https://openalex.org/W2944526826
https://openalex.org/W2956081564
https://openalex.org/W2973168264
https://openalex.org/W2983051221
https://openalex.org/W3008401250
https://openalex.org/W3010721176
https://openalex.org/W3045419185
https://openalex.org/W3082101688
https://openalex.org/W3097593120
https://openalex.org/W3120251190
https://openalex.org/W3122734668
https://openalex.org/W3123225817
https://openalex.org/W3139911358
https://openalex.org/W3151621669
https://openalex.org/W3163849100
https://openalex.org/W3196456276
https://openalex.org/W1976793887
https://openalex.org/W4206945972
https://openalex.org/W4212993406
https://openalex.org/W4220838292
https://openalex.org/W4220850533
https://openalex.org/W4224311755
https://openalex.org/W4224436012
https://openalex.org/W4280514603
https://openalex.org/W4280569245
https://openalex.org/W4282559790
https://openalex.org/W4285038290
https://openalex.org/W4288748474
https://openalex.org/W4312126502
https://openalex.org/W2015914200
https://openalex.org/W4234981739
https://openalex.org/W2203425403
https://openalex.org/W2046056170
https://openalex.org/W1966902530
https://openalex.org/W1995102542
https://openalex.org/W2063721371
https://openalex.org/W2101374808
https://openalex.org/W1976654684
https://openalex.org/W1998184587
https://openalex.org/W2079995241
https://openalex.org/W2030710894
https://openalex.org/W2168185440
https://openalex.org/W2169488799
https://openalex.org/W2750136480
https://openalex.org/W2807710943
https://openalex.org/W2902331758
https://openalex.org/W1043296608
https://openalex.org/W1996704017
https://openalex.org/W2024551849
https://openalex.org/W2069071921
https://openalex.org/W2090585306
https://openalex.org/W2148372481
https://openalex.org/W2189039984
https://openalex.org/W2467621924
https://openalex.org/W2532663239
https://openalex.org/W2585583585
https://openalex.org/W2620179422
https://openalex.org/W2802426489
https://openalex.org/W2928623684
https://openalex.org/W3008050930
https://openalex.org/W3011871149
https://openalex.org/W3011957574
https://openalex.org/W3016598896
https://openalex.org/W3028662006
https://openalex.org/W3034329118
https://openalex.org/W3040244465
https://openalex.org/W3048785653
https://openalex.org/W3049392928
https://openalex.org/W3096648919
https://openalex.org/W3098622028
https://openalex.org/W4247426590
https://openalex.org/W141360351
https://openalex.org/W1969832182
https://openalex.org/W1961612626
https://openalex.org/W1982459020
https://openalex.org/W2187496118
https://openalex.org/W1986982636
https://openalex.org/W2410096398
https://openalex.org/W2034210380
https://openalex.org/W1964348738
https://openalex.org/W2009585521
https://openalex.org/W2034299901
https://openalex.org/W2095282374
https://openalex.org/W2116301033
https://openalex.org/W2401513773
https://openalex.org/W1503637160
https://openalex.org/W2336245847
https://openalex.org/W4211002152
https://openalex.org/W2020763109
https://openalex.org/W2036085716
https://openalex.org/W2068010936
https://openalex.org/W2100292482
https://openalex.org/W2483817201
https://openalex.org/W2749619068
https://openalex.org/W2772841112
https://openalex.org/W2795163045
https://openalex.org/W2808688968
https://openalex.org/W2886282909
https://openalex.org/W2891182981
https://openalex.org/W2913691688
https://openalex.org/W2962494100
https://openalex.org/W2974407461
https://openalex.org/W2980211082
https://openalex.org/W2987561640
https://openalex.org/W4213253787
https://openalex.org/W4243107200
https://openalex.org/W4245059163
https://openalex.org/W4250386843
https://openalex.org/W2092284879
https://openalex.org/W2126064574
https://openalex.org/W2163943776
https://openalex.org/W2412811077
https://openalex.org/W2471654232
https://openalex.org/W2487564467
https://openalex.org/W3127337912
https://openalex.org/W3127862531
https://openalex.org/W3131427199
https://openalex.org/W3155791030
https://openalex.org/W3167463223
https://openalex.org/W3173427083
https://openalex.org/W3194928203
https://openalex.org/W3196420988
https://openalex.org/W3212794714
https://openalex.org/W3214357863
https://openalex.org/W2442627831
https://openalex.org/W2040589859
https://openalex.org/W2599851972
https://openalex.org/W1990951001
https://openalex.org/W2015969436
https://openalex.org/W2075581526
https://openalex.org/W2969096709
https://openalex.org/W4251761394
https://openalex.org/W2056638008
https://openalex.org/W2330863812
https://openalex.org/W14015391
https://openalex.org/W2228266261
https://openalex.org/W125715755
https://openalex.org/W2155936990
https://openalex.org/W2168765943
https://openalex.org/W2026189163
https://openalex.org/W2048900930
https://openalex.org/W2950285343
https://openalex.org/W4253823820
https://openalex.org/W1980335541
https://openalex.org/W2025552459
https://openalex.org/W2042857700
https://openalex.org/W2093871655
https://openalex.org/W2145369804
https://openalex.org/W2324238008
https://openalex.org/W2477906172
https://openalex.org/W2598008453
https://openalex.org/W2738960359
https://openalex.org/W2774850974
https://openalex.org/W2789656627
https://openalex.org/W2793144930
https://openalex.org/W2951022349
https://openalex.org/W2967554921
https://openalex.org/W2971458856
https://openalex.org/W3044947304
https://openalex.org/W3083951500
https://openalex.org/W3092008358
https://openalex.org/W3103164968
https://openalex.org/W3108258614
https://openalex.org/W3109535754
https://openalex.org/W4248732545
https://openalex.org/W4251879839
https://openalex.org/W4379531080
https://openalex.org/W2187716821
https://openalex.org/W2308352338
https://openalex.org/W2342006889
https://openalex.org/W2471559344
https://openalex.org/W3194175520
https://openalex.org/W4205357320
https://openalex.org/W4210652977
https://openalex.org/W4210945855
https://openalex.org/W4212979154
https://openalex.org/W4213244972
https://openalex.org/W4226071275
https://openalex.org/W4280529699
https://openalex.org/W4285042700
https://openalex.org/W4288431130
https://openalex.org/W4288722379
https://openalex.org/W4293579458
https://openalex.org/W4303699376
https://openalex.org/W4307283094
https://openalex.org/W4307803039
https://openalex.org/W4308143821
https://openalex.org/W4308973329
https://openalex.org/W4310571903
https://openalex.org/W1985263125
https://openalex.org/W2038806784
https://openalex.org/W258562210
https://openalex.org/W119204214
https://openalex.org/W2332540471
https://openalex.org/W2410999224
https://openalex.org/W2460648775
https://openalex.org/W1966376182
https://openalex.org/W2397263764
https://openalex.org/W2475528733
https://openalex.org/W625731422
https://openalex.org/W2022924620
https://openalex.org/W2439244411
https://openalex.org/W1987136488
https://openalex.org/W2403531329
https://openalex.org/W1977901510
https://openalex.org/W2065599456
https://openalex.org/W1975268398
https://openalex.org/W2136045323
https://openalex.org/W2492307248
https://openalex.org/W1667826216
https://openalex.org/W1995716994
https://openalex.org/W2015293391
https://openalex.org/W2019125047
https://openalex.org/W2048131678
https://openalex.org/W2057658468
https://openalex.org/W2095330124
https://openalex.org/W2233015315
https://openalex.org/W2312870091
https://openalex.org/W2399065508
https://openalex.org/W1965844380
https://openalex.org/W1987153141
https://openalex.org/W2009726339
https://openalex.org/W2289229438
https://openalex.org/W79476676
https://openalex.org/W1981908249
https://openalex.org/W2066869928
https://openalex.org/W2207528520
https://openalex.org/W2085054689
https://openalex.org/W2189110678
https://openalex.org/W2463766470
https://openalex.org/W2162745988
https://openalex.org/W1581234600
https://openalex.org/W2011878890
https://openalex.org/W2035232133
https://openalex.org/W2085699987
https://openalex.org/W2186359585
https://openalex.org/W2469489361
https://openalex.org/W2758705489
https://openalex.org/W2779604466
https://openalex.org/W2802430657
https://openalex.org/W2808745833
https://openalex.org/W2809612783
https://openalex.org/W2890245273
https://openalex.org/W2902303438
https://openalex.org/W2904120645
https://openalex.org/W2910995561
https://openalex.org/W2919311288
https://openalex.org/W2987031355
https://openalex.org/W2990304311
https://openalex.org/W2998024806
https://openalex.org/W3040035749
https://openalex.org/W3040370954
https://openalex.org/W3110733054
https://openalex.org/W3127885717
https://openalex.org/W3153415321
https://openalex.org/W3158066682
https://openalex.org/W3172976925
https://openalex.org/W3194682654
https://openalex.org/W3196987095
https://openalex.org/W3202252057
https://openalex.org/W3204002276
https://openalex.org/W320515956
https://openalex.org/W4200308194
https://openalex.org/W4234080327
https://openalex.org/W4235815482
https://openalex.org/W2417885746
https://openalex.org/W2532915632
https://openalex.org/W3117698561
https://openalex.org/W4252113814
https://openalex.org/W1970115930
https://openalex.org/W2249320346
https://openalex.org/W2297123599
https://openalex.org/W2000010104
https://openalex.org/W1998957322
https://openalex.org/W2083199800
https://openalex.org/W2092836765
https://openalex.org/W2093531177
https://openalex.org/W1965910360
https://openalex.org/W2042304105
https://openalex.org/W2417467624
https://openalex.org/W1982960648
https://openalex.org/W2144622850
https://openalex.org/W2470875756
https://openalex.org/W2033699658
https://openalex.org/W3024154150
https://openalex.org/W1505925080
https://openalex.org/W1685931728
https://openalex.org/W1984214654
https://openalex.org/W1984833631
https://openalex.org/W2033804329
https://openalex.org/W2061062898
https://openalex.org/W2122824970
https://openalex.org/W2127170728
https://openalex.org/W2157472051
https://openalex.org/W2505973931
https://openalex.org/W270263800
https://openalex.org/W2735453657
https://openalex.org/W319375751
https://openalex.org/W4213255792
https://openalex.org/W4235316484
https://openalex.org/W1433654569
https://openalex.org/W2764961574
https://openalex.org/W2063509407
https://openalex.org/W4292551335
https://openalex.org/W4317426227
https://openalex.org/W4317492676
https://openalex.org/W4318027595
https://openalex.org/W4318594292
https://openalex.org/W4319300477
https://openalex.org/W4320012301
https://openalex.org/W4321457222
https://openalex.org/W4321490501
https://openalex.org/W4322010263
https://openalex.org/W4322762080
https://openalex.org/W4323981564
https://openalex.org/W4327861845
https://openalex.org/W4327909391
https://openalex.org/W4360584550
https://openalex.org/W4360879510
https://openalex.org/W4361255778
https://openalex.org/W4361810891
https://openalex.org/W4361811284
https://openalex.org/W4361822356
https://openalex.org/W4361822361
https://openalex.org/W4361823432
https://openalex.org/W4361823642
https://openalex.org/W4361823676
https://openalex.org/W4361823957
https://openalex.org/W4361824099
https://openalex.org/W4361824414
https://openalex.org/W4361824419
https://openalex.org/W4361826632
https://openalex.org/W4361848346
https://openalex.org/W4361848862
https://openalex.org/W4361867826
https://openalex.org/W4362523198
https://openalex.org/W4362601091
https://openalex.org/W4366000187
https://openalex.org/W4367693422
https://openalex.org/W4368318049
https://openalex.org/W4368318069
https://openalex.org/W4368318081
https://openalex.org/W4368318082
https://openalex.org/W4368318083
https://openalex.org/W4368318100
https://openalex.org/W4368318103
https://openalex.org/W4368318107
https://openalex.org/W4368318142
https://openalex.org/W4368318145
https://openalex.org/W4368318147
https://openalex.org/W4368318169
https://openalex.org/W4368318196
https://openalex.org/W4368318386
https://openalex.org/W4372346116
https://openalex.org/W4377234396
https://openalex.org/W4377696113
https://openalex.org/W4377825661
https://openalex.org/W4378190808
https://openalex.org/W4378222740
https://openalex.org/W4379511019
https://openalex.org/W4379647604
https://openalex.org/W4379931061
https://openalex.org/W4381194551
https://openalex.org/W4383312336
https://openalex.org/W4383872786
https://openalex.org/W4384344076
https://openalex.org/W4384626307
https://openalex.org/W4384696859
https://openalex.org/W4385247404
https://openalex.org/W4385258063
https://openalex.org/W4385341505
https://openalex.org/W4385851474
https://openalex.org/W4385953703
https://openalex.org/W4386033289
https://openalex.org/W4386105988
https://openalex.org/W4386156982
https://openalex.org/W4386314637
https://openalex.org/W4386350313
https://openalex.org/W4386352337
https://openalex.org/W4386362045
https://openalex.org/W4386593987
https://openalex.org/W4386601049
https://openalex.org/W4386602073
https://openalex.org/W4386779333
https://openalex.org/W4387001167
https://openalex.org/W4387135567
https://openalex.org/W4387267098
https://openalex.org/W4387567592
https://openalex.org/W4387668809
https://openalex.org/W4387668867
https://openalex.org/W4387687693
https://openalex.org/W4387808785
https://openalex.org/W4387811744
https://openalex.org/W4387816229
https://openalex.org/W4387867204
https://openalex.org/W4387953616
https://openalex.org/W4387971120
https://openalex.org/W4388194814
https://openalex.org/W4388205546
https://openalex.org/W4388262854
https://openalex.org/W4388490830
https://openalex.org/W4388542371
https://openalex.org/W4388609454
https://openalex.org/W4388741854
https://openalex.org/W4388910229
https://openalex.org/W4389078558
https://openalex.org/W4389240036
https://openalex.org/W4389284155
https://openalex.org/W4389445133
https://openalex.org/W4390059500
https://openalex.org/W4390228646
https://openalex.org/W4390275399
https://openalex.org/W4390366243
https://openalex.org/W4392679610
https://openalex.org/W4392688008
https://openalex.org/W4395249389
https://openalex.org/W4395347307
https://openalex.org/W4395576834
https://openalex.org/W1578217818
https://openalex.org/W1985892819
https://openalex.org/W2055983028
https://openalex.org/W2403392199
https://openalex.org/W2009327077
https://openalex.org/W2073120912
https://openalex.org/W2407608200
https://openalex.org/W2324800678
https://openalex.org/W2504373395
https://openalex.org/W2042501564
https://openalex.org/W2400567699
https://openalex.org/W1854905709
https://openalex.org/W2494107564
https://openalex.org/W2516229735
https://openalex.org/W2735393767
https://openalex.org/W2756327255
https://openalex.org/W2766807741
https://openalex.org/W2800474211
https://openalex.org/W4247024504
https://openalex.org/W2463034379
https://openalex.org/W2276928085
https://openalex.org/W2409883001
https://openalex.org/W254782275
https://openalex.org/W2302196109
https://openalex.org/W2560091430
https://openalex.org/W3024032459
https://openalex.org/W2144974378
https://openalex.org/W2146551248
https://openalex.org/W2160436536
https://openalex.org/W2482732391
https://openalex.org/W2784297794
https://openalex.org/W2800201345
https://openalex.org/W2802930398
https://openalex.org/W2805368046
https://openalex.org/W2885534100
https://openalex.org/W2888546147
https://openalex.org/W2901540799
https://openalex.org/W2906975896
https://openalex.org/W2913183054
https://openalex.org/W2933987858
https://openalex.org/W2948734091
https://openalex.org/W2995794542
https://openalex.org/W3034722308
https://openalex.org/W3047566820
https://openalex.org/W3080562131
https://openalex.org/W3080811618
https://openalex.org/W3089754343
https://openalex.org/W3106005022
https://openalex.org/W3112306260
https://openalex.org/W3121601638
https://openalex.org/W3123787209
https://openalex.org/W3157421160
https://openalex.org/W3178315173
https://openalex.org/W3202122555
https://openalex.org/W3202337266
https://openalex.org/W3207489405
https://openalex.org/W3210719212
https://openalex.org/W3215354095
https://openalex.org/W4297254259
https://openalex.org/W4321266361
https://openalex.org/W2993766501
https://openalex.org/W4220747946
https://openalex.org/W4224215252
https://openalex.org/W4284663270
https://openalex.org/W4288067649
https://openalex.org/W4290975773
https://openalex.org/W4293072915
https://openalex.org/W4293217004
https://openalex.org/W4294555583
https://openalex.org/W4306658688
https://openalex.org/W4309735197
https://openalex.org/W4312223479
https://openalex.org/W4312520703
https://openalex.org/W4312923234
https://openalex.org/W4312945663
https://openalex.org/W2342220246
https://openalex.org/W2023537303
https://openalex.org/W2053913097
https://openalex.org/W812592154
https://openalex.org/W2013368819
https://openalex.org/W2983498647
https://openalex.org/W2466340921
https://openalex.org/W171456507
https://openalex.org/W2152881358
https://openalex.org/W1833380039
https://openalex.org/W1995566520
https://openalex.org/W2060958504
https://openalex.org/W2108524599
https://openalex.org/W2129344936
https://openalex.org/W2139206263
https://openalex.org/W2251094902
https://openalex.org/W2273820631
https://openalex.org/W2315985547
https://openalex.org/W2322250467
https://openalex.org/W2325232843
https://openalex.org/W2326463042
https://openalex.org/W2406403976
https://openalex.org/W2406777161
https://openalex.org/W2995244974
https://openalex.org/W3021429225
https://openalex.org/W4206205226
https://openalex.org/W4210907723
https://openalex.org/W4214621657
https://openalex.org/W4241312871
https://openalex.org/W4248969387
https://openalex.org/W4281483530
https://openalex.org/W4290988287
https://openalex.org/W4294067590
https://openalex.org/W4296480775
https://openalex.org/W53558643
https://openalex.org/W2166886883
https://openalex.org/W2462695726
https://openalex.org/W192823068
https://openalex.org/W2418492931
https://openalex.org/W2477993375
https://openalex.org/W2297524108
https://openalex.org/W2972010149
https://openalex.org/W3215275249
https://openalex.org/W2325051052
https://openalex.org/W2325554366
https://openalex.org/W2615961085
https://openalex.org/W2623065970
https://openalex.org/W2749177023
https://openalex.org/W2774978282
https://openalex.org/W35340891
https://openalex.org/W142384644
https://openalex.org/W154660658
https://openalex.org/W1994801420
https://openalex.org/W2066618346
https://openalex.org/W2207048642
https://openalex.org/W2410365435
https://openalex.org/W2486014606
https://openalex.org/W4240400520
https://openalex.org/W1772530069
https://openalex.org/W1974946328
https://openalex.org/W2029553679
https://openalex.org/W2245919528
https://openalex.org/W2789473712
https://openalex.org/W2799364858
https://openalex.org/W2804327389
https://openalex.org/W2883978451
https://openalex.org/W2898098564
https://openalex.org/W2993887027
https://openalex.org/W2078544609
https://openalex.org/W2196669174
https://openalex.org/W4255024436
https://openalex.org/W2048934216
https://openalex.org/W2020414062
https://openalex.org/W2919820653
https://openalex.org/W2942321253
https://openalex.org/W2944300622
https://openalex.org/W2961371523
https://openalex.org/W2994924556
https://openalex.org/W2999326981
https://openalex.org/W3033855527
https://openalex.org/W3041496564
https://openalex.org/W3082341057
https://openalex.org/W3095087925
https://openalex.org/W1506491157
https://openalex.org/W1985918421
https://openalex.org/W2036508696
https://openalex.org/W2089554300
https://openalex.org/W2406837080
https://openalex.org/W2416377507
https://openalex.org/W75828312
https://openalex.org/W1988011440
https://openalex.org/W2103762494
https://openalex.org/W2339593077
https://openalex.org/W2505684304
https://openalex.org/W4230769711
https://openalex.org/W2471515195
https://openalex.org/W2528751357
https://openalex.org/W3129156383
https://openalex.org/W3131973869
https://openalex.org/W3134583239
https://openalex.org/W3135179412
https://openalex.org/W3138600419
https://openalex.org/W3157695007
https://openalex.org/W3164826381
https://openalex.org/W3175806179
https://openalex.org/W3187051095
https://openalex.org/W3192310169
https://openalex.org/W3197346789
https://openalex.org/W3197568717
https://openalex.org/W3201723123
https://openalex.org/W4200050333
https://openalex.org/W4200596457
https://openalex.org/W4253082879
https://openalex.org/W4297248825
https://openalex.org/W128602647
https://openalex.org/W2027401839
https://openalex.org/W3036723179
https://openalex.org/W2034327905
https://openalex.org/W2409644668
https://openalex.org/W2417073504
https://openalex.org/W2141788369
https://openalex.org/W2463536428
https://openalex.org/W2524719520
https://openalex.org/W4254016295
https://openalex.org/W2413359243
https://openalex.org/W3089715169
https://openalex.org/W14660892
https://openalex.org/W1975410219
https://openalex.org/W2087447967
https://openalex.org/W2410577984
https://openalex.org/W2410669566
https://openalex.org/W2519722022
https://openalex.org/W4241681903
https://openalex.org/W86783459
https://openalex.org/W1505985172
https://openalex.org/W1526995052
https://openalex.org/W1550624051
https://openalex.org/W1627736766
https://openalex.org/W1755224026
https://openalex.org/W1965089973
https://openalex.org/W2063376802
https://openalex.org/W2068252790
https://openalex.org/W2095103574
https://openalex.org/W2099171843
https://openalex.org/W2191122209
https://openalex.org/W2224786441
https://openalex.org/W2260531644
https://openalex.org/W2263589487
https://openalex.org/W2296812567
https://openalex.org/W2297861456
https://openalex.org/W2300411020
https://openalex.org/W2315961878
https://openalex.org/W2321003825
https://openalex.org/W2324875425
https://openalex.org/W2325631617
https://openalex.org/W2326569348
https://openalex.org/W2329579052
https://openalex.org/W2331930163
https://openalex.org/W2332624179
https://openalex.org/W2333977089
https://openalex.org/W2340491428
https://openalex.org/W2404160495
https://openalex.org/W2417062317
https://openalex.org/W2418207487
https://openalex.org/W2460820811
https://openalex.org/W2503684199
https://openalex.org/W2508276402
https://openalex.org/W2510950355
https://openalex.org/W2519039135
https://openalex.org/W2519831672
https://openalex.org/W2524107367
https://openalex.org/W2527403848
https://openalex.org/W2527664524
https://openalex.org/W2531412816
https://openalex.org/W2534099225
https://openalex.org/W2548991319
https://openalex.org/W2551079744
https://openalex.org/W2552185487
https://openalex.org/W2554330349
https://openalex.org/W2556414628
https://openalex.org/W2556493947
https://openalex.org/W2557507340
https://openalex.org/W2560995763
https://openalex.org/W2562035583
https://openalex.org/W2562222433
https://openalex.org/W2564718551
https://openalex.org/W2566303163
https://openalex.org/W2566718123
https://openalex.org/W2572179600
https://openalex.org/W2584355109
https://openalex.org/W2587998954
https://openalex.org/W2588008926
https://openalex.org/W2594327296
https://openalex.org/W2600771819
https://openalex.org/W2601872494
https://openalex.org/W2605105118
https://openalex.org/W2605362513
https://openalex.org/W2740810440
https://openalex.org/W2747318269
https://openalex.org/W2768913251
https://openalex.org/W2785212849
https://openalex.org/W2785245511
https://openalex.org/W2886924104
https://openalex.org/W2892216984
https://openalex.org/W2894867373
https://openalex.org/W2897898640
https://openalex.org/W2905875025
https://openalex.org/W2909332999
https://openalex.org/W2917732496
https://openalex.org/W2920987161
https://openalex.org/W2921051644
https://openalex.org/W2991821134
https://openalex.org/W2992114320
https://openalex.org/W3018297937
https://openalex.org/W3093473728
https://openalex.org/W3113000103
https://openalex.org/W3113139021
https://openalex.org/W3148275751
https://openalex.org/W3166697171
https://openalex.org/W3182798051
https://openalex.org/W4236954344
https://openalex.org/W4237789032
https://openalex.org/W4246909438
https://openalex.org/W4249185211
https://openalex.org/W4250690799
https://openalex.org/W4255011708
https://openalex.org/W617702853
https://openalex.org/W802248469
https://openalex.org/W803448942
https://openalex.org/W838857469
https://openalex.org/W845347839
https://openalex.org/W997125186
https://openalex.org/W1970486865
https://openalex.org/W2134188159
https://openalex.org/W2409029597
https://openalex.org/W2467606206
https://openalex.org/W3215027028
https://openalex.org/W67610053
https://openalex.org/W2090325826
https://openalex.org/W2478279682
https://openalex.org/W2502139613
https://openalex.org/W3147403810
https://openalex.org/W4237902693
https://openalex.org/W1525718393
https://openalex.org/W1550570234
https://openalex.org/W1579613521
https://openalex.org/W167232260
https://openalex.org/W1965827976
https://openalex.org/W1978827110
https://openalex.org/W1996196179
https://openalex.org/W2003478188
https://openalex.org/W2027647141
https://openalex.org/W2029757124
https://openalex.org/W2038735355
https://openalex.org/W2049531816
https://openalex.org/W2063218386
https://openalex.org/W2077850508
https://openalex.org/W2088749540
https://openalex.org/W2145046879
https://openalex.org/W2150677486
https://openalex.org/W2188600489
https://openalex.org/W220830527
https://openalex.org/W2244108128
https://openalex.org/W2245370881
https://openalex.org/W2256590438
https://openalex.org/W2256775294
https://openalex.org/W2313724583
https://openalex.org/W2320332411
https://openalex.org/W2322238387
https://openalex.org/W2322548395
https://openalex.org/W2325791138
https://openalex.org/W2331797588
https://openalex.org/W2333082369
https://openalex.org/W2334456915
https://openalex.org/W2417356613
https://openalex.org/W2497422026
https://openalex.org/W2528211735
https://openalex.org/W2548887005
https://openalex.org/W2593807439
https://openalex.org/W2610552134
https://openalex.org/W2618440531
https://openalex.org/W2619965576
https://openalex.org/W2620022729
https://openalex.org/W2733004928
https://openalex.org/W2742453873
https://openalex.org/W2885918797
https://openalex.org/W2999052122
https://openalex.org/W319209137
https://openalex.org/W3193804785
https://openalex.org/W380351465
https://openalex.org/W4236378102
https://openalex.org/W4239230995
https://openalex.org/W4247253040
https://openalex.org/W56000306
https://openalex.org/W746613357
https://openalex.org/W800779848
https://openalex.org/W1974927676
https://openalex.org/W2034751733
https://openalex.org/W2304630348
https://openalex.org/W1982049983
https://openalex.org/W2464806394
https://openalex.org/W2482184758
https://openalex.org/W2500411000
https://openalex.org/W2733812055
https://openalex.org/W2745711038
https://openalex.org/W2883250553
https://openalex.org/W1555045507
https://openalex.org/W160794995
https://openalex.org/W190585521
https://openalex.org/W2028996999
https://openalex.org/W2032240893
https://openalex.org/W2038776114
https://openalex.org/W2051893426
https://openalex.org/W2129894515
https://openalex.org/W2130120183
https://openalex.org/W2435110935
https://openalex.org/W2436544430
https://openalex.org/W2591830854
https://openalex.org/W2595610025
https://openalex.org/W2599427508
https://openalex.org/W2606536006
https://openalex.org/W2623530174
https://openalex.org/W2625369339
https://openalex.org/W2729694785
https://openalex.org/W2741673148
https://openalex.org/W2743527109
https://openalex.org/W2747900311
https://openalex.org/W2751362135
https://openalex.org/W2751696565
https://openalex.org/W2754157233
https://openalex.org/W2754227435
https://openalex.org/W2755086328
https://openalex.org/W2755164147
https://openalex.org/W2755905346
https://openalex.org/W2755959122
https://openalex.org/W2761058410
https://openalex.org/W2768915215
https://openalex.org/W2773954347
https://openalex.org/W2777446193
https://openalex.org/W2807310538
https://openalex.org/W2922039567
https://openalex.org/W2977774293
https://openalex.org/W3116227735
https://openalex.org/W4235069869
https://openalex.org/W4246035722
https://openalex.org/W4252381296
https://openalex.org/W4254838416
https://openalex.org/W4302045369
https://openalex.org/W4389018976
https://openalex.org/W2037955171
https://openalex.org/W2059096919
https://openalex.org/W2412087476
https://openalex.org/W2412485941
https://openalex.org/W2467399391
https://openalex.org/W282400868
https://openalex.org/W1439018119
https://openalex.org/W1517768352
https://openalex.org/W152086746
https://openalex.org/W1582366330
https://openalex.org/W1712404456
https://openalex.org/W1967589955
https://openalex.org/W1972537462
https://openalex.org/W1990565545
https://openalex.org/W1999162118
https://openalex.org/W2063835034
https://openalex.org/W2146727577
https://openalex.org/W2259442245
https://openalex.org/W2288859508
https://openalex.org/W2340006777
https://openalex.org/W23876180
https://openalex.org/W2497281560
https://openalex.org/W2513527564
https://openalex.org/W2597519674
https://openalex.org/W2736631715
https://openalex.org/W2890246342
https://openalex.org/W2914647429
https://openalex.org/W2979931291
https://openalex.org/W3034978268
https://openalex.org/W308605913
https://openalex.org/W3152758371
https://openalex.org/W3154856174
https://openalex.org/W3213733675
https://openalex.org/W33859825
https://openalex.org/W4200180758
https://openalex.org/W4205329477
https://openalex.org/W4205867121
https://openalex.org/W4210830879
https://openalex.org/W4213104081
https://openalex.org/W4221136426
https://openalex.org/W4224106449
https://openalex.org/W4225625041
https://openalex.org/W4229019576
https://openalex.org/W4232851142
https://openalex.org/W4252765360
https://openalex.org/W4253883569
https://openalex.org/W4280574543
https://openalex.org/W4281629525
https://openalex.org/W4281714958
https://openalex.org/W4281722628
https://openalex.org/W4281737057
https://openalex.org/W4282551518
https://openalex.org/W4282971521
https://openalex.org/W4283696659
https://openalex.org/W4285126261
https://openalex.org/W4285221841
https://openalex.org/W4286001137
https://openalex.org/W4289238782
https://openalex.org/W4292261934
https://openalex.org/W4293428333
https://openalex.org/W4294151701
https://openalex.org/W4297384423
https://openalex.org/W4297406796
https://openalex.org/W4297407154
https://openalex.org/W4297518382
https://openalex.org/W4302275441
https://openalex.org/W4307978890
https://openalex.org/W4308180701
https://openalex.org/W4309481145
https://openalex.org/W4309938366
https://openalex.org/W4310500762
https://openalex.org/W4311804390
https://openalex.org/W4312097220
https://openalex.org/W4312511731
https://openalex.org/W4312522398
https://openalex.org/W4312707842
https://openalex.org/W4313198317
https://openalex.org/W4313468837
https://openalex.org/W4362564860
https://openalex.org/W4362707686
https://openalex.org/W4393700618
https://openalex.org/W4393713313
https://openalex.org/W4394173693
https://openalex.org/W4394253029
https://openalex.org/W4394414509
https://openalex.org/W4394457536
https://openalex.org/W4394508942
https://openalex.org/W4394561259
https://openalex.org/W776201535
https://openalex.org/W1973412446
https://openalex.org/W2014166114
https://openalex.org/W2030204468
https://openalex.org/W2035253616
https://openalex.org/W2036058871
https://openalex.org/W2064006924
https://openalex.org/W2092133552
https://openalex.org/W2248994278
https://openalex.org/W4233848926
https://openalex.org/W4250012161
https://openalex.org/W191163208
https://openalex.org/W2020257770
https://openalex.org/W2127795626
https://openalex.org/W2363789550
https://openalex.org/W2417808883
https://openalex.org/W2442420695
https://openalex.org/W2475419697
https://openalex.org/W2529371205
https://openalex.org/W2742090334
https://openalex.org/W2781543807
https://openalex.org/W2782784383
https://openalex.org/W2783382186
https://openalex.org/W2788612223
https://openalex.org/W2789317103
https://openalex.org/W2789823907
https://openalex.org/W2790606709
https://openalex.org/W2791268431
https://openalex.org/W2792236914
https://openalex.org/W2804559321
https://openalex.org/W2883664790
https://openalex.org/W2887130112
https://openalex.org/W2888126053
https://openalex.org/W2888706307
https://openalex.org/W2890128586
https://openalex.org/W2897397995
https://openalex.org/W2898273822
https://openalex.org/W2898966561
https://openalex.org/W2899988615
https://openalex.org/W2900561821
https://openalex.org/W2901367162
https://openalex.org/W2901579663
https://openalex.org/W2901988209
https://openalex.org/W2902599664
https://openalex.org/W2910013475
https://openalex.org/W2910264438
https://openalex.org/W2911918922
https://openalex.org/W2912150777
https://openalex.org/W2912531448
https://openalex.org/W2912850244
https://openalex.org/W2919778987
https://openalex.org/W2921210708
https://openalex.org/W2925552811
https://openalex.org/W2938131446
https://openalex.org/W2945666883
https://openalex.org/W2946630024
https://openalex.org/W2952705555
https://openalex.org/W2964978505
https://openalex.org/W2974671706
https://openalex.org/W2976099237
https://openalex.org/W2979924744
https://openalex.org/W2981143557
https://openalex.org/W2981563099
https://openalex.org/W2981592038
https://openalex.org/W2981685510
https://openalex.org/W2981798588
https://openalex.org/W2982039367
https://openalex.org/W2987877378
https://openalex.org/W2991117820
https://openalex.org/W2991189652
https://openalex.org/W2994562185
https://openalex.org/W2994900314
https://openalex.org/W2997901737
https://openalex.org/W3015985486
https://openalex.org/W3023419551
https://openalex.org/W303575158
https://openalex.org/W3082380054
https://openalex.org/W3138474860
https://openalex.org/W3170410908
https://openalex.org/W3203483464
https://openalex.org/W3212233626
https://openalex.org/W4230185943
https://openalex.org/W4230461406
https://openalex.org/W4234238213
https://openalex.org/W4235858649
https://openalex.org/W4237270295
https://openalex.org/W4238069969
https://openalex.org/W4246331765
https://openalex.org/W4248481590
https://openalex.org/W4248839043
https://openalex.org/W4250093608
https://openalex.org/W4251603009
https://openalex.org/W4253714917
https://openalex.org/W4285783940
https://openalex.org/W4394103658
https://openalex.org/W4394216634
https://openalex.org/W4394325184
https://openalex.org/W4394404097
https://openalex.org/W4395235729
https://openalex.org/W2082675869
https://openalex.org/W2084123052
https://openalex.org/W2133476171
https://openalex.org/W2401771786
https://openalex.org/W2403393508
https://openalex.org/W2413230206
https://openalex.org/W2467972856
https://openalex.org/W2473182060
https://openalex.org/W2498406030
https://openalex.org/W4234363869
https://openalex.org/W4237782815
https://openalex.org/W1958488147
https://openalex.org/W2085203158
https://openalex.org/W2279100720
https://openalex.org/W2397913528
https://openalex.org/W2480027862
https://openalex.org/W2486711608
https://openalex.org/W2586787743
https://openalex.org/W2591708125
https://openalex.org/W2728990648
https://openalex.org/W3005347863
https://openalex.org/W3010796750
https://openalex.org/W3011589163
https://openalex.org/W3016593959
https://openalex.org/W3023739393
https://openalex.org/W3023938883
https://openalex.org/W3032098576
https://openalex.org/W3036014553
https://openalex.org/W3040227655
https://openalex.org/W3042084511
https://openalex.org/W3045963752
https://openalex.org/W3047918834
https://openalex.org/W3080261239
https://openalex.org/W3080576481
https://openalex.org/W3081018288
https://openalex.org/W3081277960
https://openalex.org/W3081432930
https://openalex.org/W3086285327
https://openalex.org/W3090262144
https://openalex.org/W3091963602
https://openalex.org/W3093260968
https://openalex.org/W3094496670
https://openalex.org/W3101676916
https://openalex.org/W3108612628
https://openalex.org/W3110584302
https://openalex.org/W3111212112
https://openalex.org/W3112359153
https://openalex.org/W3113353694
https://openalex.org/W3114127865
https://openalex.org/W3118878933
https://openalex.org/W3123538077
https://openalex.org/W3134722196
https://openalex.org/W3135482555
https://openalex.org/W3159582758
https://openalex.org/W3199066197
https://openalex.org/W3199841894
https://openalex.org/W3203907800
https://openalex.org/W3212440106
https://openalex.org/W3212521530
https://openalex.org/W4206503352
https://openalex.org/W4210660069
https://openalex.org/W4230461576
https://openalex.org/W4232153684
https://openalex.org/W4235484710
https://openalex.org/W4239404885
https://openalex.org/W4240826330
https://openalex.org/W4241134690
https://openalex.org/W4241662781
https://openalex.org/W4243586066
https://openalex.org/W4250901234
https://openalex.org/W4252584589
https://openalex.org/W4285705679
https://openalex.org/W619385930
https://openalex.org/W2288075206
https://openalex.org/W2419597966
https://openalex.org/W4243616708
https://openalex.org/W1503297969
https://openalex.org/W1967855971
https://openalex.org/W2245819774
https://openalex.org/W2384666124
https://openalex.org/W2395583534
https://openalex.org/W2403849637
https://openalex.org/W2409116661
https://openalex.org/W2460496237
https://openalex.org/W2472898954
https://openalex.org/W2480962700
https://openalex.org/W2498545144
https://openalex.org/W2611716644
https://openalex.org/W300361889
https://openalex.org/W3026541093
https://openalex.org/W4253238518
https://openalex.org/W4254578930
https://openalex.org/W4255545073
https://openalex.org/W4378217674
https://openalex.org/W2229862676
https://openalex.org/W2384604251
https://openalex.org/W2406927470
https://openalex.org/W2949882187
https://openalex.org/W3111687348
https://openalex.org/W3112365443
https://openalex.org/W3123062376
https://openalex.org/W3123580983
https://openalex.org/W3127213202
https://openalex.org/W3134125755
https://openalex.org/W3135076104
https://openalex.org/W3149600718
https://openalex.org/W3154591222
https://openalex.org/W3156694916
https://openalex.org/W3158028173
https://openalex.org/W3161929540
https://openalex.org/W3163183710
https://openalex.org/W3164907634
https://openalex.org/W3173815485
https://openalex.org/W3176497684
https://openalex.org/W3177640783
https://openalex.org/W3178302638
https://openalex.org/W3184801956
https://openalex.org/W3186048448
https://openalex.org/W3193314247
https://openalex.org/W3193839427
https://openalex.org/W3194050499
https://openalex.org/W3195048191
https://openalex.org/W3196949102
https://openalex.org/W3198167042
https://openalex.org/W3200758220
https://openalex.org/W3201692866
https://openalex.org/W3202767062
https://openalex.org/W3208119373
https://openalex.org/W3209677670
https://openalex.org/W3212428041
https://openalex.org/W3213466168
https://openalex.org/W4205342405
https://openalex.org/W4205934161
https://openalex.org/W4205955316
https://openalex.org/W4206518597
https://openalex.org/W4210684126
https://openalex.org/W4211069799
https://openalex.org/W4213293996
https://openalex.org/W4225730557
https://openalex.org/W4239946893
https://openalex.org/W4241540333
https://openalex.org/W4241754882
https://openalex.org/W4245019884
https://openalex.org/W4285346617
https://openalex.org/W4297252227
https://openalex.org/W4297258051
https://openalex.org/W4394151728
https://openalex.org/W4394362540
https://openalex.org/W15603331
https://openalex.org/W1967833435
https://openalex.org/W2237416268
https://openalex.org/W2244118091
https://openalex.org/W2341184576
https://openalex.org/W2410499992
https://openalex.org/W2413983581
https://openalex.org/W2464371637
https://openalex.org/W2466114917
https://openalex.org/W2483881468
https://openalex.org/W2486432286
https://openalex.org/W2951860134
https://openalex.org/W3166186769
https://openalex.org/W3211763872
https://openalex.org/W3213980934
https://openalex.org/W382601020
https://openalex.org/W4235934237
https://openalex.org/W4253153127
https://openalex.org/W2026924603
https://openalex.org/W2061457217
https://openalex.org/W2413305209
https://openalex.org/W2418481998
https://openalex.org/W2460615812
https://openalex.org/W2473517113
https://openalex.org/W2892172569
https://openalex.org/W1982488906
https://openalex.org/W1998006461
https://openalex.org/W2003031127
https://openalex.org/W2006751374
https://openalex.org/W2367111506
https://openalex.org/W2599442137
https://openalex.org/W2602381110
https://openalex.org/W2612949488
https://openalex.org/W2950154761
https://openalex.org/W3022857696
https://openalex.org/W3194581017
https://openalex.org/W4254613474
https://openalex.org/W426960752
https://openalex.org/W586849665
https://openalex.org/W648158517
https://openalex.org/W96891378
https://openalex.org/W1525487218
https://openalex.org/W187423657
https://openalex.org/W1954180706
https://openalex.org/W1967750280
https://openalex.org/W1968335164
https://openalex.org/W1969488509
https://openalex.org/W1981330508
https://openalex.org/W2243561170
https://openalex.org/W2275444775
https://openalex.org/W2395107329
https://openalex.org/W2407836278
https://openalex.org/W2410224930
https://openalex.org/W2950972710
https://openalex.org/W2952766033
https://openalex.org/W298907381
https://openalex.org/W3038963158
https://openalex.org/W315515407
https://openalex.org/W3183444412
https://openalex.org/W4234472853
https://openalex.org/W4235942820
https://openalex.org/W4251008305
https://openalex.org/W4301505428
https://openalex.org/W50761198
https://openalex.org/W564764206
https://openalex.org/W652742823
https://openalex.org/W653034725
https://openalex.org/W858298192
https://openalex.org/W1275090327
https://openalex.org/W2408997047
https://openalex.org/W2409351238
https://openalex.org/W2409841058
https://openalex.org/W2413142587
https://openalex.org/W2441138052
https://openalex.org/W2801018607
https://openalex.org/W2952823492
https://openalex.org/W3185896218
https://openalex.org/W4230571228
https://openalex.org/W81727736
https://openalex.org/W108319542
https://openalex.org/W1973408147
https://openalex.org/W1977689962
https://openalex.org/W1980330293
https://openalex.org/W2008099084
https://openalex.org/W2015436484
https://openalex.org/W2034418865
https://openalex.org/W2061613517
https://openalex.org/W2188584603
https://openalex.org/W2397265163
https://openalex.org/W2401986142
https://openalex.org/W2402181558
https://openalex.org/W2410712339
https://openalex.org/W2413670073
https://openalex.org/W2413866326
https://openalex.org/W2417906118
https://openalex.org/W2419619590
https://openalex.org/W2621054937
https://openalex.org/W2730895513
https://openalex.org/W2916699613
https://openalex.org/W3036592905
https://openalex.org/W345704154
https://openalex.org/W4211237451
https://openalex.org/W4243011383
https://openalex.org/W4321260034
https://openalex.org/W597665875
https://openalex.org/W649494053
https://openalex.org/W95198080
https://openalex.org/W2149146453
https://openalex.org/W2067746562
https://openalex.org/W2139491573
https://openalex.org/W2149087734
https://openalex.org/W1999115710
https://openalex.org/W2947640277
https://openalex.org/W2043805065
https://openalex.org/W1975233757
https://openalex.org/W2078294618
https://openalex.org/W2516747475
https://openalex.org/W2088734250
https://openalex.org/W2792557198
https://openalex.org/W2025347444
https://openalex.org/W2032773779
https://openalex.org/W1967927080
https://openalex.org/W2123671972
https://openalex.org/W2132269368
https://openalex.org/W2043353183
https://openalex.org/W1965044577
https://openalex.org/W2130942098
https://openalex.org/W2067520977
https://openalex.org/W2040515772
https://openalex.org/W80760624
https://openalex.org/W2071712203
https://openalex.org/W2055330998
https://openalex.org/W1992842766
https://openalex.org/W2060346510
https://openalex.org/W2154022519
https://openalex.org/W2810687923
https://openalex.org/W2171316956
https://openalex.org/W1995212025
https://openalex.org/W2537029225
https://openalex.org/W1942822732
https://openalex.org/W2110199151
https://openalex.org/W2610308940
https://openalex.org/W2947787281
https://openalex.org/W2038984140
https://openalex.org/W2526373274
https://openalex.org/W2137397517
https://openalex.org/W4243707950
https://openalex.org/W3007585545
https://openalex.org/W2756212562
https://openalex.org/W1961778296
https://openalex.org/W2895303488
https://openalex.org/W2590275311
https://openalex.org/W2471771819
https://openalex.org/W2949905712
https://openalex.org/W3214168508
https://openalex.org/W4293162744
https://openalex.org/W4220850582
https://openalex.org/W4306914348
https://openalex.org/W2047619498
https://openalex.org/W2049137708
https://openalex.org/W1965371071
https://openalex.org/W132118041
https://openalex.org/W2132356468
https://openalex.org/W2085296413
https://openalex.org/W1966742737
https://openalex.org/W2001872897
https://openalex.org/W2063980602
https://openalex.org/W2021983495
https://openalex.org/W2151775600
https://openalex.org/W1996409236
https://openalex.org/W2141584394
https://openalex.org/W1964636831
https://openalex.org/W2002529382
https://openalex.org/W2051971299
https://openalex.org/W1609025494
https://openalex.org/W2017880945
https://openalex.org/W2002575319
https://openalex.org/W2039151405
https://openalex.org/W2043467885
https://openalex.org/W2053960384
https://openalex.org/W1985200283
https://openalex.org/W1984629670
https://openalex.org/W2065188739
https://openalex.org/W1986052465
https://openalex.org/W2083905903
https://openalex.org/W2132077045
https://openalex.org/W1834052598
https://openalex.org/W1972880958
https://openalex.org/W2079326758
https://openalex.org/W2092620002
https://openalex.org/W2085288958
https://openalex.org/W2055409856
https://openalex.org/W2026266600
https://openalex.org/W2051728683
https://openalex.org/W1979282283
https://openalex.org/W2034583374
https://openalex.org/W2110571743
https://openalex.org/W1992498800
https://openalex.org/W1985911567
https://openalex.org/W2014277329
https://openalex.org/W2026452437
https://openalex.org/W2099508611
https://openalex.org/W2010434050
https://openalex.org/W2138488319
https://openalex.org/W2005203528
https://openalex.org/W2063912727
https://openalex.org/W1966690579
https://openalex.org/W2003724879
https://openalex.org/W2041615376
https://openalex.org/W2043063808
https://openalex.org/W1988459700
https://openalex.org/W2099648955
https://openalex.org/W2135681271
https://openalex.org/W2081110052
https://openalex.org/W2074466210
https://openalex.org/W2900361267
https://openalex.org/W2066537577
https://openalex.org/W2611031776
https://openalex.org/W2895008287
https://openalex.org/W2901938738
https://openalex.org/W1991415400
https://openalex.org/W2003244776
https://openalex.org/W2098714783
https://openalex.org/W1987431355
https://openalex.org/W2076247294
https://openalex.org/W2329850142
https://openalex.org/W2762783789
https://openalex.org/W2559106304
https://openalex.org/W1986640715
https://openalex.org/W2062815027
https://openalex.org/W2537602717
https://openalex.org/W2054621929
https://openalex.org/W2133779581
https://openalex.org/W1990076203
https://openalex.org/W2340118087
https://openalex.org/W2140292250
https://openalex.org/W2171855270
https://openalex.org/W2740515351
https://openalex.org/W2069212958
https://openalex.org/W2944912293
https://openalex.org/W2767673507
https://openalex.org/W2086698630
https://openalex.org/W2520088743
https://openalex.org/W2792736753
https://openalex.org/W2996642820
https://openalex.org/W3019974812
https://openalex.org/W2090792221
https://openalex.org/W2141612949
https://openalex.org/W1980299508
https://openalex.org/W1989916261
https://openalex.org/W2147095909
https://openalex.org/W2154445553
https://openalex.org/W2769849869
https://openalex.org/W2784152931
https://openalex.org/W2206911232
https://openalex.org/W2472899025
https://openalex.org/W2602144059
https://openalex.org/W2301268503
https://openalex.org/W2965319360
https://openalex.org/W3122681498
https://openalex.org/W3049274546
https://openalex.org/W2898172161
https://openalex.org/W2910525879
https://openalex.org/W3001344052
https://openalex.org/W3163869954
https://openalex.org/W3111130792
https://openalex.org/W3122436065
https://openalex.org/W3165357955
https://openalex.org/W3203664410
https://openalex.org/W3211676719
https://openalex.org/W4223464255
https://openalex.org/W3215608914
https://openalex.org/W4321788864
https://openalex.org/W4316592718
https://openalex.org/W4324362886
https://openalex.org/W4388572653
https://openalex.org/W4390277661
https://openalex.org/W2084031860
https://openalex.org/W2023641195
https://openalex.org/W162472049
https://openalex.org/W2104720886
https://openalex.org/W1606293184
https://openalex.org/W2010606488
https://openalex.org/W2141677299
https://openalex.org/W2025299227
https://openalex.org/W1995030682
https://openalex.org/W1987290482
https://openalex.org/W2087685111
https://openalex.org/W1977708783
https://openalex.org/W2171159014
https://openalex.org/W1988158281
https://openalex.org/W2047137016
https://openalex.org/W2058270597
https://openalex.org/W2034398449
https://openalex.org/W2080593073
https://openalex.org/W2043527906
https://openalex.org/W2154298193
https://openalex.org/W2142104533
https://openalex.org/W1998814931
https://openalex.org/W1964936270
https://openalex.org/W2006762397
https://openalex.org/W2036697161
https://openalex.org/W2141107208
https://openalex.org/W2014815815
https://openalex.org/W2105634414
https://openalex.org/W1995560400
https://openalex.org/W2034376770
https://openalex.org/W1966566901
https://openalex.org/W2155857216
https://openalex.org/W2151476793
https://openalex.org/W1991066636
https://openalex.org/W2075581621
https://openalex.org/W2062374267
https://openalex.org/W2060123363
https://openalex.org/W2144632714
https://openalex.org/W2160016850
https://openalex.org/W2005868009
https://openalex.org/W2085975726
https://openalex.org/W2053890699
https://openalex.org/W2157770246
https://openalex.org/W2059959684
https://openalex.org/W1984931687
https://openalex.org/W2081925664
https://openalex.org/W2031295435
https://openalex.org/W2329446175
https://openalex.org/W1970798064
https://openalex.org/W2089473669
https://openalex.org/W2126481383
https://openalex.org/W2037021601
https://openalex.org/W2033726766
https://openalex.org/W3043327696
https://openalex.org/W2165379777
https://openalex.org/W2005540011
https://openalex.org/W2089106212
https://openalex.org/W2142748315
https://openalex.org/W2003679191
https://openalex.org/W2328961979
https://openalex.org/W2086200271
https://openalex.org/W1997310277
https://openalex.org/W2169577621
https://openalex.org/W2218213969
https://openalex.org/W1989830056
https://openalex.org/W2013955684
https://openalex.org/W2055079187
https://openalex.org/W2129230739
https://openalex.org/W1990324489
https://openalex.org/W2238366867
https://openalex.org/W1996873765
https://openalex.org/W2166587686
https://openalex.org/W2495536352
https://openalex.org/W2002707534
https://openalex.org/W2129065971
https://openalex.org/W2500960093
https://openalex.org/W2077124409
https://openalex.org/W2088020377
https://openalex.org/W2530398464
https://openalex.org/W2268782939
https://openalex.org/W2612696859
https://openalex.org/W2351085357
https://openalex.org/W2560656096
https://openalex.org/W2051842630
https://openalex.org/W2745590302
https://openalex.org/W2611042667
https://openalex.org/W2747679329
https://openalex.org/W2888204327
https://openalex.org/W2939463158
https://openalex.org/W2621230569
https://openalex.org/W2743933331
https://openalex.org/W2780496321
https://openalex.org/W2950610396
https://openalex.org/W2335550074
https://openalex.org/W2941542476
https://openalex.org/W2940277434
https://openalex.org/W3046153751
https://openalex.org/W2929806984
https://openalex.org/W3137616427
https://openalex.org/W4200038615
https://openalex.org/W3196530970
https://openalex.org/W4221045837
https://openalex.org/W4284887206
https://openalex.org/W4306668393
https://openalex.org/W4386046367
https://openalex.org/W4385565584
https://openalex.org/W4389396585
https://openalex.org/W4390585621
https://openalex.org/W4391926255
https://openalex.org/W4392299554
https://openalex.org/W2020062495
https://openalex.org/W2060811907
https://openalex.org/W2012513336
https://openalex.org/W2031467654
https://openalex.org/W2049808349
https://openalex.org/W2025287068
https://openalex.org/W2154487013
https://openalex.org/W2107609474
https://openalex.org/W2140000072
https://openalex.org/W1547809857
https://openalex.org/W1970329468
https://openalex.org/W1971235018
https://openalex.org/W1829438322
https://openalex.org/W1993075341
https://openalex.org/W2016259755
https://openalex.org/W2000192696
https://openalex.org/W2130733614
https://openalex.org/W2014990493
https://openalex.org/W2069779961
https://openalex.org/W1989325575
https://openalex.org/W2029382577
https://openalex.org/W2083079976
https://openalex.org/W2165030809
https://openalex.org/W2111058662
https://openalex.org/W2045624797
https://openalex.org/W2054306112
https://openalex.org/W2170018371
https://openalex.org/W3088030276
https://openalex.org/W2000606158
https://openalex.org/W1969903890
https://openalex.org/W2328449245
https://openalex.org/W2950234606
https://openalex.org/W2089033227
https://openalex.org/W2099046071
https://openalex.org/W2095078921
https://openalex.org/W2049049571
https://openalex.org/W1967887337
https://openalex.org/W1985142798
https://openalex.org/W2106577067
https://openalex.org/W2064929629
https://openalex.org/W1968045933
https://openalex.org/W2018999598
https://openalex.org/W2050325704
https://openalex.org/W1993147606
https://openalex.org/W2055138521
https://openalex.org/W2008045870
https://openalex.org/W2011308985
https://openalex.org/W2058402820
https://openalex.org/W2131224090
https://openalex.org/W2065360188
https://openalex.org/W2021945030
https://openalex.org/W2002900067
https://openalex.org/W2031885406
https://openalex.org/W2083008063
https://openalex.org/W2010469254
https://openalex.org/W2147137340
https://openalex.org/W2064145479
https://openalex.org/W390831703
https://openalex.org/W1825500864
https://openalex.org/W1955574538
https://openalex.org/W2048340797
https://openalex.org/W2050239820
https://openalex.org/W2095125666
https://openalex.org/W2154679826
https://openalex.org/W1996007507
https://openalex.org/W2153092252
https://openalex.org/W2323642978
https://openalex.org/W2405211658
https://openalex.org/W2199959442
https://openalex.org/W2811157858
https://openalex.org/W2054219598
https://openalex.org/W2559582708
https://openalex.org/W2346016563
https://openalex.org/W2107091955
https://openalex.org/W2276673106
https://openalex.org/W2304981697
https://openalex.org/W2559847996
https://openalex.org/W2790778793
https://openalex.org/W2342696712
https://openalex.org/W2515563756
https://openalex.org/W1938533218
https://openalex.org/W2190980539
https://openalex.org/W2775141780
https://openalex.org/W2981033884
https://openalex.org/W2513033069
https://openalex.org/W2516767722
https://openalex.org/W2754694763
https://openalex.org/W2996291803
https://openalex.org/W2763552419
https://openalex.org/W2807826896
https://openalex.org/W2990841626
https://openalex.org/W3036400882
https://openalex.org/W3091047196
https://openalex.org/W3047065944
https://openalex.org/W3123817138
https://openalex.org/W3134957395
https://openalex.org/W3159103275
https://openalex.org/W3202914653
https://openalex.org/W3178423274
https://openalex.org/W4280594135
https://openalex.org/W4308834288
https://openalex.org/W4206185596
https://openalex.org/W4315479149
https://openalex.org/W1988586665
https://openalex.org/W2019844622
https://openalex.org/W2041587631
https://openalex.org/W2011910783
https://openalex.org/W2020165535
https://openalex.org/W2021889908
https://openalex.org/W2067709781
https://openalex.org/W2044423347
https://openalex.org/W1989630831
https://openalex.org/W2024914299
https://openalex.org/W2150155274
https://openalex.org/W2076210676
https://openalex.org/W2086930114
https://openalex.org/W2033411846
https://openalex.org/W2080274919
https://openalex.org/W2101504528
https://openalex.org/W1997768445
https://openalex.org/W1990354824
https://openalex.org/W2013271103
https://openalex.org/W1982825577
https://openalex.org/W2041956620
https://openalex.org/W1976131184
https://openalex.org/W2107295946
https://openalex.org/W4244987459
https://openalex.org/W2001822484
https://openalex.org/W2024164039
https://openalex.org/W2025823939
https://openalex.org/W1508450158
https://openalex.org/W2115148397
https://openalex.org/W2087025864
https://openalex.org/W4240851830
https://openalex.org/W1993520500
https://openalex.org/W2068638501
https://openalex.org/W2081064559
https://openalex.org/W1966956738
https://openalex.org/W2167091011
https://openalex.org/W2051533952
https://openalex.org/W2051869790
https://openalex.org/W1986475264
https://openalex.org/W1998161022
https://openalex.org/W2314132402
https://openalex.org/W1908955466
https://openalex.org/W2327578567
https://openalex.org/W2087985613
https://openalex.org/W2075641906
https://openalex.org/W2091589493
https://openalex.org/W2137747821
https://openalex.org/W1972631814
https://openalex.org/W2055268538
https://openalex.org/W2114447596
https://openalex.org/W2159167285
https://openalex.org/W2084848759
https://openalex.org/W2007529629
https://openalex.org/W2056189241
https://openalex.org/W2101853715
https://openalex.org/W2156324767
https://openalex.org/W1638433309
https://openalex.org/W2171764259
https://openalex.org/W2298690467
https://openalex.org/W2335834204
https://openalex.org/W2585373193
https://openalex.org/W2158713100
https://openalex.org/W2625526982
https://openalex.org/W2492853240
https://openalex.org/W2767803778
https://openalex.org/W2792790898
https://openalex.org/W2793648087
https://openalex.org/W2048043410
https://openalex.org/W2169189236
https://openalex.org/W2299641857
https://openalex.org/W2300281977
https://openalex.org/W2539061664
https://openalex.org/W2559505210
https://openalex.org/W2565862792
https://openalex.org/W2605583658
https://openalex.org/W2796327668
https://openalex.org/W2464416793
https://openalex.org/W2922370696
https://openalex.org/W2174386263
https://openalex.org/W2890465241
https://openalex.org/W2915707868
https://openalex.org/W2996762376
https://openalex.org/W2984320094
https://openalex.org/W3169696650
https://openalex.org/W4280640502
https://openalex.org/W4206115520
https://openalex.org/W4281788587
https://openalex.org/W4296472228
https://openalex.org/W4317830654
https://openalex.org/W4385612981
https://openalex.org/W2048735504
https://openalex.org/W2159737599
https://openalex.org/W1989206386
https://openalex.org/W2064766323
https://openalex.org/W2117271993
https://openalex.org/W2049228054
https://openalex.org/W2165018387
https://openalex.org/W1972604012
https://openalex.org/W2026330429
https://openalex.org/W2027495059
https://openalex.org/W2059266448
https://openalex.org/W2085808162
https://openalex.org/W2321017775
https://openalex.org/W1992962942
https://openalex.org/W2090527886
https://openalex.org/W2106901747
https://openalex.org/W1982944659
https://openalex.org/W2047484835
https://openalex.org/W2022708814
https://openalex.org/W2031655521
https://openalex.org/W2063630082
https://openalex.org/W1984785280
https://openalex.org/W2048665255
https://openalex.org/W2010933452
https://openalex.org/W2170772949
https://openalex.org/W2502843984
https://openalex.org/W1569253030
https://openalex.org/W1970922236
https://openalex.org/W1986313104
https://openalex.org/W1986564888
https://openalex.org/W2123652718
https://openalex.org/W1986817870
https://openalex.org/W2042212704
https://openalex.org/W2065200667
https://openalex.org/W2015438899
https://openalex.org/W1963687053
https://openalex.org/W1979848898
https://openalex.org/W2044368528
https://openalex.org/W2076766519
https://openalex.org/W1966874995
https://openalex.org/W1990652133
https://openalex.org/W2037532427
https://openalex.org/W2139615390
https://openalex.org/W1975132936
https://openalex.org/W2112872452
https://openalex.org/W2036826180
https://openalex.org/W2123000351
https://openalex.org/W1970015194
https://openalex.org/W1984667391
https://openalex.org/W2007479384
https://openalex.org/W2034480380
https://openalex.org/W2099731045
https://openalex.org/W2151829475
https://openalex.org/W2157165799
https://openalex.org/W2027640126
https://openalex.org/W2064681087
https://openalex.org/W2088062973
https://openalex.org/W2117722114
https://openalex.org/W2013216123
https://openalex.org/W2046912225
https://openalex.org/W1979864947
https://openalex.org/W2017359827
https://openalex.org/W2076507525
https://openalex.org/W2079268080
https://openalex.org/W2159327469
https://openalex.org/W2038476340
https://openalex.org/W1997255091
https://openalex.org/W1999823178
https://openalex.org/W2024112350
https://openalex.org/W2147016334
https://openalex.org/W1914494740
https://openalex.org/W1991780368
https://openalex.org/W2066410811
https://openalex.org/W2111014093
https://openalex.org/W2185569688
https://openalex.org/W2332636531
https://openalex.org/W2580344103
https://openalex.org/W2753817530
https://openalex.org/W1565019306
https://openalex.org/W2215789855
https://openalex.org/W2674948902
https://openalex.org/W2889298596
https://openalex.org/W2908758302
https://openalex.org/W2967600646
https://openalex.org/W2973715841
https://openalex.org/W2144852501
https://openalex.org/W2275279163
https://openalex.org/W2802445320
https://openalex.org/W2911679002
https://openalex.org/W2956364666
https://openalex.org/W2988190427
https://openalex.org/W3110881213
https://openalex.org/W3156446739
https://openalex.org/W2894664918
https://openalex.org/W3198223528
https://openalex.org/W4367056681
https://openalex.org/W2005179911
https://openalex.org/W2030729504
https://openalex.org/W2118715957
https://openalex.org/W2018723523
https://openalex.org/W2074474136
https://openalex.org/W2012545815
https://openalex.org/W2064480986
https://openalex.org/W2149335063
https://openalex.org/W2114594504
https://openalex.org/W1976640611
https://openalex.org/W2042771546
https://openalex.org/W2094236130
https://openalex.org/W1972810338
https://openalex.org/W2059128019
https://openalex.org/W2063704175
https://openalex.org/W4236797742
https://openalex.org/W1734154993
https://openalex.org/W2035830246
https://openalex.org/W2413133469
https://openalex.org/W2083893399
https://openalex.org/W2062234756
https://openalex.org/W2178206753
https://openalex.org/W1565294536
https://openalex.org/W1977584451
https://openalex.org/W2150181277
https://openalex.org/W2171333039
https://openalex.org/W2070986357
https://openalex.org/W2154432417
https://openalex.org/W1992082068
https://openalex.org/W2046633268
https://openalex.org/W2072079798
https://openalex.org/W2594080851
https://openalex.org/W2075127378
https://openalex.org/W1991587611
https://openalex.org/W2019549167
https://openalex.org/W2077594756
https://openalex.org/W2161010275
https://openalex.org/W2136910042
https://openalex.org/W2032039381
https://openalex.org/W2041297298
https://openalex.org/W2070794111
https://openalex.org/W2047644131
https://openalex.org/W2056038691
https://openalex.org/W2126651229
https://openalex.org/W1996102966
https://openalex.org/W2170600290
https://openalex.org/W2030779408
https://openalex.org/W2034582278
https://openalex.org/W2057463430
https://openalex.org/W2117537636
https://openalex.org/W2139177245
https://openalex.org/W1600698479
https://openalex.org/W2097704199
https://openalex.org/W2000267248
https://openalex.org/W2001524630
https://openalex.org/W2001440274
https://openalex.org/W2396751373
https://openalex.org/W2140632896
https://openalex.org/W2142390028
https://openalex.org/W2564553345
https://openalex.org/W2304690932
https://openalex.org/W2529985243
https://openalex.org/W2561129545
https://openalex.org/W2751286774
https://openalex.org/W1690983771
https://openalex.org/W2175317458
https://openalex.org/W2336688055
https://openalex.org/W2530776224
https://openalex.org/W2537869101
https://openalex.org/W2562572294
https://openalex.org/W2604796850
https://openalex.org/W2337336510
https://openalex.org/W2340792393
https://openalex.org/W2506679320
https://openalex.org/W2589122305
https://openalex.org/W2790323409
https://openalex.org/W2533634859
https://openalex.org/W2586361874
https://openalex.org/W2902005677
https://openalex.org/W2947380834
https://openalex.org/W3003619039
https://openalex.org/W3014106461
https://openalex.org/W3010857531
https://openalex.org/W3092703646
https://openalex.org/W2965181393
https://openalex.org/W3157591377
https://openalex.org/W3212799829
https://openalex.org/W4281766929
https://openalex.org/W4283580802
https://openalex.org/W4286252308
https://openalex.org/W4309419386
https://openalex.org/W4308902275
https://openalex.org/W4316590768
https://openalex.org/W4321101938
https://openalex.org/W4360871758
https://openalex.org/W4384466914
https://openalex.org/W4385156462
https://openalex.org/W4385658164
https://openalex.org/W1988986963
https://openalex.org/W2067871712
https://openalex.org/W2068466750
https://openalex.org/W2075417872
https://openalex.org/W2088889171
https://openalex.org/W2323293059
https://openalex.org/W1975643048
https://openalex.org/W2033947412
https://openalex.org/W2051210975
https://openalex.org/W2145593998
https://openalex.org/W2769984872
https://openalex.org/W2090790003
https://openalex.org/W2322732223
https://openalex.org/W1997066818
https://openalex.org/W2169516154
https://openalex.org/W2053259079
https://openalex.org/W2061042088
https://openalex.org/W303699307
https://openalex.org/W2052801481
https://openalex.org/W2062871566
https://openalex.org/W2134533646
https://openalex.org/W2062583982
https://openalex.org/W2171517691
https://openalex.org/W2005908821
https://openalex.org/W2052700384
https://openalex.org/W2075295573
https://openalex.org/W2078900225
https://openalex.org/W2091877194
https://openalex.org/W2161268673
https://openalex.org/W2949733879
https://openalex.org/W151287599
https://openalex.org/W2021890785
https://openalex.org/W1971504616
https://openalex.org/W2063985661
https://openalex.org/W2117976432
https://openalex.org/W1993255151
https://openalex.org/W2139629283
https://openalex.org/W2297678334
https://openalex.org/W2041752579
https://openalex.org/W2316693732
https://openalex.org/W2073679951
https://openalex.org/W2033653178
https://openalex.org/W2037026830
https://openalex.org/W2096933665
https://openalex.org/W1992111738
https://openalex.org/W4247282983
https://openalex.org/W2114742201
https://openalex.org/W2122562926
https://openalex.org/W2142898129
https://openalex.org/W1999438070
https://openalex.org/W2061042497
https://openalex.org/W2316746442
https://openalex.org/W2085235189
https://openalex.org/W2135958683
https://openalex.org/W1163344791
https://openalex.org/W1456950104
https://openalex.org/W1963262670
https://openalex.org/W1972739072
https://openalex.org/W1990068686
https://openalex.org/W2001138774
https://openalex.org/W1566851304
https://openalex.org/W1590819866
https://openalex.org/W1931551739
https://openalex.org/W2330227497
https://openalex.org/W2746199655
https://openalex.org/W2751762524
https://openalex.org/W2763285289
https://openalex.org/W1913867860
https://openalex.org/W2272497962
https://openalex.org/W2295241767
https://openalex.org/W2544179357
https://openalex.org/W2527336473
https://openalex.org/W2559805617
https://openalex.org/W2773526366
https://openalex.org/W653542775
https://openalex.org/W2775684993
https://openalex.org/W2895060799
https://openalex.org/W2945063170
https://openalex.org/W2921852990
https://openalex.org/W3003355179
https://openalex.org/W3088033826
https://openalex.org/W3084785588
https://openalex.org/W3091988608
https://openalex.org/W3200463213
https://openalex.org/W3205327943
https://openalex.org/W4280645510
https://openalex.org/W4289528593
https://openalex.org/W4293726628
https://openalex.org/W4295905815
https://openalex.org/W4389505772
https://openalex.org/W4390544790
https://openalex.org/W4390765820
https://openalex.org/W4391046566
https://openalex.org/W4391392486
https://openalex.org/W4391611378
https://openalex.org/W4391876219
https://openalex.org/W4391931917
https://openalex.org/W4391980122
https://openalex.org/W4392401899
https://openalex.org/W4392948977
https://openalex.org/W4392958230
https://openalex.org/W4393085577
https://openalex.org/W4393371480
https://openalex.org/W4393371956
https://openalex.org/W4393371963
https://openalex.org/W4393404628
https://openalex.org/W4393556040
https://openalex.org/W4393571956
https://openalex.org/W4393854758
https://openalex.org/W4393943219
https://openalex.org/W4393988060
https://openalex.org/W4394570403
https://openalex.org/W4394648101
https://openalex.org/W4394726357
https://openalex.org/W4394745453
https://openalex.org/W4394763057
https://openalex.org/W4394766111
https://openalex.org/W4394801457
https://openalex.org/W4394802570
https://openalex.org/W4394832758
https://openalex.org/W4394832851
https://openalex.org/W4394834125
https://openalex.org/W4394836092
https://openalex.org/W4395014467
https://openalex.org/W4395703715
https://openalex.org/W4396560397
https://openalex.org/W4396598551
https://openalex.org/W1638068208
https://openalex.org/W1966348672
https://openalex.org/W1978052521
https://openalex.org/W2003877368
https://openalex.org/W2055595955
https://openalex.org/W2059293307
https://openalex.org/W2087367843
https://openalex.org/W1969942660
https://openalex.org/W1998417478
https://openalex.org/W2001722570
https://openalex.org/W2050088838
https://openalex.org/W2066595731
https://openalex.org/W2150388604
https://openalex.org/W1973998124
https://openalex.org/W1991269989
https://openalex.org/W2013237672
https://openalex.org/W2401201214
https://openalex.org/W2033969042
https://openalex.org/W2036936044
https://openalex.org/W2131760105
https://openalex.org/W1966206869
https://openalex.org/W2021638463
https://openalex.org/W2050563600
https://openalex.org/W2106793619
https://openalex.org/W1964976846
https://openalex.org/W1965542707
https://openalex.org/W2048026825
https://openalex.org/W2099871541
https://openalex.org/W2175026026
https://openalex.org/W1984358263
https://openalex.org/W2069659392
https://openalex.org/W2153227293
https://openalex.org/W2013640464
https://openalex.org/W2170025879
https://openalex.org/W2952555144
https://openalex.org/W1964529636
https://openalex.org/W2029931933
https://openalex.org/W2043246942
https://openalex.org/W2029073901
https://openalex.org/W2142649726
https://openalex.org/W2144484016
https://openalex.org/W1494165345
https://openalex.org/W1978441114
https://openalex.org/W2042232416
https://openalex.org/W2076197618
https://openalex.org/W2029493534
https://openalex.org/W1594105132
https://openalex.org/W1892838577
https://openalex.org/W2092823603
https://openalex.org/W2122709869
https://openalex.org/W2138087041
https://openalex.org/W2143051445
https://openalex.org/W1559032245
https://openalex.org/W1968372233
https://openalex.org/W2024996355
https://openalex.org/W2056952253
https://openalex.org/W2064209543
https://openalex.org/W2127002081
https://openalex.org/W1984794884
https://openalex.org/W2032062357
https://openalex.org/W2050456943
https://openalex.org/W2083747244
https://openalex.org/W2516863797
https://openalex.org/W2552939376
https://openalex.org/W2768316591
https://openalex.org/W2052432138
https://openalex.org/W2094701566
https://openalex.org/W2193195521
https://openalex.org/W2276643266
https://openalex.org/W2518445164
https://openalex.org/W2772193189
https://openalex.org/W2774765751
https://openalex.org/W613697576
https://openalex.org/W780906794
https://openalex.org/W1917099447
https://openalex.org/W1928923137
https://openalex.org/W1994327706
https://openalex.org/W2071516912
https://openalex.org/W2198698282
https://openalex.org/W2235810877
https://openalex.org/W2549031747
https://openalex.org/W2566919991
https://openalex.org/W2602910370
https://openalex.org/W2750149276
https://openalex.org/W2961376237
https://openalex.org/W2978778493
https://openalex.org/W2994986878
https://openalex.org/W3128609259
https://openalex.org/W3136546212
https://openalex.org/W3205345076
https://openalex.org/W3208694452
https://openalex.org/W4200277487
https://openalex.org/W4311967395
https://openalex.org/W4367059929
https://openalex.org/W4382752862
https://openalex.org/W4386757547
https://openalex.org/W4387671437
https://openalex.org/W2090585672
https://openalex.org/W1978532034
https://openalex.org/W2144765725
https://openalex.org/W2027428204
https://openalex.org/W2031400504
https://openalex.org/W2085742220
https://openalex.org/W1549852894
https://openalex.org/W2030907570
https://openalex.org/W2083582256
https://openalex.org/W2112116059
https://openalex.org/W2037144188
https://openalex.org/W2064383432
https://openalex.org/W2003667260
https://openalex.org/W2040236491
https://openalex.org/W2056487783
https://openalex.org/W2062434429
https://openalex.org/W2157664867
https://openalex.org/W2089400940
https://openalex.org/W2158521171
https://openalex.org/W1608049610
https://openalex.org/W2018909256
https://openalex.org/W2048853224
https://openalex.org/W2045836607
https://openalex.org/W2000662606
https://openalex.org/W2007144594
https://openalex.org/W2072163553
https://openalex.org/W4252164295
https://openalex.org/W1966123374
https://openalex.org/W1966528969
https://openalex.org/W2054952638
https://openalex.org/W2077517394
https://openalex.org/W2148057479
https://openalex.org/W2054805721
https://openalex.org/W1989858175
https://openalex.org/W2005120145
https://openalex.org/W2041501969
https://openalex.org/W2085785868
https://openalex.org/W2060146966
https://openalex.org/W2044473712
https://openalex.org/W2151601140
https://openalex.org/W2323360726
https://openalex.org/W1824535064
https://openalex.org/W2006643914
https://openalex.org/W2042755815
https://openalex.org/W2078808275
https://openalex.org/W2081230820
https://openalex.org/W2082644209
https://openalex.org/W1575228548
https://openalex.org/W1973887609
https://openalex.org/W2045185074
https://openalex.org/W2084798728
https://openalex.org/W2146293785
https://openalex.org/W2161469518
https://openalex.org/W2596338797
https://openalex.org/W2605189340
https://openalex.org/W2769575754
https://openalex.org/W2795104029
https://openalex.org/W1802360614
https://openalex.org/W2004279914
https://openalex.org/W2078309752
https://openalex.org/W2205506937
https://openalex.org/W2276303977
https://openalex.org/W2744186969
https://openalex.org/W2789345644
https://openalex.org/W2895113965
https://openalex.org/W998793863
https://openalex.org/W2497921124
https://openalex.org/W2964897067
https://openalex.org/W2980214466
https://openalex.org/W2986675168
https://openalex.org/W2981164194
https://openalex.org/W3012136092
https://openalex.org/W3042536467
https://openalex.org/W3098743369
https://openalex.org/W3117480333
https://openalex.org/W3211056137
https://openalex.org/W4213031867
https://openalex.org/W4213096861
https://openalex.org/W4283752757
https://openalex.org/W4294131657
https://openalex.org/W2058911530
https://openalex.org/W2059602036
https://openalex.org/W2036901219
https://openalex.org/W2118753589
https://openalex.org/W1965567858
https://openalex.org/W1981439146
https://openalex.org/W2020811702
https://openalex.org/W2079474603
https://openalex.org/W1968895138
https://openalex.org/W2057404184
https://openalex.org/W2073049766
https://openalex.org/W1481849172
https://openalex.org/W2022189157
https://openalex.org/W2159882598
https://openalex.org/W2951447690
https://openalex.org/W1964840970
https://openalex.org/W1976788579
https://openalex.org/W2013168434
https://openalex.org/W2084638106
https://openalex.org/W2140296458
https://openalex.org/W4230192305
https://openalex.org/W1966068799
https://openalex.org/W2014636132
https://openalex.org/W2053070754
https://openalex.org/W2058467940
https://openalex.org/W2078482257
https://openalex.org/W2117889156
https://openalex.org/W2145454478
https://openalex.org/W2326567649
https://openalex.org/W2120806702
https://openalex.org/W2039507989
https://openalex.org/W4246041572
https://openalex.org/W2025033696
https://openalex.org/W2434754423
https://openalex.org/W1996131555
https://openalex.org/W1969436803
https://openalex.org/W1969925181
https://openalex.org/W1999429666
https://openalex.org/W2005246846
https://openalex.org/W2021398925
https://openalex.org/W2162378131
https://openalex.org/W1980630499
https://openalex.org/W2050204800
https://openalex.org/W2083842711
https://openalex.org/W2106093813
https://openalex.org/W1972344007
https://openalex.org/W2014275249
https://openalex.org/W2070113414
https://openalex.org/W2316626967
https://openalex.org/W1971780901
https://openalex.org/W1972289275
https://openalex.org/W2216671988
https://openalex.org/W2513074003
https://openalex.org/W2573102218
https://openalex.org/W2613837167
https://openalex.org/W2618822613
https://openalex.org/W2765337581
https://openalex.org/W2884957459
https://openalex.org/W4205748570
https://openalex.org/W2011163933
https://openalex.org/W2219328940
https://openalex.org/W2346432457
https://openalex.org/W2525382806
https://openalex.org/W2554750332
https://openalex.org/W2586560411
https://openalex.org/W2617300196
https://openalex.org/W2756512509
https://openalex.org/W2792819150
https://openalex.org/W2808120718
https://openalex.org/W2885108404
https://openalex.org/W2893096669
https://openalex.org/W2895792276
https://openalex.org/W2916048107
https://openalex.org/W627402502
https://openalex.org/W1969058481
https://openalex.org/W2321740284
https://openalex.org/W2528278760
https://openalex.org/W2950459636
https://openalex.org/W3176073697
https://openalex.org/W4212882252
https://openalex.org/W4213341982
https://openalex.org/W4223554014
https://openalex.org/W4226445569
https://openalex.org/W4292245072
https://openalex.org/W2044893397
https://openalex.org/W1966324268
https://openalex.org/W2046914041
https://openalex.org/W1979511990
https://openalex.org/W2062635466
https://openalex.org/W2003038416
https://openalex.org/W2007721442
https://openalex.org/W2059678068
https://openalex.org/W2085095755
https://openalex.org/W1979015336
https://openalex.org/W2072368666
https://openalex.org/W2028656905
https://openalex.org/W2046147717
https://openalex.org/W2092655038
https://openalex.org/W2109100302
https://openalex.org/W2950686395
https://openalex.org/W2004561896
https://openalex.org/W2045869022
https://openalex.org/W2078901694
https://openalex.org/W2087562253
https://openalex.org/W2101717587
https://openalex.org/W2291462450
https://openalex.org/W2008885016
https://openalex.org/W2050974132
https://openalex.org/W2064426577
https://openalex.org/W2123235289
https://openalex.org/W2068961601
https://openalex.org/W2044248597
https://openalex.org/W1963757505
https://openalex.org/W1995761264
https://openalex.org/W4299509950
https://openalex.org/W2063788287
https://openalex.org/W2085073785
https://openalex.org/W2020448874
https://openalex.org/W2025967965
https://openalex.org/W2111711139
https://openalex.org/W2169039091
https://openalex.org/W1844034907
https://openalex.org/W1986363957
https://openalex.org/W2029509008
https://openalex.org/W2136754418
https://openalex.org/W2206904157
https://openalex.org/W2329551989
https://openalex.org/W1997411751
https://openalex.org/W2006182634
https://openalex.org/W2019185974
https://openalex.org/W2609515455
https://openalex.org/W2894943986
https://openalex.org/W1001050169
https://openalex.org/W2056817381
https://openalex.org/W2493078192
https://openalex.org/W2539175067
https://openalex.org/W2555380634
https://openalex.org/W2589452336
https://openalex.org/W2608793103
https://openalex.org/W2765227062
https://openalex.org/W2770257328
https://openalex.org/W2161787318
https://openalex.org/W2228586168
https://openalex.org/W2524974372
https://openalex.org/W2990367140
https://openalex.org/W3004328294
https://openalex.org/W3119524177
https://openalex.org/W3175985464
https://openalex.org/W3177130045
https://openalex.org/W2022788676
https://openalex.org/W2025646185
https://openalex.org/W2151972265
https://openalex.org/W1985319106
https://openalex.org/W2061561111
https://openalex.org/W2160050816
https://openalex.org/W1972813747
https://openalex.org/W1988304100
https://openalex.org/W2014725574
https://openalex.org/W2063130072
https://openalex.org/W2067672736
https://openalex.org/W2070953623
https://openalex.org/W2086690413
https://openalex.org/W2161618881
https://openalex.org/W1638707930
https://openalex.org/W1989049847
https://openalex.org/W2022786317
https://openalex.org/W2044412900
https://openalex.org/W2047043665
https://openalex.org/W2157493722
https://openalex.org/W1977578005
https://openalex.org/W1991622216
https://openalex.org/W2004323047
https://openalex.org/W2128104011
https://openalex.org/W2306555066
https://openalex.org/W2039377467
https://openalex.org/W2089120664
https://openalex.org/W1991269416
https://openalex.org/W1998658066
https://openalex.org/W1966072803
https://openalex.org/W1992868914
https://openalex.org/W2025747344
https://openalex.org/W2029468610
https://openalex.org/W2083788397
https://openalex.org/W2147397980
https://openalex.org/W2133960475
https://openalex.org/W2166955110
https://openalex.org/W2314105858
https://openalex.org/W2004855528
https://openalex.org/W2041780890
https://openalex.org/W2137819290
https://openalex.org/W122070659
https://openalex.org/W1997220756
https://openalex.org/W2109269404
https://openalex.org/W2126702396
https://openalex.org/W2150261705
https://openalex.org/W2461303513
https://openalex.org/W2909409958
https://openalex.org/W1965553620
https://openalex.org/W1985623914
https://openalex.org/W2129517910
https://openalex.org/W2164041411
https://openalex.org/W2014545119
https://openalex.org/W2121335592
https://openalex.org/W2052961948
https://openalex.org/W1964156895
https://openalex.org/W2000894248
https://openalex.org/W1964524271
https://openalex.org/W1985476952
https://openalex.org/W2006810710
https://openalex.org/W2017246931
https://openalex.org/W2053805891
https://openalex.org/W2783075883
https://openalex.org/W2791053284
https://openalex.org/W2792508074
https://openalex.org/W2920943930
https://openalex.org/W2944152381
https://openalex.org/W2076344236
https://openalex.org/W2442542356
https://openalex.org/W2467792539
https://openalex.org/W4235589938
https://openalex.org/W3204283261
https://openalex.org/W4226443084
https://openalex.org/W4206285033
https://openalex.org/W4207044738
https://openalex.org/W4282959725
https://openalex.org/W4283315771
https://openalex.org/W4286217254
https://openalex.org/W4313399492
https://openalex.org/W4320886268
https://openalex.org/W4323836116
https://openalex.org/W4362692857
https://openalex.org/W4366371751
https://openalex.org/W4386289451
https://openalex.org/W4386884928
https://openalex.org/W4387421903
https://openalex.org/W4387454664
https://openalex.org/W4387741193
https://openalex.org/W4389265329
https://openalex.org/W4389452704
https://openalex.org/W2047860778
https://openalex.org/W2092318820
https://openalex.org/W2099528194
https://openalex.org/W1971999277
https://openalex.org/W1989814624
https://openalex.org/W1997020406
https://openalex.org/W2009831757
https://openalex.org/W1989308133
https://openalex.org/W1991743125
https://openalex.org/W2030546718
https://openalex.org/W2021514396
https://openalex.org/W32026195
https://openalex.org/W4241513843
https://openalex.org/W1966953260
https://openalex.org/W1979147635
https://openalex.org/W1994677955
https://openalex.org/W2025878425
https://openalex.org/W1979048317
https://openalex.org/W2002434560
https://openalex.org/W2032629040
https://openalex.org/W2138143161
https://openalex.org/W2315650536
https://openalex.org/W2324668697
https://openalex.org/W2951480302
https://openalex.org/W78934062
https://openalex.org/W1982734272
https://openalex.org/W2030822964
https://openalex.org/W2057538947
https://openalex.org/W2001997715
https://openalex.org/W2055560254
https://openalex.org/W1583514024
https://openalex.org/W2008979199
https://openalex.org/W2018049729
https://openalex.org/W2090009239
https://openalex.org/W2115013724
https://openalex.org/W2131767987
https://openalex.org/W1967090495
https://openalex.org/W2003318981
https://openalex.org/W2006992959
https://openalex.org/W2015741318
https://openalex.org/W2125482729
https://openalex.org/W2008645955
https://openalex.org/W2054657547
https://openalex.org/W2090169641
https://openalex.org/W4249752854
https://openalex.org/W167043749
https://openalex.org/W1997266992
https://openalex.org/W1998130468
https://openalex.org/W2045555339
https://openalex.org/W2053407748
https://openalex.org/W2072085999
https://openalex.org/W2073661331
https://openalex.org/W2584774372
https://openalex.org/W2585042754
https://openalex.org/W2735666560
https://openalex.org/W2800829147
https://openalex.org/W2885810774
https://openalex.org/W1868951324
https://openalex.org/W2118297049
https://openalex.org/W2145615536
https://openalex.org/W2337248337
https://openalex.org/W2418749719
https://openalex.org/W2546810362
https://openalex.org/W2752608872
https://openalex.org/W2754605059
https://openalex.org/W2900972652
https://openalex.org/W2980832555
https://openalex.org/W2125546143
https://openalex.org/W1986896833
https://openalex.org/W2019540922
https://openalex.org/W2024881268
https://openalex.org/W2060920287
https://openalex.org/W2076393025
https://openalex.org/W2077007040
https://openalex.org/W2023029048
https://openalex.org/W2036419932
https://openalex.org/W2056753481
https://openalex.org/W2076130145
https://openalex.org/W2133936189
https://openalex.org/W2134453066
https://openalex.org/W1968355735
https://openalex.org/W1987629655
https://openalex.org/W1999563840
https://openalex.org/W2096691676
https://openalex.org/W1964463412
https://openalex.org/W1991743554
https://openalex.org/W2012265612
https://openalex.org/W2090696325
https://openalex.org/W2114332881
https://openalex.org/W2950022615
https://openalex.org/W2950452084
https://openalex.org/W2020280234
https://openalex.org/W2089929178
https://openalex.org/W1462656246
https://openalex.org/W2109365494
https://openalex.org/W4299336679
https://openalex.org/W2048026021
https://openalex.org/W18981014
https://openalex.org/W1975796698
https://openalex.org/W2003169240
https://openalex.org/W2417261524
https://openalex.org/W2079053421
https://openalex.org/W2171384733
https://openalex.org/W1973064815
https://openalex.org/W1982713643
https://openalex.org/W2048199680
https://openalex.org/W2077457993
https://openalex.org/W2147250482
https://openalex.org/W2147363515
https://openalex.org/W2405664447
https://openalex.org/W2410130118
https://openalex.org/W2765091327
https://openalex.org/W2769433678
https://openalex.org/W2799652857
https://openalex.org/W2807114941
https://openalex.org/W4247389871
https://openalex.org/W4252349363
https://openalex.org/W1576158457
https://openalex.org/W1923841532
https://openalex.org/W1977278382
https://openalex.org/W2002346088
https://openalex.org/W2027521009
https://openalex.org/W2057289474
https://openalex.org/W2059334090
https://openalex.org/W2342221781
https://openalex.org/W2408149301
https://openalex.org/W2480551678
https://openalex.org/W2558174884
https://openalex.org/W2913553882
https://openalex.org/W2942804697
https://openalex.org/W2978345869
https://openalex.org/W2981893777
https://openalex.org/W2991932916
https://openalex.org/W3037585935
https://openalex.org/W3093277310
https://openalex.org/W3096589386
https://openalex.org/W2217239432
https://openalex.org/W2322633143
https://openalex.org/W3129979765
https://openalex.org/W3134687181
https://openalex.org/W3200427323
https://openalex.org/W3211226558
https://openalex.org/W1985931565
https://openalex.org/W2041378235
https://openalex.org/W2052613265
https://openalex.org/W2052844012
https://openalex.org/W2049805672
https://openalex.org/W2061264003
https://openalex.org/W2078584790
https://openalex.org/W2088940161
https://openalex.org/W2117748049
https://openalex.org/W2094376176
https://openalex.org/W4298262633
https://openalex.org/W130253959
https://openalex.org/W1990311726
https://openalex.org/W2029895393
https://openalex.org/W2072435281
https://openalex.org/W2075235208
https://openalex.org/W2139134184
https://openalex.org/W2150637660
https://openalex.org/W2168589770
https://openalex.org/W2417477315
https://openalex.org/W2951574891
https://openalex.org/W4237254677
https://openalex.org/W1515378028
https://openalex.org/W1974691813
https://openalex.org/W2094977486
https://openalex.org/W4256018482
https://openalex.org/W1556134193
https://openalex.org/W2008959333
https://openalex.org/W2095250226
https://openalex.org/W1966931000
https://openalex.org/W1968145049
https://openalex.org/W2049916192
https://openalex.org/W2082972022
https://openalex.org/W2103081909
https://openalex.org/W2103981101
https://openalex.org/W1985142559
https://openalex.org/W2077405441
https://openalex.org/W2024082839
https://openalex.org/W2148838985
https://openalex.org/W2380151600
https://openalex.org/W2742334443
https://openalex.org/W2756794932
https://openalex.org/W2797590968
https://openalex.org/W2892245797
https://openalex.org/W1101878926
https://openalex.org/W1607867436
https://openalex.org/W1727258276
https://openalex.org/W1842248278
https://openalex.org/W1949427717
https://openalex.org/W1987676222
https://openalex.org/W2003674728
https://openalex.org/W2011998058
https://openalex.org/W2150234198
https://openalex.org/W2192210985
https://openalex.org/W2231584504
https://openalex.org/W2254794467
https://openalex.org/W2323140248
https://openalex.org/W2344587804
https://openalex.org/W25864049
https://openalex.org/W2769241063
https://openalex.org/W2792974614
https://openalex.org/W2913339801
https://openalex.org/W2921591986
https://openalex.org/W2945933080
https://openalex.org/W2971267185
https://openalex.org/W3006035490
https://openalex.org/W3083762506
https://openalex.org/W3104249075
https://openalex.org/W4211091320
https://openalex.org/W4234711697
https://openalex.org/W3204462902
https://openalex.org/W4233298626
https://openalex.org/W4280512917
https://openalex.org/W4281486061
https://openalex.org/W4288751351
https://openalex.org/W4291020186
https://openalex.org/W4309364914
https://openalex.org/W4313362091
https://openalex.org/W4377004358
https://openalex.org/W2008352716
https://openalex.org/W2025973898
https://openalex.org/W2027819029
https://openalex.org/W2059352682
https://openalex.org/W2077206285
https://openalex.org/W1989851480
https://openalex.org/W2143163844
https://openalex.org/W2398992715
https://openalex.org/W1977092204
https://openalex.org/W2013687714
https://openalex.org/W2052983606
https://openalex.org/W2056285062
https://openalex.org/W2062714597
https://openalex.org/W2107421309
https://openalex.org/W2111407646
https://openalex.org/W2112372403
https://openalex.org/W2318654498
https://openalex.org/W1974540066
https://openalex.org/W1975603061
https://openalex.org/W1988549702
https://openalex.org/W1994108823
https://openalex.org/W2034833092
https://openalex.org/W2039928903
https://openalex.org/W2045168780
https://openalex.org/W2114530428
https://openalex.org/W2256264556
https://openalex.org/W2319244097
https://openalex.org/W2343610169
https://openalex.org/W2444222916
https://openalex.org/W2093967835
https://openalex.org/W4230361986
https://openalex.org/W45295652
https://openalex.org/W1876524712
https://openalex.org/W2024722853
https://openalex.org/W1820699066
https://openalex.org/W2023155653
https://openalex.org/W2090831696
https://openalex.org/W4248086264
https://openalex.org/W1903350260
https://openalex.org/W2082605414
https://openalex.org/W1801471764
https://openalex.org/W2332379814
https://openalex.org/W2795655422
https://openalex.org/W2800515463
https://openalex.org/W2811240180
https://openalex.org/W1573803607
https://openalex.org/W1958148230
https://openalex.org/W1975953374
https://openalex.org/W1982679089
https://openalex.org/W1991019671
https://openalex.org/W2035805835
https://openalex.org/W2041214473
https://openalex.org/W2087593215
https://openalex.org/W2096437258
https://openalex.org/W2328670764
https://openalex.org/W2409866881
https://openalex.org/W2497834370
https://openalex.org/W2542363223
https://openalex.org/W2549487782
https://openalex.org/W2560720225
https://openalex.org/W2587246560
https://openalex.org/W2607440093
https://openalex.org/W2608095997
https://openalex.org/W3012065750
https://openalex.org/W3020967888
https://openalex.org/W3083110526
https://openalex.org/W3108386961
https://openalex.org/W2030482681
https://openalex.org/W2066819912
https://openalex.org/W2247393366
https://openalex.org/W2462919048
https://openalex.org/W1979722300
https://openalex.org/W2143082844
https://openalex.org/W2408839200
https://openalex.org/W1965139954
https://openalex.org/W1969378970
https://openalex.org/W1972700929
https://openalex.org/W2010531899
https://openalex.org/W2019189796
https://openalex.org/W2028460724
https://openalex.org/W2037289749
https://openalex.org/W2040242069
https://openalex.org/W2043930113
https://openalex.org/W2059219633
https://openalex.org/W2076072823
https://openalex.org/W2107405267
https://openalex.org/W2152495194
https://openalex.org/W2244903309
https://openalex.org/W4239301268
https://openalex.org/W1984976394
https://openalex.org/W2001895406
https://openalex.org/W2312431910
https://openalex.org/W2951706223
https://openalex.org/W2078869252
https://openalex.org/W2097537650
https://openalex.org/W2107615610
https://openalex.org/W2138869386
https://openalex.org/W68398863
https://openalex.org/W2006923325
https://openalex.org/W2036893020
https://openalex.org/W2283730358
https://openalex.org/W2047609733
https://openalex.org/W2062216575
https://openalex.org/W2109110881
https://openalex.org/W2730864950
https://openalex.org/W2782793112
https://openalex.org/W2783662765
https://openalex.org/W2791738396
https://openalex.org/W2795230479
https://openalex.org/W2890535231
https://openalex.org/W2912760278
https://openalex.org/W2941467751
https://openalex.org/W2943524818
https://openalex.org/W2951178414
https://openalex.org/W2998549790
https://openalex.org/W3126635526
https://openalex.org/W3152430393
https://openalex.org/W1840781702
https://openalex.org/W2035236808
https://openalex.org/W2145773356
https://openalex.org/W2412265352
https://openalex.org/W3142264617
https://openalex.org/W3147769968
https://openalex.org/W3173502752
https://openalex.org/W3194418651
https://openalex.org/W2460537335
https://openalex.org/W2019802375
https://openalex.org/W2079197033
https://openalex.org/W2082734102
https://openalex.org/W2028488818
https://openalex.org/W2059029919
https://openalex.org/W2094029432
https://openalex.org/W1965490593
https://openalex.org/W1992087556
https://openalex.org/W2035319990
https://openalex.org/W2036846629
https://openalex.org/W2042241140
https://openalex.org/W2061601547
https://openalex.org/W2327991865
https://openalex.org/W2329129447
https://openalex.org/W2022339279
https://openalex.org/W2026957406
https://openalex.org/W157773899
https://openalex.org/W176076490
https://openalex.org/W1964625329
https://openalex.org/W2012758489
https://openalex.org/W2061256293
https://openalex.org/W2182209926
https://openalex.org/W4252469879
https://openalex.org/W2000507510
https://openalex.org/W2233226299
https://openalex.org/W2506078703
https://openalex.org/W2624397236
https://openalex.org/W2756073524
https://openalex.org/W2758252176
https://openalex.org/W2791465814
https://openalex.org/W2802835542
https://openalex.org/W2884249035
https://openalex.org/W2900358681
https://openalex.org/W2904933193
https://openalex.org/W2983694324
https://openalex.org/W3012758963
https://openalex.org/W3014755936
https://openalex.org/W3097546509
https://openalex.org/W3102590849
https://openalex.org/W3103514173
https://openalex.org/W3110907620
https://openalex.org/W2107648161
https://openalex.org/W2325951035
https://openalex.org/W2328766432
https://openalex.org/W2330488526
https://openalex.org/W2417254272
https://openalex.org/W2578823995
https://openalex.org/W4205844676
https://openalex.org/W4207052692
https://openalex.org/W4285594356
https://openalex.org/W4288707392
https://openalex.org/W4297448042
https://openalex.org/W140884192
https://openalex.org/W1986598871
https://openalex.org/W2005564176
https://openalex.org/W2018199074
https://openalex.org/W2028589975
https://openalex.org/W2074181593
https://openalex.org/W2026290163
https://openalex.org/W2321554285
https://openalex.org/W2949910613
https://openalex.org/W2951688934
https://openalex.org/W2029080874
https://openalex.org/W1591707772
https://openalex.org/W2000552282
https://openalex.org/W2013126418
https://openalex.org/W2168743790
https://openalex.org/W2030452072
https://openalex.org/W1521476209
https://openalex.org/W2093882872
https://openalex.org/W2470623014
https://openalex.org/W1968806501
https://openalex.org/W1977838018
https://openalex.org/W1981926979
https://openalex.org/W2028324736
https://openalex.org/W2037604087
https://openalex.org/W2037682682
https://openalex.org/W2076374460
https://openalex.org/W2079182752
https://openalex.org/W2118600686
https://openalex.org/W2131074124
https://openalex.org/W3022988425
https://openalex.org/W2402733702
https://openalex.org/W2005435517
https://openalex.org/W2021403727
https://openalex.org/W2046757342
https://openalex.org/W2057623955
https://openalex.org/W1973464292
https://openalex.org/W2060791532
https://openalex.org/W2063286931
https://openalex.org/W2071086817
https://openalex.org/W2086209859
https://openalex.org/W2401034639
https://openalex.org/W2951950787
https://openalex.org/W2019246517
https://openalex.org/W2053006087
https://openalex.org/W2055665459
https://openalex.org/W161520899
https://openalex.org/W1838008839
https://openalex.org/W1972824626
https://openalex.org/W2008727239
https://openalex.org/W2159290331
https://openalex.org/W1974115828
https://openalex.org/W1990439324
https://openalex.org/W2409038274
https://openalex.org/W2762855310
https://openalex.org/W2769101431
https://openalex.org/W2795542823
https://openalex.org/W2803591231
https://openalex.org/W2894574420
https://openalex.org/W2905422808
https://openalex.org/W2906286207
https://openalex.org/W2911664481
https://openalex.org/W2980758476
https://openalex.org/W2989783077
https://openalex.org/W3009411817
https://openalex.org/W3011184295
https://openalex.org/W3012786134
https://openalex.org/W3045682682
https://openalex.org/W3087599101
https://openalex.org/W3107163695
https://openalex.org/W3109639847
https://openalex.org/W3111130731
https://openalex.org/W3129888800
https://openalex.org/W3129958201
https://openalex.org/W3130188194
https://openalex.org/W3132024989
https://openalex.org/W3132219793
https://openalex.org/W3149458832
https://openalex.org/W3153858908
https://openalex.org/W3191643238
https://openalex.org/W3197649794
https://openalex.org/W3198711827
https://openalex.org/W4229996097
https://openalex.org/W1759696099
https://openalex.org/W2278840205
https://openalex.org/W2298858427
https://openalex.org/W2327427613
https://openalex.org/W2503800456
https://openalex.org/W2511259261
https://openalex.org/W2739301881
https://openalex.org/W1984197829
https://openalex.org/W1998371540
https://openalex.org/W2013263113
https://openalex.org/W2061732555
https://openalex.org/W2079819490
https://openalex.org/W2166256415
https://openalex.org/W2335599615
https://openalex.org/W24281122
https://openalex.org/W26245935
https://openalex.org/W1969509308
https://openalex.org/W1999892512
https://openalex.org/W2045458234
https://openalex.org/W2063216486
https://openalex.org/W2083488066
https://openalex.org/W2316886632
https://openalex.org/W2604732623
https://openalex.org/W2951100601
https://openalex.org/W2951773758
https://openalex.org/W2951922700
https://openalex.org/W46410828
https://openalex.org/W2288573644
https://openalex.org/W1532208588
https://openalex.org/W2002125925
https://openalex.org/W2469430504
https://openalex.org/W1511218316
https://openalex.org/W187442845
https://openalex.org/W1919056205
https://openalex.org/W1963641472
https://openalex.org/W2015200463
https://openalex.org/W2049451056
https://openalex.org/W2091150732
https://openalex.org/W2122903630
https://openalex.org/W2127180068
https://openalex.org/W2151084646
https://openalex.org/W2161619114
https://openalex.org/W2301721975
https://openalex.org/W2328918081
https://openalex.org/W2330461477
https://openalex.org/W2397785887
https://openalex.org/W2402694988
https://openalex.org/W2409188460
https://openalex.org/W309179
https://openalex.org/W3146776990
https://openalex.org/W4310786755
https://openalex.org/W4312019827
https://openalex.org/W4322581379
https://openalex.org/W4322581484
https://openalex.org/W4322735335
https://openalex.org/W4324136430
https://openalex.org/W4360606562
https://openalex.org/W4360607714
https://openalex.org/W4360607758
https://openalex.org/W4360615909
https://openalex.org/W4360746479
https://openalex.org/W4361920068
https://openalex.org/W4361945670
https://openalex.org/W4361951925
https://openalex.org/W4361970534
https://openalex.org/W4362526054
https://openalex.org/W4362657673
https://openalex.org/W4365511741
https://openalex.org/W4365519259
https://openalex.org/W4367460950
https://openalex.org/W4378952656
https://openalex.org/W4379981819
https://openalex.org/W4380886785
https://openalex.org/W4385545204
https://openalex.org/W4385729235
https://openalex.org/W4385770857
https://openalex.org/W4385808353
https://openalex.org/W4385932653
https://openalex.org/W4385966708
https://openalex.org/W4386069101
https://openalex.org/W4386073389
https://openalex.org/W4386446788
https://openalex.org/W4386622504
https://openalex.org/W4386630502
https://openalex.org/W4386806598
https://openalex.org/W4387036166
https://openalex.org/W4387214823
https://openalex.org/W4387234715
https://openalex.org/W4387618139
https://openalex.org/W4387640685
https://openalex.org/W4388047789
https://openalex.org/W4388047848
https://openalex.org/W4388653075
https://openalex.org/W4388908165
https://openalex.org/W4389074816
https://openalex.org/W4389180085
https://openalex.org/W4389223367
https://openalex.org/W4389649740
https://openalex.org/W4390072491
https://openalex.org/W4390454586
https://openalex.org/W4390676125
https://openalex.org/W4391465097
https://openalex.org/W4394400970
https://openalex.org/W2020687060
https://openalex.org/W2074827577
https://openalex.org/W2158138791
https://openalex.org/W2398399052
https://openalex.org/W2415607841
https://openalex.org/W1971990191
https://openalex.org/W2015057571
https://openalex.org/W2044605507
https://openalex.org/W2047087817
https://openalex.org/W2048126262
https://openalex.org/W2090924203
https://openalex.org/W2093714307
https://openalex.org/W2331797006
https://openalex.org/W2950561366
https://openalex.org/W2950743683
https://openalex.org/W2952511340
https://openalex.org/W1975071119
https://openalex.org/W1993119619
https://openalex.org/W2092475869
https://openalex.org/W1648265799
https://openalex.org/W2089932354
https://openalex.org/W2399130387
https://openalex.org/W2471474639
https://openalex.org/W2042227276
https://openalex.org/W1974723862
https://openalex.org/W2002868731
https://openalex.org/W2605843333
https://openalex.org/W2737830625
https://openalex.org/W2761198593
https://openalex.org/W2781807607
https://openalex.org/W4248788599
https://openalex.org/W1003711645
https://openalex.org/W1996996689
https://openalex.org/W2002653009
https://openalex.org/W2018069409
https://openalex.org/W2027223530
https://openalex.org/W2032793475
https://openalex.org/W2038579061
https://openalex.org/W2100552844
https://openalex.org/W2420089191
https://openalex.org/W1991174323
https://openalex.org/W2412436042
https://openalex.org/W101025246
https://openalex.org/W1915601615
https://openalex.org/W2107026141
https://openalex.org/W2411779349
https://openalex.org/W1801312857
https://openalex.org/W2001360531
https://openalex.org/W2125420941
https://openalex.org/W2336365076
https://openalex.org/W2404586921
https://openalex.org/W2784322523
https://openalex.org/W2888361107
https://openalex.org/W2890240323
https://openalex.org/W2921912142
https://openalex.org/W2972538542
https://openalex.org/W2982129219
https://openalex.org/W3034249321
https://openalex.org/W3165816801
https://openalex.org/W3176571354
https://openalex.org/W3182457211
https://openalex.org/W3190825081
https://openalex.org/W3193539310
https://openalex.org/W2488502283
https://openalex.org/W2507665658
https://openalex.org/W2514709269
https://openalex.org/W2551297683
https://openalex.org/W2551668784
https://openalex.org/W2552673417
https://openalex.org/W2554179995
https://openalex.org/W3081650857
https://openalex.org/W4214740331
https://openalex.org/W4220655225
https://openalex.org/W4221151289
https://openalex.org/W4225274160
https://openalex.org/W4282943739
https://openalex.org/W4283071480
https://openalex.org/W4283163780
https://openalex.org/W4283313867
https://openalex.org/W4290989181
https://openalex.org/W4295854440
https://openalex.org/W4296056813
https://openalex.org/W4307134997
https://openalex.org/W1499860069
https://openalex.org/W1997493888
https://openalex.org/W2055556161
https://openalex.org/W2137249324
https://openalex.org/W1408777471
https://openalex.org/W1979138779
https://openalex.org/W2019865750
https://openalex.org/W2039603373
https://openalex.org/W2043977028
https://openalex.org/W2090157331
https://openalex.org/W2095157146
https://openalex.org/W2133273422
https://openalex.org/W2136352485
https://openalex.org/W2952907874
https://openalex.org/W765197733
https://openalex.org/W2017986182
https://openalex.org/W2064607390
https://openalex.org/W2418173768
https://openalex.org/W4211206708
https://openalex.org/W4246525516
https://openalex.org/W4254899497
https://openalex.org/W1990201089
https://openalex.org/W1241934044
https://openalex.org/W2315242158
https://openalex.org/W833176448
https://openalex.org/W1244546199
https://openalex.org/W137922303
https://openalex.org/W1847107703
https://openalex.org/W1969545407
https://openalex.org/W2059839805
https://openalex.org/W2128675954
https://openalex.org/W2163202477
https://openalex.org/W2171873559
https://openalex.org/W2211953261
https://openalex.org/W228849805
https://openalex.org/W2322678820
https://openalex.org/W2412573257
https://openalex.org/W2413086017
https://openalex.org/W2413412618
https://openalex.org/W2465536146
https://openalex.org/W2573385063
https://openalex.org/W2605361632
https://openalex.org/W2902888110
https://openalex.org/W312498271
https://openalex.org/W3139662372
https://openalex.org/W4280498750
https://openalex.org/W4315701866
https://openalex.org/W1986690882
https://openalex.org/W2055069091
https://openalex.org/W2415526970
https://openalex.org/W2415697743
https://openalex.org/W2616897619
https://openalex.org/W302957430
https://openalex.org/W131302971
https://openalex.org/W2038009738
https://openalex.org/W2062375524
https://openalex.org/W2415184307
https://openalex.org/W2086594742
https://openalex.org/W177195808
https://openalex.org/W2029641537
https://openalex.org/W20749295
https://openalex.org/W2498161811
https://openalex.org/W2991727405
https://openalex.org/W2057851197
https://openalex.org/W2071484654
https://openalex.org/W2316215116
https://openalex.org/W2319924967
https://openalex.org/W2322818329
https://openalex.org/W2411697960
https://openalex.org/W2418604294
https://openalex.org/W2525874385
https://openalex.org/W2604451323
https://openalex.org/W2750970607
https://openalex.org/W2752864420
https://openalex.org/W2753197942
https://openalex.org/W2949404508
https://openalex.org/W3093361706
https://openalex.org/W4214758970
https://openalex.org/W67377020
https://openalex.org/W1557415762
https://openalex.org/W1984886569
https://openalex.org/W1986076303
https://openalex.org/W1991850907
https://openalex.org/W2031283671
https://openalex.org/W2059661649
https://openalex.org/W2062275809
https://openalex.org/W2065083394
https://openalex.org/W2065728555
https://openalex.org/W2093709589
https://openalex.org/W2096781203
https://openalex.org/W2321614011
https://openalex.org/W2324526960
https://openalex.org/W2407464692
https://openalex.org/W2411904799
https://openalex.org/W2412228292
https://openalex.org/W2950051304
https://openalex.org/W4388246943
https://openalex.org/W1563685549
https://openalex.org/W2030318643
https://openalex.org/W2148898588
https://openalex.org/W2174257644
https://openalex.org/W2402177075
https://openalex.org/W2415033444
https://openalex.org/W2116433403
https://openalex.org/W2404960764
https://openalex.org/W2414052318
https://openalex.org/W2792947118
https://openalex.org/W2794688180
https://openalex.org/W2800090534
https://openalex.org/W2883593525
https://openalex.org/W2891199075
https://openalex.org/W3025660442
https://openalex.org/W3025988201
https://openalex.org/W3150831200
https://openalex.org/W4233320567
https://openalex.org/W4240586024
https://openalex.org/W4248533533
https://openalex.org/W4249337284
https://openalex.org/W44436772
https://openalex.org/W89517440
https://openalex.org/W2140093620
https://openalex.org/W4252560260
https://openalex.org/W2406668449
https://openalex.org/W2604044356
https://openalex.org/W2409357898
https://openalex.org/W107532053
https://openalex.org/W2032223793
https://openalex.org/W2036267516
https://openalex.org/W2041771001
https://openalex.org/W2042527709
https://openalex.org/W2730692808
https://openalex.org/W2913167996
https://openalex.org/W2924201442
https://openalex.org/W2943904053
https://openalex.org/W2948036051
https://openalex.org/W2953611213
https://openalex.org/W2982985811
https://openalex.org/W2995985401
https://openalex.org/W3035550693
https://openalex.org/W3035726219
https://openalex.org/W3045919878
https://openalex.org/W3046260843
https://openalex.org/W3082555939
https://openalex.org/W3094836633
https://openalex.org/W3094922365
https://openalex.org/W3099539872
https://openalex.org/W4205747129
https://openalex.org/W4288296131
https://openalex.org/W4313368964
https://openalex.org/W1645176240
https://openalex.org/W1971731604
https://openalex.org/W1975154287
https://openalex.org/W1976633585
https://openalex.org/W1987451322
https://openalex.org/W2016944132
https://openalex.org/W2039030296
https://openalex.org/W2048679845
https://openalex.org/W2077366890
https://openalex.org/W2083067803
https://openalex.org/W2091963619
https://openalex.org/W2172667204
https://openalex.org/W2249571673
https://openalex.org/W2318143341
https://openalex.org/W2331339208
https://openalex.org/W2949062355
https://openalex.org/W2020648469
https://openalex.org/W2041434163
https://openalex.org/W2046551255
https://openalex.org/W2316229420
https://openalex.org/W2014938780
https://openalex.org/W2123275717
https://openalex.org/W2212357456
https://openalex.org/W3089432243
https://openalex.org/W3121198011
https://openalex.org/W3147271105
https://openalex.org/W3170180609
https://openalex.org/W3186897745
https://openalex.org/W3193116329
https://openalex.org/W3194212670
https://openalex.org/W3214216285
https://openalex.org/W4280610274
https://openalex.org/W1523835772
https://openalex.org/W1963955718
https://openalex.org/W2015803146
https://openalex.org/W2053277131
https://openalex.org/W2068581313
https://openalex.org/W2021264423
https://openalex.org/W2034333874
https://openalex.org/W2062936723
https://openalex.org/W2409450142
https://openalex.org/W2412405103
https://openalex.org/W2800371072
https://openalex.org/W3023764803
https://openalex.org/W4249495441
https://openalex.org/W97925531
https://openalex.org/W2400286396
https://openalex.org/W2407335400
https://openalex.org/W1991845281
https://openalex.org/W2414735626
https://openalex.org/W2467066464
https://openalex.org/W2983823199
https://openalex.org/W1548769123
https://openalex.org/W1034488713
https://openalex.org/W1546075165
https://openalex.org/W1788673896
https://openalex.org/W2007612577
https://openalex.org/W2010462736
https://openalex.org/W2028090393
https://openalex.org/W2037772074
https://openalex.org/W2052190826
https://openalex.org/W2065391784
https://openalex.org/W2078598758
https://openalex.org/W2080116356
https://openalex.org/W2101306459
https://openalex.org/W2107700685
https://openalex.org/W2130013166
https://openalex.org/W2292638586
https://openalex.org/W2312642667
https://openalex.org/W2313317632
https://openalex.org/W2315446305
https://openalex.org/W2319903888
https://openalex.org/W2322936334
https://openalex.org/W2326229976
https://openalex.org/W2326354652
https://openalex.org/W2326551262
https://openalex.org/W2333932881
https://openalex.org/W2337769176
https://openalex.org/W2409548316
https://openalex.org/W2410622681
https://openalex.org/W2416436627
https://openalex.org/W2425010557
https://openalex.org/W2462450903
https://openalex.org/W2495366428
https://openalex.org/W2505213664
https://openalex.org/W2516283889
https://openalex.org/W2522373052
https://openalex.org/W2534877409
https://openalex.org/W2535893260
https://openalex.org/W2550332094
https://openalex.org/W2565080470
https://openalex.org/W2565180709
https://openalex.org/W2568652502
https://openalex.org/W2570497216
https://openalex.org/W2586463799
https://openalex.org/W2593136058
https://openalex.org/W2595938313
https://openalex.org/W2604063583
https://openalex.org/W2621085562
https://openalex.org/W2621777359
https://openalex.org/W2648421949
https://openalex.org/W2735278307
https://openalex.org/W2805278269
https://openalex.org/W2914849452
https://openalex.org/W2950909989
https://openalex.org/W2951664092
https://openalex.org/W3044995031
https://openalex.org/W3046184611
https://openalex.org/W3082073296
https://openalex.org/W3112484042
https://openalex.org/W3113796321
https://openalex.org/W320385896
https://openalex.org/W3212831897
https://openalex.org/W397078980
https://openalex.org/W4231332979
https://openalex.org/W4233538108
https://openalex.org/W4233769251
https://openalex.org/W4244509218
https://openalex.org/W4249313074
https://openalex.org/W4255145905
https://openalex.org/W793510259
https://openalex.org/W839030726
https://openalex.org/W1990683501
https://openalex.org/W1991040097
https://openalex.org/W1996779025
https://openalex.org/W2000986347
https://openalex.org/W2008454327
https://openalex.org/W2058596223
https://openalex.org/W2063552472
https://openalex.org/W2247536666
https://openalex.org/W2414670692
https://openalex.org/W2417279649
https://openalex.org/W2949292085
https://openalex.org/W320681242
https://openalex.org/W2075217777
https://openalex.org/W2412613789
https://openalex.org/W2414338654
https://openalex.org/W106511101
https://openalex.org/W1554568056
https://openalex.org/W1568605374
https://openalex.org/W1570268545
https://openalex.org/W1602263520
https://openalex.org/W165092890
https://openalex.org/W1775151308
https://openalex.org/W1895068731
https://openalex.org/W1999956763
https://openalex.org/W2008279095
https://openalex.org/W2022327926
https://openalex.org/W2040221923
https://openalex.org/W2067587054
https://openalex.org/W2068360614
https://openalex.org/W2085940298
https://openalex.org/W2133840063
https://openalex.org/W2153683866
https://openalex.org/W2161277315
https://openalex.org/W2174663733
https://openalex.org/W2297315963
https://openalex.org/W2315782003
https://openalex.org/W2317329225
https://openalex.org/W2399742919
https://openalex.org/W2402776447
https://openalex.org/W2414892341
https://openalex.org/W2414926648
https://openalex.org/W2502161010
https://openalex.org/W2505430439
https://openalex.org/W2520178707
https://openalex.org/W2580707185
https://openalex.org/W2587259348
https://openalex.org/W2594141526
https://openalex.org/W2595267535
https://openalex.org/W2597431144
https://openalex.org/W2603350715
https://openalex.org/W2615545688
https://openalex.org/W2782025464
https://openalex.org/W2782638669
https://openalex.org/W2791899099
https://openalex.org/W2814703702
https://openalex.org/W2914251985
https://openalex.org/W3005132446
https://openalex.org/W3043959065
https://openalex.org/W3047249884
https://openalex.org/W306499206
https://openalex.org/W3130481165
https://openalex.org/W3147226819
https://openalex.org/W3152402580
https://openalex.org/W3186359765
https://openalex.org/W3209917383
https://openalex.org/W4235563688
https://openalex.org/W4237521337
https://openalex.org/W591944317
https://openalex.org/W69236197
https://openalex.org/W79902316
https://openalex.org/W822958133
https://openalex.org/W831443862
https://openalex.org/W887986757
https://openalex.org/W910686861
https://openalex.org/W979707577
https://openalex.org/W2019351795
https://openalex.org/W2075352377
https://openalex.org/W2414427485
https://openalex.org/W155978031
https://openalex.org/W1799584371
https://openalex.org/W2014618163
https://openalex.org/W2041253825
https://openalex.org/W2271536499
https://openalex.org/W2411253229
https://openalex.org/W2412507230
https://openalex.org/W2417139799
https://openalex.org/W2592191701
https://openalex.org/W2801254513
https://openalex.org/W582678047
https://openalex.org/W105120196
https://openalex.org/W2051747009
https://openalex.org/W2057727453
https://openalex.org/W2079181747
https://openalex.org/W2087843106
https://openalex.org/W2150034297
https://openalex.org/W2162605922
https://openalex.org/W2267350581
https://openalex.org/W2274680994
https://openalex.org/W2275237459
https://openalex.org/W2342747941
https://openalex.org/W2413479272
https://openalex.org/W2415375582
https://openalex.org/W2418471816
https://openalex.org/W2418965355
https://openalex.org/W2421273364
https://openalex.org/W2439803352
https://openalex.org/W2462724479
https://openalex.org/W2465234462
https://openalex.org/W2465510503
https://openalex.org/W2579931569
https://openalex.org/W2585671851
https://openalex.org/W2592036083
https://openalex.org/W2596924795
https://openalex.org/W2739467033
https://openalex.org/W2740605052
https://openalex.org/W2741439191
https://openalex.org/W2749545928
https://openalex.org/W2749884685
https://openalex.org/W2769681346
https://openalex.org/W2771060420
https://openalex.org/W2772266407
https://openalex.org/W2792750575
https://openalex.org/W2801524779
https://openalex.org/W2890952540
https://openalex.org/W2973873566
https://openalex.org/W3017923521
https://openalex.org/W3025232148
https://openalex.org/W3029766362
https://openalex.org/W3030702015
https://openalex.org/W3152054088
https://openalex.org/W3217057363
https://openalex.org/W4235010750
https://openalex.org/W4394149911
https://openalex.org/W4394464530
https://openalex.org/W2123156181
https://openalex.org/W2406681538
https://openalex.org/W2438396147
https://openalex.org/W2468619829
https://openalex.org/W1520991217
https://openalex.org/W1522999164
https://openalex.org/W1644761536
https://openalex.org/W1772322744
https://openalex.org/W1888987812
https://openalex.org/W1988336346
https://openalex.org/W2013843604
https://openalex.org/W2038539632
https://openalex.org/W2055307779
https://openalex.org/W2066586140
https://openalex.org/W2096898143
https://openalex.org/W2104517109
https://openalex.org/W2125389854
https://openalex.org/W2139514970
https://openalex.org/W2185676985
https://openalex.org/W2287937663
https://openalex.org/W2319112308
https://openalex.org/W2399156457
https://openalex.org/W2404029950
https://openalex.org/W2410982635
https://openalex.org/W2588986933
https://openalex.org/W2596238323
https://openalex.org/W2605631382
https://openalex.org/W2754169305
https://openalex.org/W2783230454
https://openalex.org/W2785632295
https://openalex.org/W2800140241
https://openalex.org/W2802185360
https://openalex.org/W2921766169
https://openalex.org/W2950980958
https://openalex.org/W2983463323
https://openalex.org/W3196830763
https://openalex.org/W4212847914
https://openalex.org/W4213203229
https://openalex.org/W4214881958
https://openalex.org/W4225256971
https://openalex.org/W4225261312
https://openalex.org/W4225304589
https://openalex.org/W4225412356
https://openalex.org/W4239663881
https://openalex.org/W4281619956
https://openalex.org/W4282934618
https://openalex.org/W4282970767
https://openalex.org/W4285281691
https://openalex.org/W4285285743
https://openalex.org/W4285290498
https://openalex.org/W4285579893
https://openalex.org/W4285778743
https://openalex.org/W4286322588
https://openalex.org/W4291910149
https://openalex.org/W4293076044
https://openalex.org/W4293217565
https://openalex.org/W4294962774
https://openalex.org/W4298184885
https://openalex.org/W4303457453
https://openalex.org/W4308006911
https://openalex.org/W4310371213
https://openalex.org/W4312280239
https://openalex.org/W4323797696
https://openalex.org/W66284941
https://openalex.org/W66842045
https://openalex.org/W2081598903
https://openalex.org/W2116752820
https://openalex.org/W2138069805
https://openalex.org/W2184917708
https://openalex.org/W2273822471
https://openalex.org/W2340869646
https://openalex.org/W2466556444
https://openalex.org/W2487229803
https://openalex.org/W3195413207
https://openalex.org/W4247311221
https://openalex.org/W1003864710
https://openalex.org/W112726776
https://openalex.org/W1556916018
https://openalex.org/W1979123838
https://openalex.org/W1983088205
https://openalex.org/W2002283187
https://openalex.org/W2063194667
https://openalex.org/W2065546306
https://openalex.org/W2260436843
https://openalex.org/W2308778082
https://openalex.org/W2395153914
https://openalex.org/W2409687854
https://openalex.org/W2410492075
https://openalex.org/W2410702197
https://openalex.org/W2410705269
https://openalex.org/W2412695462
https://openalex.org/W2427148296
https://openalex.org/W2462452195
https://openalex.org/W2606985144
https://openalex.org/W2725485033
https://openalex.org/W2727205651
https://openalex.org/W2727427007
https://openalex.org/W2727902704
https://openalex.org/W2739248509
https://openalex.org/W2794199754
https://openalex.org/W2800828587
https://openalex.org/W2810553134
https://openalex.org/W2885853838
https://openalex.org/W2887290785
https://openalex.org/W2887534096
https://openalex.org/W2890345059
https://openalex.org/W2894486753
https://openalex.org/W2896961682
https://openalex.org/W2915771162
https://openalex.org/W2928714246
https://openalex.org/W2932180238
https://openalex.org/W2937824498
https://openalex.org/W2941599536
https://openalex.org/W2945544092
https://openalex.org/W2949904276
https://openalex.org/W2953195541
https://openalex.org/W2955364524
https://openalex.org/W2962398633
https://openalex.org/W2970938952
https://openalex.org/W2973335894
https://openalex.org/W2979982241
https://openalex.org/W2981534797
https://openalex.org/W2982028050
https://openalex.org/W2982442170
https://openalex.org/W2986004136
https://openalex.org/W2989970387
https://openalex.org/W2991545370
https://openalex.org/W2993409973
https://openalex.org/W2996136432
https://openalex.org/W2997849127
https://openalex.org/W3004942061
https://openalex.org/W3006920022
https://openalex.org/W3032314542
https://openalex.org/W3087281270
https://openalex.org/W3088960609
https://openalex.org/W3092746153
https://openalex.org/W3114827033
https://openalex.org/W3144011077
https://openalex.org/W4378709494
https://openalex.org/W4394184558
https://openalex.org/W15028121
https://openalex.org/W1572763643
https://openalex.org/W1817647354
https://openalex.org/W195597469
https://openalex.org/W1996296908
https://openalex.org/W2007860026
https://openalex.org/W2058754903
https://openalex.org/W2070699365
https://openalex.org/W2090062514
https://openalex.org/W2091211157
https://openalex.org/W2093514417
https://openalex.org/W2096909514
https://openalex.org/W2134040106
https://openalex.org/W2321120581
https://openalex.org/W2408030746
https://openalex.org/W2411441212
https://openalex.org/W2412487890
https://openalex.org/W2413910245
https://openalex.org/W2415199995
https://openalex.org/W2416723987
https://openalex.org/W2418348493
https://openalex.org/W2418482283
https://openalex.org/W2426140903
https://openalex.org/W2993578109
https://openalex.org/W4241772170
https://openalex.org/W4254035945
https://openalex.org/W108486472
https://openalex.org/W1135302555
https://openalex.org/W1202945408
https://openalex.org/W1442077919
https://openalex.org/W1499560983
https://openalex.org/W1976699390
https://openalex.org/W1984402895
https://openalex.org/W1985223436
https://openalex.org/W2012285995
https://openalex.org/W2020196376
https://openalex.org/W2053102484
https://openalex.org/W2065885436
https://openalex.org/W2083465895
https://openalex.org/W2083704301
https://openalex.org/W2151516018
https://openalex.org/W2329448268
https://openalex.org/W2331233605
https://openalex.org/W2345203363
https://openalex.org/W2363639985
https://openalex.org/W2411205592
https://openalex.org/W2413598191
https://openalex.org/W2418179756
https://openalex.org/W2418443787
https://openalex.org/W2434921571
https://openalex.org/W2596802945
https://openalex.org/W2618764608
https://openalex.org/W2787403780
https://openalex.org/W2788210097
https://openalex.org/W2802907354
https://openalex.org/W2886699064
https://openalex.org/W2917239460
https://openalex.org/W2952159578
https://openalex.org/W2970383994
https://openalex.org/W2980281501
https://openalex.org/W2995307544
https://openalex.org/W2998644250
https://openalex.org/W2999237683
https://openalex.org/W3002080877
https://openalex.org/W3008499984
https://openalex.org/W3023894800
https://openalex.org/W3028904836
https://openalex.org/W3035162016
https://openalex.org/W3037529451
https://openalex.org/W3042665786
https://openalex.org/W3080125250
https://openalex.org/W3086411552
https://openalex.org/W3090592362
https://openalex.org/W3092123324
https://openalex.org/W3093539589
https://openalex.org/W3093886710
https://openalex.org/W3094485457
https://openalex.org/W3095030408
https://openalex.org/W3097376266
https://openalex.org/W3108770210
https://openalex.org/W3148146670
https://openalex.org/W3163660665
https://openalex.org/W3168932683
https://openalex.org/W4229930346
https://openalex.org/W4232494352
https://openalex.org/W4235772900
https://openalex.org/W4237621162
https://openalex.org/W4252254697
https://openalex.org/W4287702214
https://openalex.org/W4287799984
https://openalex.org/W746896911
https://openalex.org/W1473093243
https://openalex.org/W1586748484
https://openalex.org/W2000397894
https://openalex.org/W2117955455
https://openalex.org/W2406979872
https://openalex.org/W2418558829
https://openalex.org/W2420272235
https://openalex.org/W2471515391
https://openalex.org/W1000940138
https://openalex.org/W106238206
https://openalex.org/W1127799143
https://openalex.org/W1147105073
https://openalex.org/W1178279196
https://openalex.org/W1249798274
https://openalex.org/W136039522
https://openalex.org/W1409331120
https://openalex.org/W1567246515
https://openalex.org/W1656114672
https://openalex.org/W1738326551
https://openalex.org/W1885626797
https://openalex.org/W1963571398
https://openalex.org/W2166066727
https://openalex.org/W2223928665
https://openalex.org/W2226449512
https://openalex.org/W2242184903
https://openalex.org/W2270148873
https://openalex.org/W2394965791
https://openalex.org/W2395318328
https://openalex.org/W2404597876
https://openalex.org/W2410923300
https://openalex.org/W2415147300
https://openalex.org/W2415157413
https://openalex.org/W2417515040
https://openalex.org/W2424462321
https://openalex.org/W2468849143
https://openalex.org/W2781237103
https://openalex.org/W2949540064
https://openalex.org/W3146241590
https://openalex.org/W3207849690
https://openalex.org/W4242990289
https://openalex.org/W4296791664
https://openalex.org/W4388369410
https://openalex.org/W58551634
https://openalex.org/W974175147
https://openalex.org/W1765846255
https://openalex.org/W1984331122
https://openalex.org/W1986465808
https://openalex.org/W1991019137
https://openalex.org/W2038857181
https://openalex.org/W2040869938
https://openalex.org/W2074888469
https://openalex.org/W2117130956
https://openalex.org/W2130039236
https://openalex.org/W2160937980
https://openalex.org/W2287075003
https://openalex.org/W2332890269
https://openalex.org/W2400576187
https://openalex.org/W2401138422
https://openalex.org/W2403320769
https://openalex.org/W2406972640
https://openalex.org/W2409271789
https://openalex.org/W2414147765
https://openalex.org/W2417444675
https://openalex.org/W2417538125
https://openalex.org/W2419429433
https://openalex.org/W26059424
https://openalex.org/W2611260814
https://openalex.org/W2744548120
https://openalex.org/W2757059149
https://openalex.org/W3126731978
https://openalex.org/W3129476617
https://openalex.org/W3134177659
https://openalex.org/W3135535556
https://openalex.org/W3154552367
https://openalex.org/W3157803216
https://openalex.org/W3158910502
https://openalex.org/W3165189930
https://openalex.org/W3174663372
https://openalex.org/W3176775081
https://openalex.org/W3182425369
https://openalex.org/W3188537669
https://openalex.org/W3189196794
https://openalex.org/W3189256099
https://openalex.org/W3189734184
https://openalex.org/W3190907191
https://openalex.org/W3195378799
https://openalex.org/W3209557821
https://openalex.org/W3217572570
https://openalex.org/W4200630926
https://openalex.org/W4200634317
https://openalex.org/W4206036507
https://openalex.org/W4206452376
https://openalex.org/W4226198876
https://openalex.org/W4226303296
https://openalex.org/W4234447382
https://openalex.org/W4241878378
https://openalex.org/W4241956952
https://openalex.org/W4312711104
https://openalex.org/W4361976104
https://openalex.org/W1949526902
https://openalex.org/W2045442762
https://openalex.org/W2058325063
https://openalex.org/W2090091193
https://openalex.org/W2132627016
https://openalex.org/W2239105192
https://openalex.org/W2304927496
https://openalex.org/W2341028167
https://openalex.org/W2357102418
https://openalex.org/W2362916795
https://openalex.org/W2370930013
https://openalex.org/W2392893866
https://openalex.org/W2913469859
https://openalex.org/W4211134881
https://openalex.org/W4231611707
https://openalex.org/W4235511982
https://openalex.org/W4236224923
https://openalex.org/W4238095956
https://openalex.org/W4240016370
https://openalex.org/W4249118106
https://openalex.org/W4252170263
https://openalex.org/W656245674
https://openalex.org/W2064427168
https://openalex.org/W2178465823
https://openalex.org/W2401618265
https://openalex.org/W2411789945
https://openalex.org/W2412500965
https://openalex.org/W2412766528
https://openalex.org/W2415613088
https://openalex.org/W2428547799
https://openalex.org/W2465012629
https://openalex.org/W2470879253
https://openalex.org/W1478924064
https://openalex.org/W1967085645
https://openalex.org/W1990298108
https://openalex.org/W2070966995
https://openalex.org/W2181650341
https://openalex.org/W2396227477
https://openalex.org/W2399886838
https://openalex.org/W2419138610
https://openalex.org/W2887362712
https://openalex.org/W2992860801
https://openalex.org/W3108176065
https://openalex.org/W4214829685
https://openalex.org/W4230017506
https://openalex.org/W4231417040
https://openalex.org/W4233926389
https://openalex.org/W4248872715
https://openalex.org/W4251905949
https://openalex.org/W613598104
https://openalex.org/W1503846183
https://openalex.org/W1982833368
https://openalex.org/W2026002441
https://openalex.org/W2027939417
https://openalex.org/W2066852079
https://openalex.org/W2094376155
https://openalex.org/W2104298689
https://openalex.org/W2133125827
https://openalex.org/W2315561673
https://openalex.org/W2402430895
https://openalex.org/W2409228027
https://openalex.org/W2409992715
https://openalex.org/W2410590452
https://openalex.org/W2412374598
https://openalex.org/W2412817362
https://openalex.org/W2416212402
https://openalex.org/W2416873652
https://openalex.org/W2435431500
https://openalex.org/W2460760038
https://openalex.org/W2951372608
https://openalex.org/W2951428917
https://openalex.org/W400097374
https://openalex.org/W4230432065
https://openalex.org/W4237878027
https://openalex.org/W4246336206
https://openalex.org/W4253121614
https://openalex.org/W1965583994
https://openalex.org/W2072228068
https://openalex.org/W2394818878
https://openalex.org/W2397898784
https://openalex.org/W2409489993
https://openalex.org/W2411673076
https://openalex.org/W2412351833
https://openalex.org/W2417814874
https://openalex.org/W2429642880
https://openalex.org/W2431882655
https://openalex.org/W2463755593
https://openalex.org/W2490774855
https://openalex.org/W2790696001
https://openalex.org/W3080983028
https://openalex.org/W3197450016
https://openalex.org/W401886424
https://openalex.org/W4240120110
https://openalex.org/W4248750174
https://openalex.org/W4256163440
https://openalex.org/W45549638
https://openalex.org/W605070717
https://openalex.org/W1596187930
https://openalex.org/W1979423288
https://openalex.org/W1991548582
https://openalex.org/W199884626
https://openalex.org/W2007927857
https://openalex.org/W2013264467
https://openalex.org/W2021656863
https://openalex.org/W2022870263
https://openalex.org/W2042709656
https://openalex.org/W2048740935
https://openalex.org/W2052819215
https://openalex.org/W2067574215
https://openalex.org/W2074930864
https://openalex.org/W2075994256
https://openalex.org/W2147094629
https://openalex.org/W2191351702
https://openalex.org/W2195737859
https://openalex.org/W2397061939
https://openalex.org/W2401160185
https://openalex.org/W2407625174
https://openalex.org/W2408381082
https://openalex.org/W2409352437
https://openalex.org/W2410922883
https://openalex.org/W2411831336
https://openalex.org/W2411832333
https://openalex.org/W2411890491
https://openalex.org/W2413103709
https://openalex.org/W2415304029
https://openalex.org/W2418202327
https://openalex.org/W2418911707
https://openalex.org/W2437982527
https://openalex.org/W2461515370
https://openalex.org/W2463086009
https://openalex.org/W2463823839
https://openalex.org/W2465854043
https://openalex.org/W2467850096
https://openalex.org/W2467888725
https://openalex.org/W2468350225
https://openalex.org/W2469788748
https://openalex.org/W2470149005
https://openalex.org/W2471838195
https://openalex.org/W2475210874
https://openalex.org/W2521000731
https://openalex.org/W2560700486
https://openalex.org/W2601724685
https://openalex.org/W2725118671
https://openalex.org/W2781762080
https://openalex.org/W2783161590
https://openalex.org/W2898049030
https://openalex.org/W2900553693
https://openalex.org/W2911431332
https://openalex.org/W2955498824
https://openalex.org/W4238525701
https://openalex.org/W4241061286
https://openalex.org/W67594158
https://openalex.org/W81628444
https://openalex.org/W830694512
https://openalex.org/W2078620751
https://openalex.org/W1505047300
https://openalex.org/W1999035120
https://openalex.org/W2129127648
https://openalex.org/W1521222329
https://openalex.org/W1990094816
https://openalex.org/W1979796773
https://openalex.org/W1996765504
https://openalex.org/W1977288751
https://openalex.org/W2146918217
https://openalex.org/W2008057379
https://openalex.org/W2021647091
https://openalex.org/W2133483794
https://openalex.org/W2944017405
https://openalex.org/W2884141826
https://openalex.org/W1526673237
https://openalex.org/W2102144395
https://openalex.org/W3084149299
https://openalex.org/W2127248475
https://openalex.org/W3083743378
https://openalex.org/W2620555741
https://openalex.org/W2088192061
https://openalex.org/W2590630518
https://openalex.org/W2093973166
https://openalex.org/W2574588624
https://openalex.org/W2985980638
https://openalex.org/W4384701165
https://openalex.org/W2160677125
https://openalex.org/W4230599058
https://openalex.org/W2049956362
https://openalex.org/W4361745143
https://openalex.org/W2115392367
https://openalex.org/W2019042121
https://openalex.org/W2015272397
https://openalex.org/W1969628849
https://openalex.org/W1515481930
https://openalex.org/W2129061276
https://openalex.org/W2312844926
https://openalex.org/W2147940627
https://openalex.org/W1979469529
https://openalex.org/W2064788332
https://openalex.org/W2164708410
https://openalex.org/W2074682455
https://openalex.org/W2083792410
https://openalex.org/W2156001594
https://openalex.org/W1975525323
https://openalex.org/W2048319348
https://openalex.org/W2157908499
https://openalex.org/W2167397107
https://openalex.org/W2122609353
https://openalex.org/W2132506987
https://openalex.org/W2119240898
https://openalex.org/W2114243674
https://openalex.org/W2883491474
https://openalex.org/W2116180558
https://openalex.org/W2149139312
https://openalex.org/W2064157091
https://openalex.org/W2072676969
https://openalex.org/W2801036213
https://openalex.org/W2099079065
https://openalex.org/W1986208263
https://openalex.org/W2277719459
https://openalex.org/W2911120043
https://openalex.org/W2766133869
https://openalex.org/W1967787286
https://openalex.org/W2098697183
https://openalex.org/W836380948
https://openalex.org/W1968280785
https://openalex.org/W1997791706
https://openalex.org/W2528330764
https://openalex.org/W2017353191
https://openalex.org/W3095774401
https://openalex.org/W2045143882
https://openalex.org/W2118299350
https://openalex.org/W2262231456
https://openalex.org/W1897594568
https://openalex.org/W3011549120
https://openalex.org/W2894917382
https://openalex.org/W1998512461
https://openalex.org/W2140338667
https://openalex.org/W2710537939
https://openalex.org/W2300423669
https://openalex.org/W2559009252
https://openalex.org/W3080302792
https://openalex.org/W2990568397
https://openalex.org/W4206002329
https://openalex.org/W3093585860
https://openalex.org/W4200045350
https://openalex.org/W4309662126
https://openalex.org/W4315488186
https://openalex.org/W4320489787
https://openalex.org/W4377819052
https://openalex.org/W4386090677
https://openalex.org/W4360860556
https://openalex.org/W2022112371
https://openalex.org/W2048408703
https://openalex.org/W2052328166
https://openalex.org/W119478384
https://openalex.org/W2092646660
https://openalex.org/W1975630916
https://openalex.org/W1493596409
https://openalex.org/W1995893698
https://openalex.org/W2018424623
https://openalex.org/W1992645472
https://openalex.org/W1494001942
https://openalex.org/W1994309695
https://openalex.org/W2018581089
https://openalex.org/W1987326265
https://openalex.org/W1977378656
https://openalex.org/W4247285567
https://openalex.org/W1965471018
https://openalex.org/W2144576414
https://openalex.org/W2040866030
https://openalex.org/W1521490378
https://openalex.org/W2006837676
https://openalex.org/W2039992506
https://openalex.org/W2053668470
https://openalex.org/W2031579514
https://openalex.org/W2981661046
https://openalex.org/W1785230813
https://openalex.org/W2080505648
https://openalex.org/W1975196468
https://openalex.org/W2032802562
https://openalex.org/W2083383725
https://openalex.org/W2047388785
https://openalex.org/W2051371200
https://openalex.org/W1992838345
https://openalex.org/W2046151987
https://openalex.org/W2328714437
https://openalex.org/W2155959407
https://openalex.org/W2036731389
https://openalex.org/W2053276089
https://openalex.org/W2050985306
https://openalex.org/W2258867806
https://openalex.org/W2412331463
https://openalex.org/W2018471267
https://openalex.org/W2042339803
https://openalex.org/W2049260196
https://openalex.org/W2117655685
https://openalex.org/W2047060493
https://openalex.org/W2411935073
https://openalex.org/W1995971482
https://openalex.org/W2253886635
https://openalex.org/W2735984100
https://openalex.org/W1999464123
https://openalex.org/W2119416595
https://openalex.org/W1197889226
https://openalex.org/W2952809052
https://openalex.org/W2774399211
https://openalex.org/W2976648056
https://openalex.org/W2987628392
https://openalex.org/W3005475556
https://openalex.org/W3036188175
https://openalex.org/W2969721961
https://openalex.org/W2945832107
https://openalex.org/W3009000267
https://openalex.org/W3122517278
https://openalex.org/W3128973022
https://openalex.org/W4206920519
https://openalex.org/W4223496221
https://openalex.org/W4283696448
https://openalex.org/W4381988288
https://openalex.org/W4385799179
https://openalex.org/W4313491524
https://openalex.org/W4391816054
https://openalex.org/W4391979637
https://openalex.org/W4392186301
https://openalex.org/W2082699449
https://openalex.org/W2035199032
https://openalex.org/W2081403894
https://openalex.org/W1584137435
https://openalex.org/W2012413839
https://openalex.org/W2023689539
https://openalex.org/W2150502272
https://openalex.org/W2088605515
https://openalex.org/W1754957796
https://openalex.org/W2014629546
https://openalex.org/W2051668009
https://openalex.org/W2144639064
https://openalex.org/W2133780709
https://openalex.org/W2016439490
https://openalex.org/W2186770490
https://openalex.org/W2170054562
https://openalex.org/W2012361801
https://openalex.org/W2092074834
https://openalex.org/W2102995490
https://openalex.org/W2057211544
https://openalex.org/W2036182308
https://openalex.org/W2165612569
https://openalex.org/W2007552233
https://openalex.org/W2068685950
https://openalex.org/W2073563723
https://openalex.org/W2063057610
https://openalex.org/W2036992295
https://openalex.org/W2121453883
https://openalex.org/W2086725646
https://openalex.org/W2166102994
https://openalex.org/W1566278037
https://openalex.org/W2077931670
https://openalex.org/W2057841587
https://openalex.org/W2117913546
https://openalex.org/W2013825618
https://openalex.org/W2112139524
https://openalex.org/W2215423023
https://openalex.org/W2025562219
https://openalex.org/W2082507651
https://openalex.org/W2507908474
https://openalex.org/W2102291719
https://openalex.org/W2963905763
https://openalex.org/W2893922683
https://openalex.org/W2206377354
https://openalex.org/W2286262261
https://openalex.org/W2797804604
https://openalex.org/W3040114632
https://openalex.org/W2066944692
https://openalex.org/W3147011826
https://openalex.org/W3147063269
https://openalex.org/W3163883686
https://openalex.org/W4283738507
https://openalex.org/W4313340059
https://openalex.org/W4220920254
https://openalex.org/W4367693163
https://openalex.org/W4309667271
https://openalex.org/W4322495149
https://openalex.org/W4377013013
https://openalex.org/W4384500063
https://openalex.org/W2022793225
https://openalex.org/W1969846721
https://openalex.org/W2024711385
https://openalex.org/W1979729871
https://openalex.org/W2072732686
https://openalex.org/W2022611645
https://openalex.org/W2065206445
https://openalex.org/W2133645465
https://openalex.org/W1992282731
https://openalex.org/W2063052373
https://openalex.org/W2098641648
https://openalex.org/W1960871408
https://openalex.org/W1866801099
https://openalex.org/W2111560825
https://openalex.org/W2081946098
https://openalex.org/W2034828951
https://openalex.org/W1999378775
https://openalex.org/W2010828256
https://openalex.org/W2030659534
https://openalex.org/W2103351111
https://openalex.org/W2094910651
https://openalex.org/W2159144635
https://openalex.org/W2028928225
https://openalex.org/W2097045277
https://openalex.org/W1583354510
https://openalex.org/W2011093050
https://openalex.org/W1657276338
https://openalex.org/W2045997228
https://openalex.org/W1990661122
https://openalex.org/W2103965207
https://openalex.org/W2159121584
https://openalex.org/W2115329003
https://openalex.org/W2330107795
https://openalex.org/W2594523465
https://openalex.org/W3105482371
https://openalex.org/W2755431568
https://openalex.org/W2301211208
https://openalex.org/W2530150752
https://openalex.org/W2748483967
https://openalex.org/W2904140944
https://openalex.org/W3016449294
https://openalex.org/W3037355027
https://openalex.org/W2007570678
https://openalex.org/W1982827331
https://openalex.org/W2014787979
https://openalex.org/W4221083992
https://openalex.org/W4282600216
https://openalex.org/W4377011617
https://openalex.org/W4378781174
https://openalex.org/W4381597522
https://openalex.org/W4387568451
https://openalex.org/W1820067253
https://openalex.org/W1992588292
https://openalex.org/W2077195772
https://openalex.org/W2039851204
https://openalex.org/W1616060178
https://openalex.org/W2003172408
https://openalex.org/W2066122853
https://openalex.org/W2080802555
https://openalex.org/W2061831882
https://openalex.org/W1916807703
https://openalex.org/W2130838502
https://openalex.org/W2044991196
https://openalex.org/W2102428122
https://openalex.org/W2067192199
https://openalex.org/W4256758159
https://openalex.org/W2023414341
https://openalex.org/W2134746607
https://openalex.org/W2006203574
https://openalex.org/W2014020118
https://openalex.org/W2054079381
https://openalex.org/W2056966322
https://openalex.org/W1736395374
https://openalex.org/W1926237113
https://openalex.org/W2008635802
https://openalex.org/W1974240380
https://openalex.org/W2017293813
https://openalex.org/W1970825407
https://openalex.org/W2140858018
https://openalex.org/W2153484373
https://openalex.org/W2536918256
https://openalex.org/W2265443778
https://openalex.org/W2811343453
https://openalex.org/W2068486719
https://openalex.org/W2331080505
https://openalex.org/W2523314560
https://openalex.org/W2172877084
https://openalex.org/W2804324378
https://openalex.org/W2014108319
https://openalex.org/W2976328315
https://openalex.org/W3043385225
https://openalex.org/W3096252801
https://openalex.org/W3035803902
https://openalex.org/W2074217738
https://openalex.org/W3135303713
https://openalex.org/W3182166687
https://openalex.org/W3125010390
https://openalex.org/W3212358354
https://openalex.org/W3157586988
https://openalex.org/W2030453145
https://openalex.org/W2033903387
https://openalex.org/W2080715350
https://openalex.org/W2150955509
https://openalex.org/W1805530633
https://openalex.org/W1979586803
https://openalex.org/W2053761862
https://openalex.org/W2111742359
https://openalex.org/W2159717432
https://openalex.org/W1820286777
https://openalex.org/W2078586506
https://openalex.org/W1973274403
https://openalex.org/W2033072663
https://openalex.org/W1970184880
https://openalex.org/W1993471075
https://openalex.org/W2054121166
https://openalex.org/W2139433537
https://openalex.org/W2006059705
https://openalex.org/W1547893972
https://openalex.org/W2000136240
https://openalex.org/W2139213733
https://openalex.org/W1588202868
https://openalex.org/W2042998210
https://openalex.org/W2077977148
https://openalex.org/W2016455246
https://openalex.org/W2168594794
https://openalex.org/W2045591012
https://openalex.org/W2417039893
https://openalex.org/W2076441635
https://openalex.org/W2118739069
https://openalex.org/W2292110010
https://openalex.org/W2583511781
https://openalex.org/W2009087166
https://openalex.org/W2743870815
https://openalex.org/W2750372835
https://openalex.org/W2809411731
https://openalex.org/W2734718423
https://openalex.org/W2989388815
https://openalex.org/W2513526517
https://openalex.org/W2939196448
https://openalex.org/W2897817888
https://openalex.org/W2989845096
https://openalex.org/W2077678218
https://openalex.org/W3014532543
https://openalex.org/W4200270214
https://openalex.org/W3127207644
https://openalex.org/W2002684882
https://openalex.org/W4225429742
https://openalex.org/W4281757777
https://openalex.org/W4384924445
https://openalex.org/W4386781006
https://openalex.org/W2165500007
https://openalex.org/W2096051610
https://openalex.org/W2151720414
https://openalex.org/W1979054260
https://openalex.org/W2000864757
https://openalex.org/W1995290713
https://openalex.org/W2095551359
https://openalex.org/W2035626251
https://openalex.org/W2151420675
https://openalex.org/W2069533594
https://openalex.org/W2013855755
https://openalex.org/W2053662321
https://openalex.org/W2061942234
https://openalex.org/W2086244392
https://openalex.org/W2098166625
https://openalex.org/W1994042415
https://openalex.org/W2120872174
https://openalex.org/W1499414803
https://openalex.org/W1982610552
https://openalex.org/W2028812124
https://openalex.org/W2098849601
https://openalex.org/W1941883264
https://openalex.org/W2004967906
https://openalex.org/W2008154148
https://openalex.org/W2139258849
https://openalex.org/W1994157721
https://openalex.org/W2103019546
https://openalex.org/W2110136177
https://openalex.org/W2136009661
https://openalex.org/W1987178214
https://openalex.org/W2309499596
https://openalex.org/W2738958647
https://openalex.org/W2804930042
https://openalex.org/W2911572140
https://openalex.org/W1984820617
https://openalex.org/W2063845698
https://openalex.org/W3101858550
https://openalex.org/W2295405141
https://openalex.org/W2520340294
https://openalex.org/W3000509625
https://openalex.org/W3094773156
https://openalex.org/W3198226266
https://openalex.org/W3174522795
https://openalex.org/W4210804585
https://openalex.org/W4210917788
https://openalex.org/W4225747399
https://openalex.org/W4281728083
https://openalex.org/W4283689884
https://openalex.org/W4288969969
https://openalex.org/W4296615556
https://openalex.org/W4388336917
https://openalex.org/W4389236041
https://openalex.org/W4389329698
https://openalex.org/W4390494657
https://openalex.org/W4390605480
https://openalex.org/W4390699626
https://openalex.org/W4390857947
https://openalex.org/W4391126308
https://openalex.org/W4391359905
https://openalex.org/W4391512352
https://openalex.org/W4391718786
https://openalex.org/W4391821001
https://openalex.org/W4391928703
https://openalex.org/W4392186260
https://openalex.org/W4392243040
https://openalex.org/W4392301104
https://openalex.org/W4392603136
https://openalex.org/W4392761494
https://openalex.org/W4393052340
https://openalex.org/W4393123103
https://openalex.org/W4393235483
https://openalex.org/W4393353670
https://openalex.org/W4393407746
https://openalex.org/W4394063530
https://openalex.org/W4394711310
https://openalex.org/W4394760415
https://openalex.org/W4394765714
https://openalex.org/W4395672874
https://openalex.org/W4396502374
https://openalex.org/W4396516541
https://openalex.org/W4396543282
https://openalex.org/W4396553656
https://openalex.org/W4396599897
https://openalex.org/W4396616263
https://openalex.org/W4396623178
https://openalex.org/W4396623413
https://openalex.org/W4396633595
https://openalex.org/W2143699500
https://openalex.org/W1973726366
https://openalex.org/W2046807872
https://openalex.org/W1967757804
https://openalex.org/W1971980909
https://openalex.org/W2002349949
https://openalex.org/W2060276818
https://openalex.org/W1994898940
https://openalex.org/W2054542545
https://openalex.org/W1995701202
https://openalex.org/W2068457766
https://openalex.org/W1994046295
https://openalex.org/W2068684274
https://openalex.org/W2994679345
https://openalex.org/W1984988103
https://openalex.org/W2069980442
https://openalex.org/W2098042505
https://openalex.org/W2169715835
https://openalex.org/W2170307359
https://openalex.org/W2136159619
https://openalex.org/W2083398535
https://openalex.org/W2139592651
https://openalex.org/W2050152139
https://openalex.org/W592248578
https://openalex.org/W1971415181
https://openalex.org/W2060572952
https://openalex.org/W2103248922
https://openalex.org/W1542668411
https://openalex.org/W1893263832
https://openalex.org/W1988080204
https://openalex.org/W2057412056
https://openalex.org/W2058175035
https://openalex.org/W2061157190
https://openalex.org/W1536028305
https://openalex.org/W2057490948
https://openalex.org/W2596025725
https://openalex.org/W2031628294
https://openalex.org/W2041333161
https://openalex.org/W2780173110
https://openalex.org/W2900548468
https://openalex.org/W2732858577
https://openalex.org/W2761264079
https://openalex.org/W2809672071
https://openalex.org/W2903165427
https://openalex.org/W2923932504
https://openalex.org/W2014365704
https://openalex.org/W2901267682
https://openalex.org/W2964196180
https://openalex.org/W3104810013
https://openalex.org/W3137298661
https://openalex.org/W3165289688
https://openalex.org/W3197879699
https://openalex.org/W2161164712
https://openalex.org/W4315853215
https://openalex.org/W4362521755
https://openalex.org/W4366251551
https://openalex.org/W4367050366
https://openalex.org/W4377137150
https://openalex.org/W4385349224
https://openalex.org/W4385399680
https://openalex.org/W4386188121
https://openalex.org/W4387122108
https://openalex.org/W4388457991
https://openalex.org/W2397732675
https://openalex.org/W2434039377
https://openalex.org/W2001287952
https://openalex.org/W2323336081
https://openalex.org/W2334771349
https://openalex.org/W2067911182
https://openalex.org/W2090504445
https://openalex.org/W2040770246
https://openalex.org/W2110476815
https://openalex.org/W1982249882
https://openalex.org/W2035935616
https://openalex.org/W2066439468
https://openalex.org/W2042884401
https://openalex.org/W2048688783
https://openalex.org/W2134322950
https://openalex.org/W1553141188
https://openalex.org/W2147409965
https://openalex.org/W1570850324
https://openalex.org/W1600265429
https://openalex.org/W2142123901
https://openalex.org/W2210439423
https://openalex.org/W2747509411
https://openalex.org/W2032372413
https://openalex.org/W2098479314
https://openalex.org/W2127145328
https://openalex.org/W2192998771
https://openalex.org/W2277761530
https://openalex.org/W2355935347
https://openalex.org/W2597858556
https://openalex.org/W2897258389
https://openalex.org/W3017332440
https://openalex.org/W2061068719
https://openalex.org/W2008801411
https://openalex.org/W2117208440
https://openalex.org/W2053971468
https://openalex.org/W2064372059
https://openalex.org/W2097169113
https://openalex.org/W2103778516
https://openalex.org/W31400568
https://openalex.org/W1982464990
https://openalex.org/W2141592459
https://openalex.org/W123586170
https://openalex.org/W1974100298
https://openalex.org/W2027229267
https://openalex.org/W2169481427
https://openalex.org/W4247158215
https://openalex.org/W2008605827
https://openalex.org/W2073751994
https://openalex.org/W1984400838
https://openalex.org/W2067857269
https://openalex.org/W2037076078
https://openalex.org/W1842693503
https://openalex.org/W2061446504
https://openalex.org/W1621924309
https://openalex.org/W2021574467
https://openalex.org/W2055269609
https://openalex.org/W2103299463
https://openalex.org/W2125499913
https://openalex.org/W2419001244
https://openalex.org/W1841442816
https://openalex.org/W1981571560
https://openalex.org/W2005351639
https://openalex.org/W2025103425
https://openalex.org/W2152653467
https://openalex.org/W2327297698
https://openalex.org/W1539784878
https://openalex.org/W2012003254
https://openalex.org/W2033859408
https://openalex.org/W2329200796
https://openalex.org/W2169118497
https://openalex.org/W2270213832
https://openalex.org/W2420125074
https://openalex.org/W2617133446
https://openalex.org/W2950119350
https://openalex.org/W2280619218
https://openalex.org/W2286657633
https://openalex.org/W2890328101
https://openalex.org/W2966048496
https://openalex.org/W3003815041
https://openalex.org/W3081054164
https://openalex.org/W3081272344
https://openalex.org/W3126659666
https://openalex.org/W3151370273
https://openalex.org/W3216502603
https://openalex.org/W4205856030
https://openalex.org/W4205965470
https://openalex.org/W4207085385
https://openalex.org/W2005334341
https://openalex.org/W1967735599
https://openalex.org/W2049391619
https://openalex.org/W1987992895
https://openalex.org/W2047842757
https://openalex.org/W2088741577
https://openalex.org/W4210934203
https://openalex.org/W2080027768
https://openalex.org/W2112636581
https://openalex.org/W2118407004
https://openalex.org/W2030230277
https://openalex.org/W2071672337
https://openalex.org/W2161673690
https://openalex.org/W2012353742
https://openalex.org/W2150839657
https://openalex.org/W2070802999
https://openalex.org/W2009812539
https://openalex.org/W2031937841
https://openalex.org/W2141764555
https://openalex.org/W2412058354
https://openalex.org/W2048369067
https://openalex.org/W1556704735
https://openalex.org/W1601416527
https://openalex.org/W1917207168
https://openalex.org/W1994282928
https://openalex.org/W2032151848
https://openalex.org/W2034208427
https://openalex.org/W2080149765
https://openalex.org/W2125074682
https://openalex.org/W2748052666
https://openalex.org/W2749453046
https://openalex.org/W2793585663
https://openalex.org/W2908974428
https://openalex.org/W2011643009
https://openalex.org/W2023120279
https://openalex.org/W2137744295
https://openalex.org/W2232951043
https://openalex.org/W2283777553
https://openalex.org/W2621627838
https://openalex.org/W2792751557
https://openalex.org/W2907787900
https://openalex.org/W2192943294
https://openalex.org/W2285234326
https://openalex.org/W2306533005
https://openalex.org/W2996684705
https://openalex.org/W3111391796
https://openalex.org/W3084455175
https://openalex.org/W3102895566
https://openalex.org/W2006362681
https://openalex.org/W1964724040
https://openalex.org/W2119932966
https://openalex.org/W1826528092
https://openalex.org/W2170992347
https://openalex.org/W2164162703
https://openalex.org/W2023066012
https://openalex.org/W2097770734
https://openalex.org/W2112016930
https://openalex.org/W2412068623
https://openalex.org/W1985772354
https://openalex.org/W2017572189
https://openalex.org/W2074840140
https://openalex.org/W2110843502
https://openalex.org/W2313183216
https://openalex.org/W2410791564
https://openalex.org/W127643069
https://openalex.org/W1976299865
https://openalex.org/W2042063680
https://openalex.org/W2139847496
https://openalex.org/W2316238336
https://openalex.org/W2595195951
https://openalex.org/W2625993707
https://openalex.org/W2787517427
https://openalex.org/W2789655182
https://openalex.org/W2798352962
https://openalex.org/W2809726497
https://openalex.org/W2917206867
https://openalex.org/W2962715436
https://openalex.org/W2050821664
https://openalex.org/W2102960214
https://openalex.org/W2174837212
https://openalex.org/W2413415974
https://openalex.org/W2421146275
https://openalex.org/W2055723325
https://openalex.org/W2169839114
https://openalex.org/W3096276882
https://openalex.org/W2399682820
https://openalex.org/W3134346227
https://openalex.org/W3152886592
https://openalex.org/W3199734235
https://openalex.org/W4226120519
https://openalex.org/W4226277694
https://openalex.org/W4281740941
https://openalex.org/W4307243932
https://openalex.org/W4307430513
https://openalex.org/W4312085017
https://openalex.org/W4318164896
https://openalex.org/W4313837037
https://openalex.org/W4316037010
https://openalex.org/W4362606396
https://openalex.org/W4367608003
https://openalex.org/W4379260495
https://openalex.org/W4385308639
https://openalex.org/W4385491658
https://openalex.org/W4386052421
https://openalex.org/W4386116939
https://openalex.org/W4386210506
https://openalex.org/W4387392850
https://openalex.org/W4389076969
https://openalex.org/W4389615557
https://openalex.org/W2007897145
https://openalex.org/W1993645176
https://openalex.org/W2411963069
https://openalex.org/W1997144188
https://openalex.org/W2076670285
https://openalex.org/W2053673790
https://openalex.org/W2139914774
https://openalex.org/W2010637573
https://openalex.org/W2128080490
https://openalex.org/W2170580177
https://openalex.org/W2023482949
https://openalex.org/W1991414595
https://openalex.org/W2025178520
https://openalex.org/W2151830634
https://openalex.org/W2056128523
https://openalex.org/W1596835196
https://openalex.org/W2006634231
https://openalex.org/W2073258209
https://openalex.org/W2107988949
https://openalex.org/W2037494793
https://openalex.org/W2077882535
https://openalex.org/W2155765742
https://openalex.org/W2332421735
https://openalex.org/W2626575795
https://openalex.org/W2900681165
https://openalex.org/W2947357365
https://openalex.org/W1528238166
https://openalex.org/W2126460833
https://openalex.org/W2127637587
https://openalex.org/W2398232276
https://openalex.org/W2467421472
https://openalex.org/W2517900804
https://openalex.org/W2567637514
https://openalex.org/W2620158903
https://openalex.org/W2789785320
https://openalex.org/W4237930605
https://openalex.org/W969895986
https://openalex.org/W2050577054
https://openalex.org/W1983069260
https://openalex.org/W2035789760
https://openalex.org/W2065576955
https://openalex.org/W2074917676
https://openalex.org/W2022442308
https://openalex.org/W2098149266
https://openalex.org/W2266128590
https://openalex.org/W2032748248
https://openalex.org/W1669966701
https://openalex.org/W2149587352
https://openalex.org/W583201248
https://openalex.org/W1541864300
https://openalex.org/W2009539065
https://openalex.org/W2915549825
https://openalex.org/W1638622565
https://openalex.org/W1798755738
https://openalex.org/W2057948490
https://openalex.org/W2083302884
https://openalex.org/W2088749680
https://openalex.org/W2126230219
https://openalex.org/W2145282941
https://openalex.org/W2152594441
https://openalex.org/W2171530657
https://openalex.org/W2211049967
https://openalex.org/W2583310652
https://openalex.org/W2753774547
https://openalex.org/W2903919753
https://openalex.org/W2911374682
https://openalex.org/W2943217492
https://openalex.org/W2998425056
https://openalex.org/W2405122749
https://openalex.org/W2411009867
https://openalex.org/W3112411929
https://openalex.org/W3170384511
https://openalex.org/W3183599838
https://openalex.org/W3187848468
https://openalex.org/W4200244827
https://openalex.org/W1984633910
https://openalex.org/W2086090299
https://openalex.org/W1964949616
https://openalex.org/W2033224896
https://openalex.org/W2072146756
https://openalex.org/W4211129297
https://openalex.org/W1963879252
https://openalex.org/W1997846847
https://openalex.org/W2018187403
https://openalex.org/W2048418390
https://openalex.org/W2081735507
https://openalex.org/W1978834382
https://openalex.org/W2281351170
https://openalex.org/W1990691898
https://openalex.org/W2005261488
https://openalex.org/W2021748669
https://openalex.org/W2026603976
https://openalex.org/W2044843337
https://openalex.org/W2065138073
https://openalex.org/W2075135226
https://openalex.org/W2110105365
https://openalex.org/W1481311854
https://openalex.org/W1806326759
https://openalex.org/W2168512306
https://openalex.org/W2206000528
https://openalex.org/W2218937739
https://openalex.org/W2311858885
https://openalex.org/W2328478240
https://openalex.org/W2334264781
https://openalex.org/W2336489430
https://openalex.org/W24111089
https://openalex.org/W2597036301
https://openalex.org/W2749504322
https://openalex.org/W2776628754
https://openalex.org/W2780910238
https://openalex.org/W2938930730
https://openalex.org/W2944248760
https://openalex.org/W2968280723
https://openalex.org/W3020227591
https://openalex.org/W3096606935
https://openalex.org/W319727797
https://openalex.org/W3132643834
https://openalex.org/W3172324274
https://openalex.org/W3207817571
https://openalex.org/W3213339330
https://openalex.org/W3215808981
https://openalex.org/W3176128115
https://openalex.org/W4200337095
https://openalex.org/W4205584548
https://openalex.org/W4225364609
https://openalex.org/W4229334286
https://openalex.org/W4285011355
https://openalex.org/W4285181077
https://openalex.org/W4290080717
https://openalex.org/W4294808363
https://openalex.org/W4296519694
https://openalex.org/W4299806136
https://openalex.org/W4309743023
https://openalex.org/W4310142587
https://openalex.org/W2057825877
https://openalex.org/W2166862867
https://openalex.org/W4256095161
https://openalex.org/W60729409
https://openalex.org/W79905342
https://openalex.org/W1764547839
https://openalex.org/W2010085131
https://openalex.org/W2340816243
https://openalex.org/W2614425261
https://openalex.org/W1537105236
https://openalex.org/W1544513337
https://openalex.org/W1967628289
https://openalex.org/W2054247958
https://openalex.org/W2106739561
https://openalex.org/W2150979660
https://openalex.org/W2161279890
https://openalex.org/W2176667501
https://openalex.org/W2331032739
https://openalex.org/W2389351543
https://openalex.org/W2462197055
https://openalex.org/W2487827716
https://openalex.org/W2620056704
https://openalex.org/W2996860044
https://openalex.org/W3016885006
https://openalex.org/W3047598986
https://openalex.org/W3157095897
https://openalex.org/W605000692
https://openalex.org/W2413249346
https://openalex.org/W2066478296
https://openalex.org/W2417654121
https://openalex.org/W4239138085
https://openalex.org/W4302445195
https://openalex.org/W143944023
https://openalex.org/W408241362
https://openalex.org/W2065341495
https://openalex.org/W2217351416
https://openalex.org/W2334359390
https://openalex.org/W1963689131
https://openalex.org/W2014658348
https://openalex.org/W4244105952
https://openalex.org/W2101898152
https://openalex.org/W2314482794
https://openalex.org/W1126693149
https://openalex.org/W2024095760
https://openalex.org/W2091088276
https://openalex.org/W2188412388
https://openalex.org/W2404010349
https://openalex.org/W2432698662
https://openalex.org/W2035730918
https://openalex.org/W2153808505
https://openalex.org/W2162249484
https://openalex.org/W2289176825
https://openalex.org/W2726303267
https://openalex.org/W2808902630
https://openalex.org/W2915302192
https://openalex.org/W2955079149
https://openalex.org/W2969344059
https://openalex.org/W4248098813
https://openalex.org/W1990926000
https://openalex.org/W2040696173
https://openalex.org/W2048888943
https://openalex.org/W2188597357
https://openalex.org/W2519778776
https://openalex.org/W2589835373
https://openalex.org/W3197794773
https://openalex.org/W2044891615
https://openalex.org/W2326102985
https://openalex.org/W1987226845
https://openalex.org/W2003312739
https://openalex.org/W2008481169
https://openalex.org/W2063093853
https://openalex.org/W2068352136
https://openalex.org/W2072631423
https://openalex.org/W2088312899
https://openalex.org/W287770747
https://openalex.org/W2023053976
https://openalex.org/W2068302132
https://openalex.org/W2080606201
https://openalex.org/W2345567788
https://openalex.org/W3133066121
https://openalex.org/W4299643693
https://openalex.org/W2033728473
https://openalex.org/W2124903427
https://openalex.org/W2070641671
https://openalex.org/W1930503173
https://openalex.org/W2089954805
https://openalex.org/W2117107709
https://openalex.org/W2496974542
https://openalex.org/W2736940448
https://openalex.org/W2740368356
https://openalex.org/W2770380641
https://openalex.org/W2795544832
https://openalex.org/W2895313197
https://openalex.org/W2917084206
https://openalex.org/W2964766119
https://openalex.org/W2971441838
https://openalex.org/W3001078572
https://openalex.org/W3018524416
https://openalex.org/W3027152748
https://openalex.org/W2469203736
https://openalex.org/W2470128952
https://openalex.org/W4244775696
https://openalex.org/W4224059672
https://openalex.org/W4224292235
https://openalex.org/W4280491801
https://openalex.org/W4285730641
https://openalex.org/W4292855220
https://openalex.org/W4293474063
https://openalex.org/W4295429921
https://openalex.org/W4297459435
https://openalex.org/W4307340600
https://openalex.org/W4312065201
https://openalex.org/W2221383202
https://openalex.org/W2038640301
https://openalex.org/W2083392193
https://openalex.org/W2332931487
https://openalex.org/W1993269584
https://openalex.org/W2069711525
https://openalex.org/W2164932844
https://openalex.org/W2055037807
https://openalex.org/W2060762312
https://openalex.org/W2411785027
https://openalex.org/W2103181673
https://openalex.org/W2015920085
https://openalex.org/W2046268545
https://openalex.org/W2077137118
https://openalex.org/W2026088212
https://openalex.org/W2053388333
https://openalex.org/W2108500421
https://openalex.org/W2411247651
https://openalex.org/W2012127525
https://openalex.org/W2155593673
https://openalex.org/W2185167385
https://openalex.org/W2247675054
https://openalex.org/W2319819397
https://openalex.org/W2397756539
https://openalex.org/W2419536888
https://openalex.org/W2597122458
https://openalex.org/W2027934455
https://openalex.org/W2058445480
https://openalex.org/W2082073378
https://openalex.org/W2274074982
https://openalex.org/W2065570584
https://openalex.org/W1974596545
https://openalex.org/W2036963889
https://openalex.org/W2404423571
https://openalex.org/W3028219215
https://openalex.org/W2091453189
https://openalex.org/W2230287506
https://openalex.org/W1968102646
https://openalex.org/W1975734883
https://openalex.org/W2036388381
https://openalex.org/W2105653977
https://openalex.org/W2409652871
https://openalex.org/W1970795905
https://openalex.org/W1977109381
https://openalex.org/W2050001368
https://openalex.org/W2069413688
https://openalex.org/W2283216826
https://openalex.org/W170708083
https://openalex.org/W2008119323
https://openalex.org/W2059040977
https://openalex.org/W2061412038
https://openalex.org/W2080768920
https://openalex.org/W2572019543
https://openalex.org/W2756224039
https://openalex.org/W2792742284
https://openalex.org/W2793164719
https://openalex.org/W2883105598
https://openalex.org/W2908811452
https://openalex.org/W2915580793
https://openalex.org/W2936456545
https://openalex.org/W2944391495
https://openalex.org/W2948280701
https://openalex.org/W2951837525
https://openalex.org/W2952144620
https://openalex.org/W2991518024
https://openalex.org/W2991772115
https://openalex.org/W3009572322
https://openalex.org/W3024317665
https://openalex.org/W3035408467
https://openalex.org/W3087953118
https://openalex.org/W3113669700
https://openalex.org/W3150905443
https://openalex.org/W3164489503
https://openalex.org/W3186244214
https://openalex.org/W3199565598
https://openalex.org/W3203861793
https://openalex.org/W3205513467
https://openalex.org/W2050040723
https://openalex.org/W2182225495
https://openalex.org/W2230054929
https://openalex.org/W2402992218
https://openalex.org/W3198643775
https://openalex.org/W4252317640
https://openalex.org/W1986976563
https://openalex.org/W2165582452
https://openalex.org/W2327346805
https://openalex.org/W1984058889
https://openalex.org/W2054664319
https://openalex.org/W1720092655
https://openalex.org/W2066832348
https://openalex.org/W2187923860
https://openalex.org/W2414233490
https://openalex.org/W1468305583
https://openalex.org/W149226035
https://openalex.org/W1511981407
https://openalex.org/W1530226910
https://openalex.org/W1979985023
https://openalex.org/W2037067896
https://openalex.org/W2052654789
https://openalex.org/W2061303440
https://openalex.org/W2067692659
https://openalex.org/W2097390023
https://openalex.org/W2229527841
https://openalex.org/W2316801067
https://openalex.org/W2334786439
https://openalex.org/W2347168693
https://openalex.org/W2989357847
https://openalex.org/W4235154656
https://openalex.org/W4243141163
https://openalex.org/W4316011686
https://openalex.org/W4321481169
https://openalex.org/W4322718165
https://openalex.org/W4323811230
https://openalex.org/W4366234656
https://openalex.org/W4367312694
https://openalex.org/W4367604647
https://openalex.org/W4367608583
https://openalex.org/W4367722622
https://openalex.org/W4367834534
https://openalex.org/W4377080883
https://openalex.org/W4378192574
https://openalex.org/W4379163903
https://openalex.org/W4379646906
https://openalex.org/W4380225046
https://openalex.org/W4382931975
https://openalex.org/W4382934443
https://openalex.org/W4383175391
https://openalex.org/W4383473134
https://openalex.org/W4384276840
https://openalex.org/W4384337883
https://openalex.org/W4385329981
https://openalex.org/W4385404839
https://openalex.org/W4385406060
https://openalex.org/W4385412541
https://openalex.org/W4385468573
https://openalex.org/W4385639864
https://openalex.org/W4385639897
https://openalex.org/W4385791351
https://openalex.org/W4385836669
https://openalex.org/W4385909816
https://openalex.org/W4386030086
https://openalex.org/W4386077717
https://openalex.org/W4386077744
https://openalex.org/W4386108052
https://openalex.org/W4386264584
https://openalex.org/W4386596079
https://openalex.org/W4386975374
https://openalex.org/W4387107949
https://openalex.org/W4387190637
https://openalex.org/W4387392672
https://openalex.org/W4387617393
https://openalex.org/W4387843288
https://openalex.org/W4387847668
https://openalex.org/W4387899000
https://openalex.org/W4387929364
https://openalex.org/W4387947059
https://openalex.org/W4388033945
https://openalex.org/W4388216697
https://openalex.org/W4388461693
https://openalex.org/W4388692478
https://openalex.org/W4388979353
https://openalex.org/W4389098060
https://openalex.org/W4389148798
https://openalex.org/W4389683278
https://openalex.org/W4389848424
https://openalex.org/W4389899872
https://openalex.org/W4389950520
https://openalex.org/W4390191988
https://openalex.org/W4390200921
https://openalex.org/W4390274036
https://openalex.org/W4394246491
https://openalex.org/W4394262337
https://openalex.org/W4394330631
https://openalex.org/W2080426658
https://openalex.org/W2161946312
https://openalex.org/W2398957513
https://openalex.org/W1996571315
https://openalex.org/W2167736673
https://openalex.org/W1992404662
https://openalex.org/W1995353835
https://openalex.org/W2085377852
https://openalex.org/W2155503285
https://openalex.org/W2256346269
https://openalex.org/W2409529034
https://openalex.org/W33138792
https://openalex.org/W2002427953
https://openalex.org/W2143660445
https://openalex.org/W2031016056
https://openalex.org/W2062895614
https://openalex.org/W2364402472
https://openalex.org/W2624912260
https://openalex.org/W2748296017
https://openalex.org/W2765565681
https://openalex.org/W2770761944
https://openalex.org/W2080895308
https://openalex.org/W2137345827
https://openalex.org/W2285688418
https://openalex.org/W1972043193
https://openalex.org/W2059429626
https://openalex.org/W2401320329
https://openalex.org/W2020509207
https://openalex.org/W2096788883
https://openalex.org/W2241721041
https://openalex.org/W2908647360
https://openalex.org/W2026633219
https://openalex.org/W2898507459
https://openalex.org/W2905546026
https://openalex.org/W2912200222
https://openalex.org/W2915754870
https://openalex.org/W2945253675
https://openalex.org/W2967103464
https://openalex.org/W2972366497
https://openalex.org/W2982341840
https://openalex.org/W3001432669
https://openalex.org/W3013431347
https://openalex.org/W3131500696
https://openalex.org/W3159294252
https://openalex.org/W3161969710
https://openalex.org/W3164619412
https://openalex.org/W3178959769
https://openalex.org/W3185814958
https://openalex.org/W798123523
https://openalex.org/W854671783
https://openalex.org/W2395762464
https://openalex.org/W2562117750
https://openalex.org/W2567616891
https://openalex.org/W2587813713
https://openalex.org/W3186907050
https://openalex.org/W4206637714
https://openalex.org/W4212935284
https://openalex.org/W4225299249
https://openalex.org/W4226414016
https://openalex.org/W4285087646
https://openalex.org/W4294125548
https://openalex.org/W4297200998
https://openalex.org/W4306399072
https://openalex.org/W4312962676
https://openalex.org/W4389033864
https://openalex.org/W2006618266
https://openalex.org/W2019222019
https://openalex.org/W1994188890
https://openalex.org/W2068348897
https://openalex.org/W2406171723
https://openalex.org/W2465681473
https://openalex.org/W2058579366
https://openalex.org/W2123521701
https://openalex.org/W1023911807
https://openalex.org/W1986813254
https://openalex.org/W1997452534
https://openalex.org/W2003741538
https://openalex.org/W2342098451
https://openalex.org/W171276236
https://openalex.org/W1834036878
https://openalex.org/W1854489083
https://openalex.org/W1862014751
https://openalex.org/W1922748013
https://openalex.org/W1927286564
https://openalex.org/W1930051309
https://openalex.org/W1968082949
https://openalex.org/W2011171289
https://openalex.org/W2054948195
https://openalex.org/W2089009048
https://openalex.org/W2128244750
https://openalex.org/W2130452868
https://openalex.org/W2168671654
https://openalex.org/W2287972098
https://openalex.org/W2312459683
https://openalex.org/W2313123879
https://openalex.org/W2315945615
https://openalex.org/W2321486900
https://openalex.org/W2336714776
https://openalex.org/W2337647105
https://openalex.org/W2412124355
https://openalex.org/W2415982288
https://openalex.org/W2416742924
https://openalex.org/W2562274016
https://openalex.org/W2796133753
https://openalex.org/W3021789714
https://openalex.org/W346869300
https://openalex.org/W4224280427
https://openalex.org/W4241808391
https://openalex.org/W4284892290
https://openalex.org/W4308566714
https://openalex.org/W587988261
https://openalex.org/W2053169541
https://openalex.org/W2418813768
https://openalex.org/W2162011571
https://openalex.org/W1979546889
https://openalex.org/W2470581845
https://openalex.org/W2617950944
https://openalex.org/W1982942308
https://openalex.org/W1987010260
https://openalex.org/W1989514550
https://openalex.org/W2038316387
https://openalex.org/W2115835253
https://openalex.org/W2413463259
https://openalex.org/W1167814938
https://openalex.org/W1498484079
https://openalex.org/W1570302762
https://openalex.org/W1832474058
https://openalex.org/W2047586304
https://openalex.org/W2062336813
https://openalex.org/W2096822059
https://openalex.org/W2247691434
https://openalex.org/W2407137235
https://openalex.org/W2433788570
https://openalex.org/W2501440617
https://openalex.org/W2504422037
https://openalex.org/W2606681473
https://openalex.org/W2735272652
https://openalex.org/W2765554536
https://openalex.org/W2773713933
https://openalex.org/W2977765341
https://openalex.org/W4231400958
https://openalex.org/W4242093845
https://openalex.org/W4245281511
https://openalex.org/W4246983370
https://openalex.org/W4247398062
https://openalex.org/W4248552657
https://openalex.org/W1979966243
https://openalex.org/W1997551016
https://openalex.org/W2795397526
https://openalex.org/W1965924148
https://openalex.org/W1994366265
https://openalex.org/W2043033000
https://openalex.org/W2067338577
https://openalex.org/W2077743163
https://openalex.org/W2462353030
https://openalex.org/W1798723033
https://openalex.org/W2020284063
https://openalex.org/W2021162860
https://openalex.org/W2112627132
https://openalex.org/W2405860199
https://openalex.org/W2768345469
https://openalex.org/W2773067177
https://openalex.org/W2805565448
https://openalex.org/W2895610872
https://openalex.org/W2895615539
https://openalex.org/W2902207314
https://openalex.org/W3025172771
https://openalex.org/W3122268268
https://openalex.org/W2011880635
https://openalex.org/W2063663871
https://openalex.org/W2081247757
https://openalex.org/W2004914854
https://openalex.org/W2427190437
https://openalex.org/W2001563059
https://openalex.org/W2022539379
https://openalex.org/W2166697269
https://openalex.org/W2202853136
https://openalex.org/W2306293417
https://openalex.org/W2592957549
https://openalex.org/W2921323907
https://openalex.org/W2945903457
https://openalex.org/W2948685730
https://openalex.org/W2956237851
https://openalex.org/W2980024581
https://openalex.org/W2988990145
https://openalex.org/W3016063193
https://openalex.org/W3034770707
https://openalex.org/W3046435623
https://openalex.org/W3111169239
https://openalex.org/W3115324839
https://openalex.org/W3125673277
https://openalex.org/W3158731545
https://openalex.org/W4246537877
https://openalex.org/W783718143
https://openalex.org/W1945905736
https://openalex.org/W2030175439
https://openalex.org/W2053663243
https://openalex.org/W2267598548
https://openalex.org/W2481204212
https://openalex.org/W2991961130
https://openalex.org/W1931283984
https://openalex.org/W1971015918
https://openalex.org/W1980172566
https://openalex.org/W2058872265
https://openalex.org/W2091130599
https://openalex.org/W2123641121
https://openalex.org/W2124873669
https://openalex.org/W2417255809
https://openalex.org/W4252428678
https://openalex.org/W1970373174
https://openalex.org/W1975893576
https://openalex.org/W2056606170
https://openalex.org/W2314329982
https://openalex.org/W2413795852
https://openalex.org/W3133894404
https://openalex.org/W3174973897
https://openalex.org/W3192153210
https://openalex.org/W3205535180
https://openalex.org/W3208371816
https://openalex.org/W4200124548
https://openalex.org/W4205710355
https://openalex.org/W4206632030
https://openalex.org/W2167344023
https://openalex.org/W2330739270
https://openalex.org/W72874188
https://openalex.org/W1974510895
https://openalex.org/W2051135592
https://openalex.org/W2396443921
https://openalex.org/W2416538012
https://openalex.org/W2417017358
https://openalex.org/W2473013036
https://openalex.org/W1548065094
https://openalex.org/W2027509655
https://openalex.org/W2047255972
https://openalex.org/W2127438414
https://openalex.org/W2415897007
https://openalex.org/W248717504
https://openalex.org/W2411117533
https://openalex.org/W2467386942
https://openalex.org/W2595260410
https://openalex.org/W2917968274
https://openalex.org/W126434574
https://openalex.org/W1494607725
https://openalex.org/W1533045503
https://openalex.org/W1573378261
https://openalex.org/W1605501301
https://openalex.org/W1670298586
https://openalex.org/W1823229858
https://openalex.org/W1834896196
https://openalex.org/W1964072661
https://openalex.org/W1968090204
https://openalex.org/W2017845981
https://openalex.org/W2021139477
https://openalex.org/W2023403004
https://openalex.org/W2033253594
https://openalex.org/W2075911554
https://openalex.org/W2105948882
https://openalex.org/W2139760364
https://openalex.org/W2167186742
https://openalex.org/W2171230545
https://openalex.org/W2173008517
https://openalex.org/W2173432205
https://openalex.org/W2239418146
https://openalex.org/W2275412382
https://openalex.org/W2308241376
https://openalex.org/W2325853784
https://openalex.org/W2338720187
https://openalex.org/W2342136465
https://openalex.org/W2344544829
https://openalex.org/W2398152484
https://openalex.org/W2398179240
https://openalex.org/W2418880334
https://openalex.org/W2440368686
https://openalex.org/W2469944014
https://openalex.org/W2488843099
https://openalex.org/W2493274315
https://openalex.org/W2511182162
https://openalex.org/W2540332482
https://openalex.org/W2549923186
https://openalex.org/W2556922119
https://openalex.org/W2562418866
https://openalex.org/W2564995712
https://openalex.org/W2578270236
https://openalex.org/W2578482480
https://openalex.org/W2579743562
https://openalex.org/W2580034699
https://openalex.org/W2584339662
https://openalex.org/W2591881506
https://openalex.org/W2620697849
https://openalex.org/W2624801183
https://openalex.org/W2626282083
https://openalex.org/W2766106782
https://openalex.org/W2778637404
https://openalex.org/W2781826281
https://openalex.org/W282494484
https://openalex.org/W2950556333
https://openalex.org/W2974458730
https://openalex.org/W2978864708
https://openalex.org/W2996478090
https://openalex.org/W2996974666
https://openalex.org/W2997508908
https://openalex.org/W2997783522
https://openalex.org/W2999374127
https://openalex.org/W3007585799
https://openalex.org/W3047923067
https://openalex.org/W3048131902
https://openalex.org/W3128484738
https://openalex.org/W3159425540
https://openalex.org/W3167837506
https://openalex.org/W3172785403
https://openalex.org/W4205800150
https://openalex.org/W4232201756
https://openalex.org/W4237081229
https://openalex.org/W4238665477
https://openalex.org/W4240868361
https://openalex.org/W4242521492
https://openalex.org/W4242872316
https://openalex.org/W4244330411
https://openalex.org/W4244749621
https://openalex.org/W4245971237
https://openalex.org/W4248625706
https://openalex.org/W4250465589
https://openalex.org/W4256289211
https://openalex.org/W4256600026
https://openalex.org/W4298890422
https://openalex.org/W4301867530
https://openalex.org/W451508562
https://openalex.org/W464086679
https://openalex.org/W591118599
https://openalex.org/W2026038296
https://openalex.org/W2041151825
https://openalex.org/W2080914802
https://openalex.org/W2092561098
https://openalex.org/W2312401776
https://openalex.org/W2461477810
https://openalex.org/W2796044478
https://openalex.org/W4233498620
https://openalex.org/W2060955141
https://openalex.org/W2182025642
https://openalex.org/W2415985410
https://openalex.org/W2418739894
https://openalex.org/W1012268469
https://openalex.org/W1017078230
https://openalex.org/W108030315
https://openalex.org/W109065385
https://openalex.org/W111853829
https://openalex.org/W1182247483
https://openalex.org/W1430018720
https://openalex.org/W1499693808
https://openalex.org/W1502506930
https://openalex.org/W1506027776
https://openalex.org/W1507600412
https://openalex.org/W1511626886
https://openalex.org/W1523513128
https://openalex.org/W1531631793
https://openalex.org/W1553052270
https://openalex.org/W1556720464
https://openalex.org/W1559142319
https://openalex.org/W1567407596
https://openalex.org/W1579932182
https://openalex.org/W1581827073
https://openalex.org/W1588434689
https://openalex.org/W1597794327
https://openalex.org/W1600115388
https://openalex.org/W164444113
https://openalex.org/W169514042
https://openalex.org/W174313794
https://openalex.org/W1817254259
https://openalex.org/W1954997903
https://openalex.org/W1992078376
https://openalex.org/W2002529841
https://openalex.org/W2016618486
https://openalex.org/W2028534805
https://openalex.org/W2029058682
https://openalex.org/W2031927931
https://openalex.org/W2033260745
https://openalex.org/W2041861910
https://openalex.org/W2058849949
https://openalex.org/W2060124033
https://openalex.org/W2087251254
https://openalex.org/W2090060745
https://openalex.org/W2093181749
https://openalex.org/W2094110310
https://openalex.org/W2098588361
https://openalex.org/W2146248195
https://openalex.org/W2156832276
https://openalex.org/W2158644449
https://openalex.org/W2185208664
https://openalex.org/W2195945520
https://openalex.org/W2197610356
https://openalex.org/W2253690655
https://openalex.org/W2281532704
https://openalex.org/W2284124608
https://openalex.org/W2322996768
https://openalex.org/W2325659620
https://openalex.org/W2326941732
https://openalex.org/W2330618458
https://openalex.org/W2333782560
https://openalex.org/W2335438148
https://openalex.org/W2342632817
https://openalex.org/W2358078622
https://openalex.org/W2394705294
https://openalex.org/W2395278787
https://openalex.org/W2403608275
https://openalex.org/W2412732235
https://openalex.org/W2416029566
https://openalex.org/W2418535229
https://openalex.org/W2467757293
https://openalex.org/W2504440822
https://openalex.org/W2512093541
https://openalex.org/W254590618
https://openalex.org/W2571627983
https://openalex.org/W2572894049
https://openalex.org/W2581425803
https://openalex.org/W2588349763
https://openalex.org/W2589674119
https://openalex.org/W2603407217
https://openalex.org/W2805165849
https://openalex.org/W2952548915
https://openalex.org/W2995783883
https://openalex.org/W2996784852
https://openalex.org/W2996799542
https://openalex.org/W2996827340
https://openalex.org/W2996898750
https://openalex.org/W2997096675
https://openalex.org/W2997215478
https://openalex.org/W2997609879
https://openalex.org/W2998122423
https://openalex.org/W2998807097
https://openalex.org/W2999471099
https://openalex.org/W3005033317
https://openalex.org/W3017558892
https://openalex.org/W3018586226
https://openalex.org/W3018934761
https://openalex.org/W3019373729
https://openalex.org/W3021220645
https://openalex.org/W3022303964
https://openalex.org/W3024145785
https://openalex.org/W3025439169
https://openalex.org/W302545569
https://openalex.org/W3025492703
https://openalex.org/W3034688813
https://openalex.org/W3037726721
https://openalex.org/W3042131257
https://openalex.org/W3121088455
https://openalex.org/W3163517483
https://openalex.org/W3167048347
https://openalex.org/W3171939931
https://openalex.org/W344050914
https://openalex.org/W4232368494
https://openalex.org/W4233165651
https://openalex.org/W4234216318
https://openalex.org/W4236114535
https://openalex.org/W4236148792
https://openalex.org/W4236918228
https://openalex.org/W4237660464
https://openalex.org/W4237937151
https://openalex.org/W4238522654
https://openalex.org/W4239631399
https://openalex.org/W4242082104
https://openalex.org/W4242158079
https://openalex.org/W4244693823
https://openalex.org/W4246124080
https://openalex.org/W4248028967
https://openalex.org/W4248919103
https://openalex.org/W4248955169
https://openalex.org/W4251588787
https://openalex.org/W4255067675
https://openalex.org/W4256432112
https://openalex.org/W4301051522
https://openalex.org/W439743476
https://openalex.org/W440892938
https://openalex.org/W446662934
https://openalex.org/W452072815
https://openalex.org/W453669699
https://openalex.org/W457081230
https://openalex.org/W460893900
https://openalex.org/W463314483
https://openalex.org/W465028532
https://openalex.org/W476654116
https://openalex.org/W48650788
https://openalex.org/W492103441
https://openalex.org/W496047799
https://openalex.org/W7510479
https://openalex.org/W751208461
https://openalex.org/W762476489
https://openalex.org/W803486930
https://openalex.org/W841258767
https://openalex.org/W843876465
https://openalex.org/W974308842
https://openalex.org/W178534908
https://openalex.org/W2181447906
https://openalex.org/W1004151
https://openalex.org/W2038055568
https://openalex.org/W2069184306
https://openalex.org/W3119971648
https://openalex.org/W3163521029
https://openalex.org/W4301238651
https://openalex.org/W2020736100
https://openalex.org/W203966269
https://openalex.org/W2063997974
https://openalex.org/W2072679661
https://openalex.org/W2141690240
https://openalex.org/W2238660315
https://openalex.org/W2276033114
https://openalex.org/W2323657883
https://openalex.org/W2399169957
https://openalex.org/W2404440996
https://openalex.org/W2433312322
https://openalex.org/W2469586588
https://openalex.org/W2479131256
https://openalex.org/W2479986301
https://openalex.org/W2481493989
https://openalex.org/W2491608828
https://openalex.org/W2493792879
https://openalex.org/W2498637225
https://openalex.org/W2501509145
https://openalex.org/W253388269
https://openalex.org/W2561809434
https://openalex.org/W2563275761
https://openalex.org/W2590093318
https://openalex.org/W2592448879
https://openalex.org/W2603210667
https://openalex.org/W2607781486
https://openalex.org/W2617586038
https://openalex.org/W2620047525
https://openalex.org/W2625721634
https://openalex.org/W2626638370
https://openalex.org/W2728817216
https://openalex.org/W2739861080
https://openalex.org/W2745755791
https://openalex.org/W2746331204
https://openalex.org/W2751581954
https://openalex.org/W2753906160
https://openalex.org/W2756287104
https://openalex.org/W2762504248
https://openalex.org/W2767012123
https://openalex.org/W2782177228
https://openalex.org/W2785675201
https://openalex.org/W2797448944
https://openalex.org/W2903600671
https://openalex.org/W2994758660
https://openalex.org/W3019347595
https://openalex.org/W3021330655
https://openalex.org/W3024644678
https://openalex.org/W3025769769
https://openalex.org/W3090612190
https://openalex.org/W3192030894
https://openalex.org/W4230937996
https://openalex.org/W4232710704
https://openalex.org/W4394098238
https://openalex.org/W496738312
https://openalex.org/W1975135886
https://openalex.org/W2615087574
https://openalex.org/W105616418
https://openalex.org/W194585549
https://openalex.org/W1979536352
https://openalex.org/W1988580976
https://openalex.org/W2002703277
https://openalex.org/W2034416771
https://openalex.org/W2061081835
https://openalex.org/W2087475611
https://openalex.org/W2127624343
https://openalex.org/W2128325517
https://openalex.org/W2257509277
https://openalex.org/W2304986070
https://openalex.org/W2308178419
https://openalex.org/W2313442671
https://openalex.org/W2317060325
https://openalex.org/W2398838917
https://openalex.org/W2400651551
https://openalex.org/W2412300448
https://openalex.org/W2413544797
https://openalex.org/W2419522007
https://openalex.org/W2582183906
https://openalex.org/W2587359955
https://openalex.org/W2596127956
https://openalex.org/W2597364347
https://openalex.org/W2790992155
https://openalex.org/W4205983998
https://openalex.org/W4213169177
https://openalex.org/W4224213915
https://openalex.org/W4225313155
https://openalex.org/W4225314158
https://openalex.org/W4225725251
https://openalex.org/W4226264370
https://openalex.org/W4230842386
https://openalex.org/W4240290551
https://openalex.org/W4247291949
https://openalex.org/W4256224801
https://openalex.org/W4281907619
https://openalex.org/W42833255
https://openalex.org/W4283642017
https://openalex.org/W4283789251
https://openalex.org/W4286298956
https://openalex.org/W4288048631
https://openalex.org/W4289277809
https://openalex.org/W4291017833
https://openalex.org/W4293215017
https://openalex.org/W4293764314
https://openalex.org/W4294390726
https://openalex.org/W4296236219
https://openalex.org/W4297146597
https://openalex.org/W4306255417
https://openalex.org/W4313262619
https://openalex.org/W4385387292
https://openalex.org/W591512417
https://openalex.org/W763214110
https://openalex.org/W789549792
https://openalex.org/W811746082
https://openalex.org/W839846256
https://openalex.org/W1972254899
https://openalex.org/W2063713154
https://openalex.org/W2140984140
https://openalex.org/W2142197297
https://openalex.org/W2146425171
https://openalex.org/W2184785925
https://openalex.org/W2602647307
https://openalex.org/W4230015031
https://openalex.org/W4242313641
https://openalex.org/W4247452705
https://openalex.org/W4254601499
https://openalex.org/W1621887923
https://openalex.org/W1965667707
https://openalex.org/W2006276756
https://openalex.org/W2034252788
https://openalex.org/W2043589098
https://openalex.org/W2048758450
https://openalex.org/W2081760282
https://openalex.org/W2186435810
https://openalex.org/W2243708084
https://openalex.org/W2254337900
https://openalex.org/W2318709377
https://openalex.org/W2365596853
https://openalex.org/W2401211032
https://openalex.org/W2411621528
https://openalex.org/W2411848841
https://openalex.org/W2483174133
https://openalex.org/W2563061644
https://openalex.org/W2614920152
https://openalex.org/W2786046355
https://openalex.org/W2791348281
https://openalex.org/W2793674310
https://openalex.org/W2805429096
https://openalex.org/W2810859063
https://openalex.org/W2888699400
https://openalex.org/W2899561481
https://openalex.org/W2901395866
https://openalex.org/W2901607929
https://openalex.org/W2901865222
https://openalex.org/W2911093220
https://openalex.org/W2911358000
https://openalex.org/W2917816373
https://openalex.org/W2918962994
https://openalex.org/W2922172268
https://openalex.org/W2941844147
https://openalex.org/W2945564356
https://openalex.org/W2948343632
https://openalex.org/W2948772645
https://openalex.org/W2948852705
https://openalex.org/W2952990783
https://openalex.org/W2970069338
https://openalex.org/W2971222541
https://openalex.org/W2971343826
https://openalex.org/W2977895948
https://openalex.org/W2982194675
https://openalex.org/W2984837216
https://openalex.org/W2990565321
https://openalex.org/W2990779263
https://openalex.org/W2994768793
https://openalex.org/W2996505070
https://openalex.org/W2996563581
https://openalex.org/W2997098551
https://openalex.org/W3009590268
https://openalex.org/W3011796520
https://openalex.org/W3012070784
https://openalex.org/W3017470600
https://openalex.org/W3028863048
https://openalex.org/W3103730117
https://openalex.org/W3110926563
https://openalex.org/W3171346259
https://openalex.org/W3197136107
https://openalex.org/W4239606144
https://openalex.org/W4241926768
https://openalex.org/W4243169171
https://openalex.org/W4247089835
https://openalex.org/W4248192221
https://openalex.org/W4248566375
https://openalex.org/W4253193202
https://openalex.org/W4253199172
https://openalex.org/W4255022088
https://openalex.org/W4313383259
https://openalex.org/W4394146212
https://openalex.org/W4394560268
https://openalex.org/W1602858966
https://openalex.org/W1995386178
https://openalex.org/W1999469030
https://openalex.org/W2005588587
https://openalex.org/W2067097798
https://openalex.org/W2074421475
https://openalex.org/W2111329027
https://openalex.org/W2335593944
https://openalex.org/W2412688529
https://openalex.org/W2413098546
https://openalex.org/W2420125033
https://openalex.org/W2889033321
https://openalex.org/W289621287
https://openalex.org/W4231528653
https://openalex.org/W4236286958
https://openalex.org/W4246900596
https://openalex.org/W993353318
https://openalex.org/W1642510632
https://openalex.org/W1675616120
https://openalex.org/W1981872342
https://openalex.org/W2044164546
https://openalex.org/W2105389693
https://openalex.org/W221271653
https://openalex.org/W2411429843
https://openalex.org/W2593747781
https://openalex.org/W2596996813
https://openalex.org/W2605281526
https://openalex.org/W3010545084
https://openalex.org/W3016048395
https://openalex.org/W3023293594
https://openalex.org/W3027028008
https://openalex.org/W3027441792
https://openalex.org/W3027563292
https://openalex.org/W3031396668
https://openalex.org/W3034590923
https://openalex.org/W3035415379
https://openalex.org/W3035603713
https://openalex.org/W3042085195
https://openalex.org/W3046205841
https://openalex.org/W3090087303
https://openalex.org/W3096350456
https://openalex.org/W3107016073
https://openalex.org/W3110539825
https://openalex.org/W3115290045
https://openalex.org/W3116753308
https://openalex.org/W3117410603
https://openalex.org/W3121189553
https://openalex.org/W3169751091
https://openalex.org/W4206413662
https://openalex.org/W4213002130
https://openalex.org/W4213279685
https://openalex.org/W4229775110
https://openalex.org/W4247218975
https://openalex.org/W4247389470
https://openalex.org/W4249109554
https://openalex.org/W4249613993
https://openalex.org/W4256263084
https://openalex.org/W4393470218
https://openalex.org/W4393839955
https://openalex.org/W4394041458
https://openalex.org/W4394113229
https://openalex.org/W648465274
https://openalex.org/W766863044
https://openalex.org/W140097509
https://openalex.org/W203628075
https://openalex.org/W2225653853
https://openalex.org/W2399721314
https://openalex.org/W1966507633
https://openalex.org/W2280063564
https://openalex.org/W2413374350
https://openalex.org/W2414522297
https://openalex.org/W2415436411
https://openalex.org/W2415660562
https://openalex.org/W2417015590
https://openalex.org/W2429378953
https://openalex.org/W2474066237
https://openalex.org/W2998734460
https://openalex.org/W3126552898
https://openalex.org/W4212847717
https://openalex.org/W805679027
https://openalex.org/W2072729691
https://openalex.org/W2339942750
https://openalex.org/W2397232259
https://openalex.org/W2404491309
https://openalex.org/W2407508461
https://openalex.org/W2409032298
https://openalex.org/W2409623660
https://openalex.org/W2410496482
https://openalex.org/W2412073682
https://openalex.org/W2413293556
https://openalex.org/W2413419560
https://openalex.org/W2413845659
https://openalex.org/W2416462319
https://openalex.org/W2418487204
https://openalex.org/W2429874713
https://openalex.org/W2471894659
https://openalex.org/W2473817717
https://openalex.org/W2592500097
https://openalex.org/W3024687150
https://openalex.org/W3152593904
https://openalex.org/W3158077514
https://openalex.org/W3158446522
https://openalex.org/W3161186460
https://openalex.org/W3164166498
https://openalex.org/W3169760376
https://openalex.org/W3170215544
https://openalex.org/W3174896171
https://openalex.org/W3178833598
https://openalex.org/W3198029020
https://openalex.org/W3201078305
https://openalex.org/W3201727666
https://openalex.org/W3202548249
https://openalex.org/W3202940924
https://openalex.org/W3203759540
https://openalex.org/W3204841993
https://openalex.org/W3204932584
https://openalex.org/W3207104251
https://openalex.org/W3207754327
https://openalex.org/W3207954012
https://openalex.org/W3209772810
https://openalex.org/W3216126849
https://openalex.org/W4200114883
https://openalex.org/W4200331196
https://openalex.org/W4200631273
https://openalex.org/W4206828222
https://openalex.org/W4226047685
https://openalex.org/W4232435639
https://openalex.org/W4242871649
https://openalex.org/W4243974771
https://openalex.org/W4247398734
https://openalex.org/W4249505443
https://openalex.org/W4285364671
https://openalex.org/W4312657691
https://openalex.org/W4394406006
https://openalex.org/W44455608
https://openalex.org/W1991108393
https://openalex.org/W2041052007
https://openalex.org/W2045750830
https://openalex.org/W2067644201
https://openalex.org/W2140804450
https://openalex.org/W2362409391
https://openalex.org/W2364555345
https://openalex.org/W2417307698
https://openalex.org/W2417711434
https://openalex.org/W2553275248
https://openalex.org/W417814662
https://openalex.org/W4213016058
https://openalex.org/W4231650983
https://openalex.org/W4232621755
https://openalex.org/W4234696052
https://openalex.org/W4239637185
https://openalex.org/W4247304990
https://openalex.org/W4256214921
https://openalex.org/W4389496426
https://openalex.org/W2050645607
https://openalex.org/W2059712799
https://openalex.org/W2413627841
https://openalex.org/W2413852271
https://openalex.org/W2470264505
https://openalex.org/W2614633684
https://openalex.org/W2002518410
https://openalex.org/W2007907398
https://openalex.org/W2009769340
https://openalex.org/W2018693727
https://openalex.org/W2033990223
https://openalex.org/W2079747893
https://openalex.org/W2112768951
https://openalex.org/W2254797115
https://openalex.org/W2399658584
https://openalex.org/W2399856920
https://openalex.org/W2403580512
https://openalex.org/W2408805690
https://openalex.org/W2430890725
https://openalex.org/W2471985625
https://openalex.org/W2475049072
https://openalex.org/W2477877397
https://openalex.org/W2508109676
https://openalex.org/W2892217063
https://openalex.org/W3119636450
https://openalex.org/W3120304688
https://openalex.org/W3120969091
https://openalex.org/W4247907617
https://openalex.org/W575587867
https://openalex.org/W597195293
https://openalex.org/W608596857
https://openalex.org/W772351734
https://openalex.org/W163671703
https://openalex.org/W2005369168
https://openalex.org/W2012972675
https://openalex.org/W2057384255
https://openalex.org/W2068963166
https://openalex.org/W2078475813
https://openalex.org/W2082995944
https://openalex.org/W2229820219
https://openalex.org/W2276691825
https://openalex.org/W2280054487
https://openalex.org/W2401699342
https://openalex.org/W2408567979
https://openalex.org/W2409993722
https://openalex.org/W2411343755
https://openalex.org/W2413217275
https://openalex.org/W2417272842
https://openalex.org/W2420980623
https://openalex.org/W2421031237
https://openalex.org/W2421547303
https://openalex.org/W2589201013
https://openalex.org/W2884871412
https://openalex.org/W28918811
https://openalex.org/W4230513383
https://openalex.org/W4231021713
https://openalex.org/W4236590835
https://openalex.org/W4239807400
https://openalex.org/W4242716941
https://openalex.org/W4390086134
https://openalex.org/W2029890150
https://openalex.org/W2063265745
https://openalex.org/W2078365090
https://openalex.org/W2088996924
https://openalex.org/W2230347949
https://openalex.org/W2268704894
https://openalex.org/W2410212618
https://openalex.org/W2413184465
https://openalex.org/W2416653513
https://openalex.org/W2464120414
https://openalex.org/W2464716302
https://openalex.org/W2470697995
https://openalex.org/W2474166424
https://openalex.org/W2615451964
https://openalex.org/W2616046227
https://openalex.org/W2993715034
https://openalex.org/W3097937176
https://openalex.org/W3155789808
https://openalex.org/W4244924525
https://openalex.org/W4300721772
https://openalex.org/W622898252
https://openalex.org/W10046119
https://openalex.org/W1008506961
https://openalex.org/W1009103893
https://openalex.org/W1028002104
https://openalex.org/W110095263
https://openalex.org/W1492653929
https://openalex.org/W1506054738
https://openalex.org/W1518495475
https://openalex.org/W1582507632
https://openalex.org/W2006843998
https://openalex.org/W2033782529
https://openalex.org/W2034716385
https://openalex.org/W2064446279
https://openalex.org/W2065344118
https://openalex.org/W2072470682
https://openalex.org/W2082327077
https://openalex.org/W2085755534
https://openalex.org/W2087924807
https://openalex.org/W2101770323
https://openalex.org/W2111340959
https://openalex.org/W2137800599
https://openalex.org/W2186328244
https://openalex.org/W2223031619
https://openalex.org/W2261174249
https://openalex.org/W2287807837
https://openalex.org/W2291899987
https://openalex.org/W2335260030
https://openalex.org/W2339110547
https://openalex.org/W2396251440
https://openalex.org/W2399304516
https://openalex.org/W2403072456
https://openalex.org/W2407531697
https://openalex.org/W2410588025
https://openalex.org/W2411371371
https://openalex.org/W2411397828
https://openalex.org/W2411803825
https://openalex.org/W2412750667
https://openalex.org/W2413266715
https://openalex.org/W2415230268
https://openalex.org/W2416674833
https://openalex.org/W2417517970
https://openalex.org/W2423751936
https://openalex.org/W2427918895
https://openalex.org/W2442824367
https://openalex.org/W2468282740
https://openalex.org/W2468963836
https://openalex.org/W2500326002
https://openalex.org/W2633685770
https://openalex.org/W270041991
https://openalex.org/W2888942200
https://openalex.org/W2917763343
https://openalex.org/W292186849
https://openalex.org/W3106761415
https://openalex.org/W348918381
https://openalex.org/W4234842193
https://openalex.org/W4242892488
https://openalex.org/W4316074767
https://openalex.org/W43450585
https://openalex.org/W434693414
https://openalex.org/W598741885
https://openalex.org/W838958939
https://openalex.org/W955234996
