.
https://openalex.org/W2141597812
https://openalex.org/W1980324695
https://openalex.org/W2087874839
https://openalex.org/W1977056090
https://openalex.org/W2142234592
https://openalex.org/W2415972389
https://openalex.org/W2612110125
https://openalex.org/W2168696958
https://openalex.org/W2150621857
https://openalex.org/W2014947424
https://openalex.org/W2787981425
https://openalex.org/W2143136180
https://openalex.org/W2101407531
https://openalex.org/W2065969460
https://openalex.org/W2170125745
https://openalex.org/W2117808727
https://openalex.org/W2107366273
https://openalex.org/W2158600655
https://openalex.org/W2168453624
https://openalex.org/W2130903861
https://openalex.org/W2138180762
https://openalex.org/W2178910175
https://openalex.org/W117408561
https://openalex.org/W1982728538
https://openalex.org/W2994916398
https://openalex.org/W2066459718
https://openalex.org/W2790814155
https://openalex.org/W2162374628
https://openalex.org/W128115297
https://openalex.org/W2900604868
https://openalex.org/W2604380817
https://openalex.org/W2944960785
https://openalex.org/W2787867562
https://openalex.org/W2028250360
https://openalex.org/W2572280252
https://openalex.org/W4211255759
https://openalex.org/W2906718898
https://openalex.org/W2599999454
https://openalex.org/W2916862098
https://openalex.org/W2911210943
https://openalex.org/W2896124846
https://openalex.org/W3160248241
https://openalex.org/W3183402156
https://openalex.org/W4312057473
https://openalex.org/W2129059504
https://openalex.org/W2053232659
https://openalex.org/W2080903453
https://openalex.org/W2025416665
https://openalex.org/W2950137804
https://openalex.org/W2599257368
https://openalex.org/W2146712157
https://openalex.org/W2027665977
https://openalex.org/W2118385151
https://openalex.org/W2050554474
https://openalex.org/W2468658908
https://openalex.org/W2399266787
https://openalex.org/W2048752444
https://openalex.org/W2037897781
https://openalex.org/W2321357241
https://openalex.org/W2075684637
https://openalex.org/W2138237202
https://openalex.org/W2057857084
https://openalex.org/W2084787535
https://openalex.org/W2143458022
https://openalex.org/W2151190653
https://openalex.org/W2078230277
https://openalex.org/W2017666000
https://openalex.org/W2106844031
https://openalex.org/W2151879946
https://openalex.org/W2613221009
https://openalex.org/W1534254489
https://openalex.org/W2065112813
https://openalex.org/W1598439963
https://openalex.org/W2072067751
https://openalex.org/W2083783789
https://openalex.org/W2096709331
https://openalex.org/W1821838165
https://openalex.org/W2092566704
https://openalex.org/W2108185156
https://openalex.org/W2133745005
https://openalex.org/W2036792534
https://openalex.org/W2056128789
https://openalex.org/W2117994982
https://openalex.org/W2127746881
https://openalex.org/W2272641235
https://openalex.org/W2144902322
https://openalex.org/W2009600413
https://openalex.org/W1990713930
https://openalex.org/W2059528602
https://openalex.org/W2103569198
https://openalex.org/W2047858191
https://openalex.org/W2085368041
https://openalex.org/W2095550356
https://openalex.org/W2078812477
https://openalex.org/W1074025225
https://openalex.org/W2009537834
https://openalex.org/W2021310315
https://openalex.org/W1992416340
https://openalex.org/W2021659141
https://openalex.org/W2886594044
https://openalex.org/W2040015091
https://openalex.org/W2052191235
https://openalex.org/W2146103434
https://openalex.org/W2909404813
https://openalex.org/W1975669964
https://openalex.org/W2091666083
https://openalex.org/W2594274861
https://openalex.org/W2125678107
https://openalex.org/W2779896203
https://openalex.org/W2889327379
https://openalex.org/W2124545578
https://openalex.org/W2029126306
https://openalex.org/W1964367469
https://openalex.org/W2127606033
https://openalex.org/W1488414360
https://openalex.org/W2561042675
https://openalex.org/W2890614017
https://openalex.org/W2968278774
https://openalex.org/W2138283196
https://openalex.org/W2789446765
https://openalex.org/W2345768504
https://openalex.org/W2204746834
https://openalex.org/W2920888480
https://openalex.org/W3101058664
https://openalex.org/W2095150756
https://openalex.org/W2808327364
https://openalex.org/W2921906057
https://openalex.org/W2624651707
https://openalex.org/W2792062136
https://openalex.org/W2964837614
https://openalex.org/W3092995520
https://openalex.org/W2903928648
https://openalex.org/W3105804765
https://openalex.org/W3164928292
https://openalex.org/W3187373725
https://openalex.org/W2999146431
https://openalex.org/W3128328615
https://openalex.org/W4224277044
https://openalex.org/W3150998111
https://openalex.org/W3215340942
https://openalex.org/W4223503495
https://openalex.org/W3185458635
https://openalex.org/W4285501322
https://openalex.org/W3159941336
https://openalex.org/W4306758989
https://openalex.org/W4318678038
https://openalex.org/W4362640458
https://openalex.org/W4385863534
https://openalex.org/W4318168542
https://openalex.org/W4353057083
https://openalex.org/W4377140104
https://openalex.org/W1257100539
https://openalex.org/W2027591815
https://openalex.org/W2165252697
https://openalex.org/W2089892642
https://openalex.org/W2031895168
https://openalex.org/W2108383143
https://openalex.org/W2093873273
https://openalex.org/W2081854134
https://openalex.org/W2009875905
https://openalex.org/W1805801861
https://openalex.org/W2165712455
https://openalex.org/W1991934638
https://openalex.org/W2112126061
https://openalex.org/W2334992270
https://openalex.org/W1973720991
https://openalex.org/W2090443525
https://openalex.org/W1992879006
https://openalex.org/W1988710533
https://openalex.org/W2109533300
https://openalex.org/W1511793250
https://openalex.org/W2055844320
https://openalex.org/W1968788926
https://openalex.org/W1984815598
https://openalex.org/W2055747233
https://openalex.org/W2146332467
https://openalex.org/W2007401583
https://openalex.org/W2164704853
https://openalex.org/W2015429791
https://openalex.org/W2132215867
https://openalex.org/W2030718140
https://openalex.org/W1985573561
https://openalex.org/W1990460741
https://openalex.org/W2039342369
https://openalex.org/W2159110174
https://openalex.org/W2142710485
https://openalex.org/W2412100770
https://openalex.org/W2116924647
https://openalex.org/W190042405
https://openalex.org/W166353499
https://openalex.org/W2035369632
https://openalex.org/W2055078204
https://openalex.org/W2026121283
https://openalex.org/W2045809339
https://openalex.org/W2061695655
https://openalex.org/W2061116787
https://openalex.org/W2052849437
https://openalex.org/W2072552004
https://openalex.org/W1966856713
https://openalex.org/W2043132446
https://openalex.org/W2160250688
https://openalex.org/W2018469805
https://openalex.org/W2091642296
https://openalex.org/W2010341706
https://openalex.org/W2000885197
https://openalex.org/W2093632315
https://openalex.org/W2000962564
https://openalex.org/W2160184056
https://openalex.org/W1970050273
https://openalex.org/W1973895254
https://openalex.org/W2142266250
https://openalex.org/W2167519750
https://openalex.org/W1986981837
https://openalex.org/W2005021323
https://openalex.org/W2030613766
https://openalex.org/W2168491745
https://openalex.org/W1996663340
https://openalex.org/W2163506003
https://openalex.org/W2745083546
https://openalex.org/W2180948174
https://openalex.org/W2285232457
https://openalex.org/W2600124489
https://openalex.org/W2016513484
https://openalex.org/W2034402047
https://openalex.org/W2325914097
https://openalex.org/W1824475845
https://openalex.org/W2530038458
https://openalex.org/W1561772885
https://openalex.org/W2210354247
https://openalex.org/W4300681183
https://openalex.org/W2566661592
https://openalex.org/W2901290714
https://openalex.org/W2923945074
https://openalex.org/W2981658108
https://openalex.org/W2518385063
https://openalex.org/W2967649110
https://openalex.org/W3098863998
https://openalex.org/W2268441797
https://openalex.org/W3047349708
https://openalex.org/W2970213198
https://openalex.org/W2946222405
https://openalex.org/W3006638330
https://openalex.org/W3049162647
https://openalex.org/W3080632280
https://openalex.org/W3034307226
https://openalex.org/W3125747512
https://openalex.org/W3030397503
https://openalex.org/W3122791838
https://openalex.org/W3120384989
https://openalex.org/W3120416406
https://openalex.org/W3170198976
https://openalex.org/W4225425647
https://openalex.org/W3103811483
https://openalex.org/W3154246858
https://openalex.org/W4280557200
https://openalex.org/W4280517006
https://openalex.org/W4213212705
https://openalex.org/W4281770854
https://openalex.org/W3209171194
https://openalex.org/W4206772607
https://openalex.org/W4220662280
https://openalex.org/W4298395571
https://openalex.org/W4385462373
https://openalex.org/W4385982031
https://openalex.org/W4389326524
https://openalex.org/W4390663094
https://openalex.org/W4391188625
https://openalex.org/W4391384008
https://openalex.org/W1991577833
https://openalex.org/W2013306969
https://openalex.org/W1965180622
https://openalex.org/W2125985137
https://openalex.org/W119412785
https://openalex.org/W2058131779
https://openalex.org/W1974319604
https://openalex.org/W2087619507
https://openalex.org/W2168839377
https://openalex.org/W2068516767
https://openalex.org/W2121831731
https://openalex.org/W2038297492
https://openalex.org/W2132483617
https://openalex.org/W2013938312
https://openalex.org/W2092405760
https://openalex.org/W2010961916
https://openalex.org/W2127915502
https://openalex.org/W2022862784
https://openalex.org/W2111250152
https://openalex.org/W2439354259
https://openalex.org/W1970563035
https://openalex.org/W2011983916
https://openalex.org/W2023977763
https://openalex.org/W2085595341
https://openalex.org/W1564321618
https://openalex.org/W2000979250
https://openalex.org/W2015723594
https://openalex.org/W2037834427
https://openalex.org/W2078245299
https://openalex.org/W167913461
https://openalex.org/W1970718841
https://openalex.org/W2062316437
https://openalex.org/W1998152844
https://openalex.org/W1986963948
https://openalex.org/W2087594445
https://openalex.org/W2138819066
https://openalex.org/W2110610232
https://openalex.org/W2127224475
https://openalex.org/W2126416537
https://openalex.org/W2163079968
https://openalex.org/W2316770910
https://openalex.org/W2004063005
https://openalex.org/W2038064275
https://openalex.org/W2066773032
https://openalex.org/W1990664898
https://openalex.org/W2050323332
https://openalex.org/W2091179731
https://openalex.org/W2118020864
https://openalex.org/W1980109145
https://openalex.org/W2139484058
https://openalex.org/W1994781006
https://openalex.org/W2046500042
https://openalex.org/W2004465662
https://openalex.org/W2089225459
https://openalex.org/W1978041653
https://openalex.org/W2018628828
https://openalex.org/W2035070850
https://openalex.org/W2094076099
https://openalex.org/W1533226040
https://openalex.org/W2065516717
https://openalex.org/W2113892233
https://openalex.org/W2084401698
https://openalex.org/W1820338206
https://openalex.org/W2112085218
https://openalex.org/W2147237207
https://openalex.org/W1990266269
https://openalex.org/W2056739843
https://openalex.org/W2029776255
https://openalex.org/W2055047754
https://openalex.org/W2255616390
https://openalex.org/W1898959973
https://openalex.org/W1982077547
https://openalex.org/W2059404971
https://openalex.org/W2060812932
https://openalex.org/W2619953469
https://openalex.org/W2015484067
https://openalex.org/W2810936867
https://openalex.org/W2814589985
https://openalex.org/W2325348785
https://openalex.org/W2357508763
https://openalex.org/W2612568711
https://openalex.org/W2255907980
https://openalex.org/W2461493867
https://openalex.org/W2768665057
https://openalex.org/W2417857882
https://openalex.org/W4231044292
https://openalex.org/W2890931526
https://openalex.org/W2807284342
https://openalex.org/W2271908130
https://openalex.org/W2323753494
https://openalex.org/W2339896096
https://openalex.org/W2996675504
https://openalex.org/W2984777198
https://openalex.org/W3025707089
https://openalex.org/W3035911765
https://openalex.org/W2976099538
https://openalex.org/W3003093329
https://openalex.org/W3023302808
https://openalex.org/W3081301955
https://openalex.org/W2986291016
https://openalex.org/W2979037004
https://openalex.org/W3205412243
https://openalex.org/W3186450419
https://openalex.org/W3175665029
https://openalex.org/W3024830500
https://openalex.org/W3137362543
https://openalex.org/W3100824474
https://openalex.org/W3184221637
https://openalex.org/W4206946734
https://openalex.org/W4285009361
https://openalex.org/W4292411285
https://openalex.org/W4210294348
https://openalex.org/W4280505635
https://openalex.org/W4294838306
https://openalex.org/W4378802948
https://openalex.org/W4321169463
https://openalex.org/W4362716379
https://openalex.org/W4366728513
https://openalex.org/W2073850369
https://openalex.org/W2046531180
https://openalex.org/W2099505374
https://openalex.org/W2152735426
https://openalex.org/W2152988472
https://openalex.org/W1986069991
https://openalex.org/W1953427861
https://openalex.org/W2139630633
https://openalex.org/W2072429993
https://openalex.org/W1968050802
https://openalex.org/W2064131466
https://openalex.org/W2069061972
https://openalex.org/W2154730142
https://openalex.org/W2047061234
https://openalex.org/W2051265808
https://openalex.org/W2323654576
https://openalex.org/W2013348189
https://openalex.org/W1978540556
https://openalex.org/W1995294511
https://openalex.org/W2031894936
https://openalex.org/W2036403412
https://openalex.org/W1989331501
https://openalex.org/W2046937677
https://openalex.org/W2416064565
https://openalex.org/W2003886874
https://openalex.org/W2114774678
https://openalex.org/W2070121689
https://openalex.org/W2140290356
https://openalex.org/W2162263273
https://openalex.org/W2614120471
https://openalex.org/W94775521
https://openalex.org/W2063715791
https://openalex.org/W2072397663
https://openalex.org/W2103649655
https://openalex.org/W2086722958
https://openalex.org/W4235781850
https://openalex.org/W2028297170
https://openalex.org/W2149566849
https://openalex.org/W1998691080
https://openalex.org/W2031075581
https://openalex.org/W2072346924
https://openalex.org/W2163587621
https://openalex.org/W1546383141
https://openalex.org/W1969352516
https://openalex.org/W2071018392
https://openalex.org/W2092540218
https://openalex.org/W2000546084
https://openalex.org/W2037633031
https://openalex.org/W2054956124
https://openalex.org/W2042481179
https://openalex.org/W1967042536
https://openalex.org/W2127760440
https://openalex.org/W2007246460
https://openalex.org/W2614631729
https://openalex.org/W2109449247
https://openalex.org/W2148388609
https://openalex.org/W2148393093
https://openalex.org/W2134552987
https://openalex.org/W2313188233
https://openalex.org/W2107467442
https://openalex.org/W2161951361
https://openalex.org/W1482685123
https://openalex.org/W2061581313
https://openalex.org/W2141992371
https://openalex.org/W2040611896
https://openalex.org/W2064906485
https://openalex.org/W2024131747
https://openalex.org/W1969333106
https://openalex.org/W2157442893
https://openalex.org/W2004351579
https://openalex.org/W2007617653
https://openalex.org/W2064233155
https://openalex.org/W1981353983
https://openalex.org/W2076796958
https://openalex.org/W2081998231
https://openalex.org/W2339450579
https://openalex.org/W2011916618
https://openalex.org/W2023821660
https://openalex.org/W2043564632
https://openalex.org/W2613388587
https://openalex.org/W2781034400
https://openalex.org/W2007707518
https://openalex.org/W2023235821
https://openalex.org/W2221140006
https://openalex.org/W2314750803
https://openalex.org/W2114870392
https://openalex.org/W2587499492
https://openalex.org/W2610387391
https://openalex.org/W2768165306
https://openalex.org/W2789596478
https://openalex.org/W2792441007
https://openalex.org/W1620313223
https://openalex.org/W2298450158
https://openalex.org/W2734834192
https://openalex.org/W2540191771
https://openalex.org/W2780447177
https://openalex.org/W2784139634
https://openalex.org/W2789752210
https://openalex.org/W2796588262
https://openalex.org/W2920438951
https://openalex.org/W2938997009
https://openalex.org/W2942405584
https://openalex.org/W2767038836
https://openalex.org/W2754975007
https://openalex.org/W2992986204
https://openalex.org/W3080722140
https://openalex.org/W3107523714
https://openalex.org/W3034053348
https://openalex.org/W3093506734
https://openalex.org/W2980140389
https://openalex.org/W3089070233
https://openalex.org/W3096616479
https://openalex.org/W3124697873
https://openalex.org/W3139109176
https://openalex.org/W3122729329
https://openalex.org/W3154146889
https://openalex.org/W3155795498
https://openalex.org/W3156571417
https://openalex.org/W3192559085
https://openalex.org/W3195991203
https://openalex.org/W4220715989
https://openalex.org/W4307623912
https://openalex.org/W4213331195
https://openalex.org/W4283073382
https://openalex.org/W4302287973
https://openalex.org/W4382045858
https://openalex.org/W4383871959
https://openalex.org/W4385241000
https://openalex.org/W2025946432
https://openalex.org/W2029475891
https://openalex.org/W2015836572
https://openalex.org/W1969264904
https://openalex.org/W1993132080
https://openalex.org/W2006083010
https://openalex.org/W1965086143
https://openalex.org/W1964339764
https://openalex.org/W2010878254
https://openalex.org/W2014735384
https://openalex.org/W2023228433
https://openalex.org/W2030805031
https://openalex.org/W2063559436
https://openalex.org/W2086757983
https://openalex.org/W2092271283
https://openalex.org/W2153476600
https://openalex.org/W2091175199
https://openalex.org/W2046975855
https://openalex.org/W1971092572
https://openalex.org/W2053801079
https://openalex.org/W2157817366
https://openalex.org/W1984737207
https://openalex.org/W2171383340
https://openalex.org/W1998559065
https://openalex.org/W2061288040
https://openalex.org/W2161642589
https://openalex.org/W2061013361
https://openalex.org/W2116367472
https://openalex.org/W2037194906
https://openalex.org/W2143605790
https://openalex.org/W2181653262
https://openalex.org/W2123609955
https://openalex.org/W2170209876
https://openalex.org/W1976779544
https://openalex.org/W2063387656
https://openalex.org/W3208231465
https://openalex.org/W1602848885
https://openalex.org/W2125161825
https://openalex.org/W2081372423
https://openalex.org/W1969091227
https://openalex.org/W2010016702
https://openalex.org/W2045629975
https://openalex.org/W2111221874
https://openalex.org/W2133270442
https://openalex.org/W2073409490
https://openalex.org/W2160624529
https://openalex.org/W1506876921
https://openalex.org/W1997453266
https://openalex.org/W2058014288
https://openalex.org/W2093270486
https://openalex.org/W1513675770
https://openalex.org/W2019677192
https://openalex.org/W2130556683
https://openalex.org/W2133414202
https://openalex.org/W2028985159
https://openalex.org/W2004030963
https://openalex.org/W2045311922
https://openalex.org/W2069968157
https://openalex.org/W2075150491
https://openalex.org/W2107773972
https://openalex.org/W2026445440
https://openalex.org/W303783630
https://openalex.org/W1421129817
https://openalex.org/W1623673255
https://openalex.org/W1964158929
https://openalex.org/W1981644786
https://openalex.org/W2260011764
https://openalex.org/W2501971310
https://openalex.org/W2073898602
https://openalex.org/W2097236179
https://openalex.org/W1001629688
https://openalex.org/W2031302162
https://openalex.org/W2198548801
https://openalex.org/W2289084509
https://openalex.org/W2791225817
https://openalex.org/W2311604912
https://openalex.org/W2579582677
https://openalex.org/W2900212352
https://openalex.org/W2191137642
https://openalex.org/W2265081726
https://openalex.org/W2318731427
https://openalex.org/W2417761114
https://openalex.org/W2574499714
https://openalex.org/W2972962159
https://openalex.org/W2316044613
https://openalex.org/W2495381306
https://openalex.org/W2791435774
https://openalex.org/W2795639512
https://openalex.org/W2898052414
https://openalex.org/W2901746942
https://openalex.org/W2918169471
https://openalex.org/W2957194753
https://openalex.org/W3005058208
https://openalex.org/W2984431648
https://openalex.org/W3087030539
https://openalex.org/W3014198105
https://openalex.org/W3035957095
https://openalex.org/W3168429305
https://openalex.org/W4200098350
https://openalex.org/W3206687130
https://openalex.org/W3157974309
https://openalex.org/W3162595824
https://openalex.org/W3172913300
https://openalex.org/W3205141484
https://openalex.org/W4225685969
https://openalex.org/W168003325
https://openalex.org/W187612070
https://openalex.org/W2031329745
https://openalex.org/W2085354626
https://openalex.org/W1967207381
https://openalex.org/W2063052783
https://openalex.org/W2385065659
https://openalex.org/W2103641334
https://openalex.org/W1929353352
https://openalex.org/W1975593547
https://openalex.org/W1977432666
https://openalex.org/W1989569957
https://openalex.org/W2001805811
https://openalex.org/W1993228057
https://openalex.org/W2015027277
https://openalex.org/W2080337344
https://openalex.org/W198243961
https://openalex.org/W1988973231
https://openalex.org/W2005683031
https://openalex.org/W2059189433
https://openalex.org/W1968446771
https://openalex.org/W1978884196
https://openalex.org/W2034284700
https://openalex.org/W2082157526
https://openalex.org/W2045650044
https://openalex.org/W2075149323
https://openalex.org/W2111644575
https://openalex.org/W2133659369
https://openalex.org/W2330262193
https://openalex.org/W2419454609
https://openalex.org/W2598854892
https://openalex.org/W1535496768
https://openalex.org/W1837268685
https://openalex.org/W1989925756
https://openalex.org/W2043834148
https://openalex.org/W2094934090
https://openalex.org/W2040754308
https://openalex.org/W1964842013
https://openalex.org/W2019838662
https://openalex.org/W2045014220
https://openalex.org/W2069256466
https://openalex.org/W2081831571
https://openalex.org/W2007511321
https://openalex.org/W2162994727
https://openalex.org/W2100904320
https://openalex.org/W1272439595
https://openalex.org/W1999665853
https://openalex.org/W2048473217
https://openalex.org/W2112826293
https://openalex.org/W1974803939
https://openalex.org/W2093143437
https://openalex.org/W2124447659
https://openalex.org/W1466099901
https://openalex.org/W2096078016
https://openalex.org/W1974318880
https://openalex.org/W1977094521
https://openalex.org/W2067955041
https://openalex.org/W2070087494
https://openalex.org/W2161258387
https://openalex.org/W2007762200
https://openalex.org/W2062176665
https://openalex.org/W2127087417
https://openalex.org/W4246121429
https://openalex.org/W2003361182
https://openalex.org/W2049398135
https://openalex.org/W2080230124
https://openalex.org/W2109167337
https://openalex.org/W57715255
https://openalex.org/W1243782229
https://openalex.org/W2111807456
https://openalex.org/W2122268473
https://openalex.org/W2160636266
https://openalex.org/W1970864043
https://openalex.org/W1991358323
https://openalex.org/W2018116341
https://openalex.org/W2074324119
https://openalex.org/W2124008571
https://openalex.org/W2418392501
https://openalex.org/W1992827201
https://openalex.org/W2068189202
https://openalex.org/W2159877955
https://openalex.org/W2034922956
https://openalex.org/W2104733050
https://openalex.org/W2004036222
https://openalex.org/W2011452955
https://openalex.org/W2035138526
https://openalex.org/W2071225717
https://openalex.org/W2140318889
https://openalex.org/W2150583881
https://openalex.org/W2606915375
https://openalex.org/W2621605525
https://openalex.org/W1459043770
https://openalex.org/W1973281647
https://openalex.org/W1982127753
https://openalex.org/W2547835246
https://openalex.org/W2773626577
https://openalex.org/W2801552764
https://openalex.org/W2203287277
https://openalex.org/W2388789912
https://openalex.org/W2469450842
https://openalex.org/W2511010364
https://openalex.org/W2534879318
https://openalex.org/W2569565991
https://openalex.org/W2612113941
https://openalex.org/W2764108233
https://openalex.org/W2789982567
https://openalex.org/W2793056460
https://openalex.org/W2278737074
https://openalex.org/W2418656620
https://openalex.org/W2770439104
https://openalex.org/W2776815696
https://openalex.org/W2887625333
https://openalex.org/W2518270689
https://openalex.org/W2781973455
https://openalex.org/W2792393832
https://openalex.org/W2897369953
https://openalex.org/W4253106789
https://openalex.org/W2952902402
https://openalex.org/W2960377789
https://openalex.org/W2894831128
https://openalex.org/W2982136417
https://openalex.org/W3002665798
https://openalex.org/W3011220214
https://openalex.org/W3017992019
https://openalex.org/W3176430891
https://openalex.org/W3087264379
https://openalex.org/W3094631654
https://openalex.org/W3116710803
https://openalex.org/W3121925665
https://openalex.org/W3131769184
https://openalex.org/W3154150124
https://openalex.org/W4200204805
https://openalex.org/W4205090031
https://openalex.org/W4210620325
https://openalex.org/W4211041433
https://openalex.org/W4229442900
https://openalex.org/W4281767604
https://openalex.org/W4282980136
https://openalex.org/W4283388189
https://openalex.org/W4285043208
https://openalex.org/W4286214866
https://openalex.org/W4298088878
https://openalex.org/W4304116026
https://openalex.org/W4313893275
https://openalex.org/W4315630987
https://openalex.org/W4321366764
https://openalex.org/W4367043506
https://openalex.org/W4376958588
https://openalex.org/W4377940994
https://openalex.org/W4379966974
https://openalex.org/W4380082535
https://openalex.org/W4385446645
https://openalex.org/W4386278732
https://openalex.org/W2042094741
https://openalex.org/W4240175250
https://openalex.org/W2086049399
https://openalex.org/W1979988959
https://openalex.org/W1979436940
https://openalex.org/W2240881457
https://openalex.org/W1964063553
https://openalex.org/W2092865462
https://openalex.org/W1998943305
https://openalex.org/W2003557854
https://openalex.org/W1905450790
https://openalex.org/W1984756910
https://openalex.org/W1992136934
https://openalex.org/W2009834374
https://openalex.org/W2034412139
https://openalex.org/W1978563041
https://openalex.org/W1994812183
https://openalex.org/W2078739037
https://openalex.org/W412654033
https://openalex.org/W1630307561
https://openalex.org/W2081498029
https://openalex.org/W1986719467
https://openalex.org/W1996124594
https://openalex.org/W2065000422
https://openalex.org/W2021545994
https://openalex.org/W2152564948
https://openalex.org/W2136495614
https://openalex.org/W2043843434
https://openalex.org/W2117014703
https://openalex.org/W1603565403
https://openalex.org/W1993226166
https://openalex.org/W2072715774
https://openalex.org/W2045436485
https://openalex.org/W2061207023
https://openalex.org/W2146940718
https://openalex.org/W2146095903
https://openalex.org/W2161376879
https://openalex.org/W1965719592
https://openalex.org/W2007409965
https://openalex.org/W3191632833
https://openalex.org/W2048699805
https://openalex.org/W2048882887
https://openalex.org/W161373889
https://openalex.org/W185820517
https://openalex.org/W2087385192
https://openalex.org/W2089408173
https://openalex.org/W2142143091
https://openalex.org/W2401539625
https://openalex.org/W191328385
https://openalex.org/W1971864064
https://openalex.org/W2036057941
https://openalex.org/W2042331791
https://openalex.org/W2056028000
https://openalex.org/W2086165921
https://openalex.org/W146540315
https://openalex.org/W1799136888
https://openalex.org/W2002048596
https://openalex.org/W2075986328
https://openalex.org/W2105109401
https://openalex.org/W2138596035
https://openalex.org/W1965981383
https://openalex.org/W1973132398
https://openalex.org/W1978235419
https://openalex.org/W2046154370
https://openalex.org/W2090741194
https://openalex.org/W2432389462
https://openalex.org/W2572543275
https://openalex.org/W2597072823
https://openalex.org/W2622644887
https://openalex.org/W2725500681
https://openalex.org/W1797441772
https://openalex.org/W2116409331
https://openalex.org/W2335323894
https://openalex.org/W2335622251
https://openalex.org/W2433328807
https://openalex.org/W2766835322
https://openalex.org/W2793815173
https://openalex.org/W2801109380
https://openalex.org/W2885258992
https://openalex.org/W2886265367
https://openalex.org/W2886840781
https://openalex.org/W2888535580
https://openalex.org/W108909573
https://openalex.org/W1897640471
https://openalex.org/W2051602383
https://openalex.org/W2593138546
https://openalex.org/W2755056424
https://openalex.org/W2794402721
https://openalex.org/W2889634032
https://openalex.org/W2990919069
https://openalex.org/W2497016300
https://openalex.org/W2781894879
https://openalex.org/W2790912519
https://openalex.org/W2894553433
https://openalex.org/W2943871578
https://openalex.org/W2966422716
https://openalex.org/W2973139722
https://openalex.org/W2963317550
https://openalex.org/W2989661006
https://openalex.org/W2991415108
https://openalex.org/W3015568375
https://openalex.org/W3009303986
https://openalex.org/W3016332925
https://openalex.org/W3033840715
https://openalex.org/W3080392435
https://openalex.org/W3092235070
https://openalex.org/W3004329701
https://openalex.org/W3036665072
https://openalex.org/W3036796499
https://openalex.org/W3083052621
https://openalex.org/W3087788707
https://openalex.org/W2330248966
https://openalex.org/W3048883213
https://openalex.org/W3129790238
https://openalex.org/W3137945521
https://openalex.org/W3164964286
https://openalex.org/W3168645836
https://openalex.org/W3208324455
https://openalex.org/W3128640839
https://openalex.org/W3131757074
https://openalex.org/W3173091047
https://openalex.org/W3181612490
https://openalex.org/W3196138828
https://openalex.org/W3199137677
https://openalex.org/W3167469906
https://openalex.org/W4200474465
https://openalex.org/W4224049172
https://openalex.org/W4281255716
https://openalex.org/W4281393094
https://openalex.org/W4322731046
https://openalex.org/W4385077436
https://openalex.org/W4386766892
https://openalex.org/W4390020237
https://openalex.org/W4390632462
https://openalex.org/W4390673011
https://openalex.org/W4390754687
https://openalex.org/W4390755177
https://openalex.org/W4390974590
https://openalex.org/W4390988626
https://openalex.org/W4390989051
https://openalex.org/W4390989206
https://openalex.org/W4390989250
https://openalex.org/W4390989354
https://openalex.org/W4390989434
https://openalex.org/W4390989448
https://openalex.org/W4390989558
https://openalex.org/W4390989603
https://openalex.org/W4390989704
https://openalex.org/W4390989747
https://openalex.org/W4390989790
https://openalex.org/W4390989826
https://openalex.org/W4391065281
https://openalex.org/W4391109614
https://openalex.org/W4391172014
https://openalex.org/W4391323374
https://openalex.org/W4391387757
https://openalex.org/W4391409524
https://openalex.org/W4391451864
https://openalex.org/W4391531667
https://openalex.org/W4391532168
https://openalex.org/W4391648114
https://openalex.org/W4391683194
https://openalex.org/W4391749668
https://openalex.org/W4391804861
https://openalex.org/W4391846207
https://openalex.org/W4391925071
https://openalex.org/W4392206444
https://openalex.org/W4392368327
https://openalex.org/W4392383002
https://openalex.org/W4392514957
https://openalex.org/W4392515940
https://openalex.org/W4392517373
https://openalex.org/W4392528848
https://openalex.org/W4392552407
https://openalex.org/W4392644512
https://openalex.org/W4392663313
https://openalex.org/W4392716584
https://openalex.org/W4392727746
https://openalex.org/W4392748398
https://openalex.org/W4392821349
https://openalex.org/W4392884791
https://openalex.org/W4392888913
https://openalex.org/W4392913159
https://openalex.org/W4393006210
https://openalex.org/W4393025994
https://openalex.org/W4393216150
https://openalex.org/W4393235167
https://openalex.org/W4393319524
https://openalex.org/W4393405130
https://openalex.org/W4393952717
https://openalex.org/W4394574988
https://openalex.org/W4394608611
https://openalex.org/W4394612285
https://openalex.org/W4394726944
https://openalex.org/W4394726993
https://openalex.org/W4394755441
https://openalex.org/W4394766784
https://openalex.org/W4394780493
https://openalex.org/W4394821128
https://openalex.org/W4394854043
https://openalex.org/W4394862300
https://openalex.org/W4394909931
https://openalex.org/W4394953418
https://openalex.org/W4394955163
https://openalex.org/W4394979723
https://openalex.org/W4395002811
https://openalex.org/W4395072883
https://openalex.org/W4395697352
https://openalex.org/W4395959986
https://openalex.org/W4396224323
https://openalex.org/W4396531078
https://openalex.org/W2009887239
https://openalex.org/W2062919071
https://openalex.org/W2284803316
https://openalex.org/W2054300168
https://openalex.org/W2105118540
https://openalex.org/W1923650832
https://openalex.org/W1966532075
https://openalex.org/W2007230851
https://openalex.org/W2094213594
https://openalex.org/W2138007264
https://openalex.org/W2470207062
https://openalex.org/W1982084599
https://openalex.org/W2063966076
https://openalex.org/W580033162
https://openalex.org/W1974311924
https://openalex.org/W2042063083
https://openalex.org/W2095048823
https://openalex.org/W2135340510
https://openalex.org/W2412698829
https://openalex.org/W2048132866
https://openalex.org/W2078529380
https://openalex.org/W2394792759
https://openalex.org/W2026797605
https://openalex.org/W1519407281
https://openalex.org/W1971251846
https://openalex.org/W2026828210
https://openalex.org/W2049301889
https://openalex.org/W2113045358
https://openalex.org/W2333069286
https://openalex.org/W1974020608
https://openalex.org/W2030470036
https://openalex.org/W2069179051
https://openalex.org/W2074531408
https://openalex.org/W2081384247
https://openalex.org/W2101282185
https://openalex.org/W2222540944
https://openalex.org/W2013105661
https://openalex.org/W1554491163
https://openalex.org/W2079967408
https://openalex.org/W2148730618
https://openalex.org/W2019940630
https://openalex.org/W2052924212
https://openalex.org/W2055098049
https://openalex.org/W2111550745
https://openalex.org/W2134282539
https://openalex.org/W2146054242
https://openalex.org/W156264155
https://openalex.org/W1975198554
https://openalex.org/W2014222076
https://openalex.org/W2156569924
https://openalex.org/W2159233442
https://openalex.org/W1968040389
https://openalex.org/W2021114575
https://openalex.org/W2085541194
https://openalex.org/W1442995342
https://openalex.org/W1999959792
https://openalex.org/W2074922259
https://openalex.org/W2100480894
https://openalex.org/W2132532265
https://openalex.org/W1489681296
https://openalex.org/W2044470313
https://openalex.org/W2106491519
https://openalex.org/W2148503735
https://openalex.org/W2182051937
https://openalex.org/W2313016101
https://openalex.org/W2021134708
https://openalex.org/W2036840959
https://openalex.org/W2093456776
https://openalex.org/W2117118083
https://openalex.org/W2145527806
https://openalex.org/W2006309942
https://openalex.org/W2011074272
https://openalex.org/W2022938615
https://openalex.org/W2124161003
https://openalex.org/W2155871095
https://openalex.org/W2203333848
https://openalex.org/W2314405769
https://openalex.org/W1889758335
https://openalex.org/W2028624317
https://openalex.org/W2034810391
https://openalex.org/W2044591834
https://openalex.org/W2065813875
https://openalex.org/W2075294067
https://openalex.org/W2094544091
https://openalex.org/W2179399644
https://openalex.org/W2413642262
https://openalex.org/W2535627841
https://openalex.org/W2743858890
https://openalex.org/W1195464388
https://openalex.org/W1965076157
https://openalex.org/W2076553642
https://openalex.org/W2077144032
https://openalex.org/W2092324611
https://openalex.org/W2202709459
https://openalex.org/W2304142500
https://openalex.org/W2336251867
https://openalex.org/W2347068607
https://openalex.org/W2550400930
https://openalex.org/W2564350809
https://openalex.org/W2590271489
https://openalex.org/W2800210219
https://openalex.org/W2897477839
https://openalex.org/W3189628172
https://openalex.org/W1593823279
https://openalex.org/W1753389375
https://openalex.org/W2111297061
https://openalex.org/W2570746401
https://openalex.org/W2618720804
https://openalex.org/W2765780663
https://openalex.org/W2782775232
https://openalex.org/W2968990549
https://openalex.org/W2209049584
https://openalex.org/W2433732851
https://openalex.org/W2516616049
https://openalex.org/W2542059050
https://openalex.org/W2945056839
https://openalex.org/W2980014270
https://openalex.org/W2986126516
https://openalex.org/W2884725647
https://openalex.org/W2912317160
https://openalex.org/W2919988232
https://openalex.org/W2947929125
https://openalex.org/W2962023702
https://openalex.org/W2962384913
https://openalex.org/W3006729448
https://openalex.org/W3138052994
https://openalex.org/W3174410155
https://openalex.org/W3174545139
https://openalex.org/W3179466603
https://openalex.org/W3197150054
https://openalex.org/W3211297157
https://openalex.org/W4315498412
https://openalex.org/W4318309855
https://openalex.org/W4321768910
https://openalex.org/W4321788361
https://openalex.org/W4375955153
https://openalex.org/W4381327618
https://openalex.org/W4384560346
https://openalex.org/W4385572473
https://openalex.org/W4386759980
https://openalex.org/W4387770961
https://openalex.org/W4387778935
https://openalex.org/W4388268263
https://openalex.org/W2052580334
https://openalex.org/W2055883158
https://openalex.org/W2057839895
https://openalex.org/W2073868587
https://openalex.org/W2159222670
https://openalex.org/W2068286575
https://openalex.org/W74868740
https://openalex.org/W174162115
https://openalex.org/W1971715756
https://openalex.org/W1998823001
https://openalex.org/W1998853360
https://openalex.org/W2007623810
https://openalex.org/W2106815203
https://openalex.org/W2112121666
https://openalex.org/W2317446055
https://openalex.org/W2063885405
https://openalex.org/W2081372286
https://openalex.org/W4255954307
https://openalex.org/W2005180093
https://openalex.org/W2009742358
https://openalex.org/W2016821927
https://openalex.org/W2018820059
https://openalex.org/W2026679824
https://openalex.org/W2029943028
https://openalex.org/W2079832606
https://openalex.org/W1978765368
https://openalex.org/W1986754500
https://openalex.org/W2022741988
https://openalex.org/W2066443718
https://openalex.org/W2165929279
https://openalex.org/W2419010792
https://openalex.org/W1973961685
https://openalex.org/W2023512817
https://openalex.org/W2070013711
https://openalex.org/W2322697490
https://openalex.org/W2765764425
https://openalex.org/W2009196978
https://openalex.org/W2035534837
https://openalex.org/W205624637
https://openalex.org/W2098378368
https://openalex.org/W2116072609
https://openalex.org/W2150792456
https://openalex.org/W2152311518
https://openalex.org/W254514328
https://openalex.org/W4238184079
https://openalex.org/W1905743305
https://openalex.org/W2014935571
https://openalex.org/W2051460358
https://openalex.org/W2183827801
https://openalex.org/W2187614135
https://openalex.org/W1999850301
https://openalex.org/W2004409526
https://openalex.org/W2031158773
https://openalex.org/W2337858800
https://openalex.org/W165030522
https://openalex.org/W2001666268
https://openalex.org/W2040400977
https://openalex.org/W2117811135
https://openalex.org/W2171336928
https://openalex.org/W2398824352
https://openalex.org/W1576828410
https://openalex.org/W1988663425
https://openalex.org/W2132450168
https://openalex.org/W2148581927
https://openalex.org/W1986963449
https://openalex.org/W2055685719
https://openalex.org/W1970622482
https://openalex.org/W2050963297
https://openalex.org/W2144218202
https://openalex.org/W2436083787
https://openalex.org/W2050306519
https://openalex.org/W2081305407
https://openalex.org/W2119370645
https://openalex.org/W2129845811
https://openalex.org/W4233462579
https://openalex.org/W1974467693
https://openalex.org/W2094689938
https://openalex.org/W2130433152
https://openalex.org/W2268446992
https://openalex.org/W1964374059
https://openalex.org/W2033378910
https://openalex.org/W2118812533
https://openalex.org/W1986076291
https://openalex.org/W2020815389
https://openalex.org/W2030353291
https://openalex.org/W2054987328
https://openalex.org/W2059167607
https://openalex.org/W2136790373
https://openalex.org/W2163615619
https://openalex.org/W565391410
https://openalex.org/W1996024674
https://openalex.org/W2026916837
https://openalex.org/W2028899290
https://openalex.org/W2055040386
https://openalex.org/W2130057279
https://openalex.org/W2136627487
https://openalex.org/W2145293644
https://openalex.org/W2147100743
https://openalex.org/W2329387591
https://openalex.org/W2614841367
https://openalex.org/W2790841998
https://openalex.org/W2801723999
https://openalex.org/W2903921453
https://openalex.org/W4232886348
https://openalex.org/W1253790830
https://openalex.org/W2016992342
https://openalex.org/W2035767698
https://openalex.org/W2247274036
https://openalex.org/W2282090319
https://openalex.org/W2331127840
https://openalex.org/W2475015626
https://openalex.org/W2481908911
https://openalex.org/W2532296869
https://openalex.org/W2606455958
https://openalex.org/W2756091132
https://openalex.org/W2791539138
https://openalex.org/W2793351892
https://openalex.org/W2795740777
https://openalex.org/W2806653473
https://openalex.org/W2897434144
https://openalex.org/W2933885741
https://openalex.org/W304161455
https://openalex.org/W2264596175
https://openalex.org/W2467132508
https://openalex.org/W2561011066
https://openalex.org/W2921412541
https://openalex.org/W2995237823
https://openalex.org/W3000077593
https://openalex.org/W3089228114
https://openalex.org/W3110848133
https://openalex.org/W2989588854
https://openalex.org/W2996183317
https://openalex.org/W3004738305
https://openalex.org/W3016211067
https://openalex.org/W3030623815
https://openalex.org/W3097036574
https://openalex.org/W3037200316
https://openalex.org/W3132407357
https://openalex.org/W3188790333
https://openalex.org/W3196873916
https://openalex.org/W4200163328
https://openalex.org/W4200312785
https://openalex.org/W4226151380
https://openalex.org/W4205911326
https://openalex.org/W4210556870
https://openalex.org/W4212968448
https://openalex.org/W4213435199
https://openalex.org/W4214927456
https://openalex.org/W4224998939
https://openalex.org/W4225393507
https://openalex.org/W4226017204
https://openalex.org/W4226087508
https://openalex.org/W4281944651
https://openalex.org/W4282566513
https://openalex.org/W4285045577
https://openalex.org/W4285076715
https://openalex.org/W4290694423
https://openalex.org/W4293776606
https://openalex.org/W4309830316
https://openalex.org/W2030180865
https://openalex.org/W2145560149
https://openalex.org/W1506996780
https://openalex.org/W1935279647
https://openalex.org/W1979260053
https://openalex.org/W2016547943
https://openalex.org/W2023703153
https://openalex.org/W2074346181
https://openalex.org/W2278307812
https://openalex.org/W2325371501
https://openalex.org/W1986822812
https://openalex.org/W2049704424
https://openalex.org/W2952692609
https://openalex.org/W2033140317
https://openalex.org/W2061240399
https://openalex.org/W2332672520
https://openalex.org/W3023379588
https://openalex.org/W127151945
https://openalex.org/W2022053071
https://openalex.org/W2031730216
https://openalex.org/W2035691108
https://openalex.org/W2097987836
https://openalex.org/W2397833586
https://openalex.org/W2074728189
https://openalex.org/W4294747860
https://openalex.org/W52387065
https://openalex.org/W1971690956
https://openalex.org/W2026798098
https://openalex.org/W2027457014
https://openalex.org/W2057700320
https://openalex.org/W2472220627
https://openalex.org/W410731220
https://openalex.org/W1986446920
https://openalex.org/W2007826628
https://openalex.org/W2030504722
https://openalex.org/W2041778946
https://openalex.org/W2047315914
https://openalex.org/W2018739014
https://openalex.org/W2028040761
https://openalex.org/W2152270813
https://openalex.org/W3192174019
https://openalex.org/W1531526752
https://openalex.org/W2038804541
https://openalex.org/W2038805928
https://openalex.org/W2158000158
https://openalex.org/W2184122348
https://openalex.org/W1507468139
https://openalex.org/W1602047510
https://openalex.org/W2072658307
https://openalex.org/W2073126559
https://openalex.org/W2017505084
https://openalex.org/W2125428905
https://openalex.org/W2949079043
https://openalex.org/W192676014
https://openalex.org/W1987459356
https://openalex.org/W2021106105
https://openalex.org/W2322180121
https://openalex.org/W1975903489
https://openalex.org/W1998643936
https://openalex.org/W2050428512
https://openalex.org/W2054544801
https://openalex.org/W2102938188
https://openalex.org/W2112046086
https://openalex.org/W2381149216
https://openalex.org/W2952737217
https://openalex.org/W3187540255
https://openalex.org/W1001872477
https://openalex.org/W130514703
https://openalex.org/W1986253711
https://openalex.org/W2036203612
https://openalex.org/W2073716190
https://openalex.org/W2081672592
https://openalex.org/W2120819077
https://openalex.org/W2156813676
https://openalex.org/W2185733138
https://openalex.org/W2593184401
https://openalex.org/W2624058326
https://openalex.org/W2730653839
https://openalex.org/W2735675318
https://openalex.org/W2900919048
https://openalex.org/W2901258106
https://openalex.org/W3203467927
https://openalex.org/W115459968
https://openalex.org/W191824117
https://openalex.org/W2031855166
https://openalex.org/W2053522493
https://openalex.org/W2161709571
https://openalex.org/W2225577577
https://openalex.org/W2231080086
https://openalex.org/W2330113194
https://openalex.org/W2339737660
https://openalex.org/W2400074826
https://openalex.org/W2552038780
https://openalex.org/W2587082037
https://openalex.org/W2605949414
https://openalex.org/W2766383834
https://openalex.org/W2769844189
https://openalex.org/W2777862170
https://openalex.org/W2782976433
https://openalex.org/W2793522836
https://openalex.org/W2793562050
https://openalex.org/W2895448856
https://openalex.org/W2895910901
https://openalex.org/W2900205242
https://openalex.org/W2905772236
https://openalex.org/W2929831360
https://openalex.org/W2941404528
https://openalex.org/W2964033411
https://openalex.org/W2967508521
https://openalex.org/W3025527041
https://openalex.org/W945540150
https://openalex.org/W2300688170
https://openalex.org/W2471067063
https://openalex.org/W2743876632
https://openalex.org/W2903558803
https://openalex.org/W2918573975
https://openalex.org/W2923413655
https://openalex.org/W2944574719
https://openalex.org/W2973437582
https://openalex.org/W3090415619
https://openalex.org/W3114840902
https://openalex.org/W3132904475
https://openalex.org/W3176270912
https://openalex.org/W3196675093
https://openalex.org/W4200425520
https://openalex.org/W4206468011
https://openalex.org/W4221006647
https://openalex.org/W4225246080
https://openalex.org/W4280579585
https://openalex.org/W4281610004
https://openalex.org/W4281677475
https://openalex.org/W4281720800
https://openalex.org/W4283159588
https://openalex.org/W4289597508
https://openalex.org/W4291795780
https://openalex.org/W4293250613
https://openalex.org/W4294591814
https://openalex.org/W4294794610
https://openalex.org/W4294862291
https://openalex.org/W4307502945
https://openalex.org/W4307945768
https://openalex.org/W4312115332
https://openalex.org/W1963844153
https://openalex.org/W2010343972
https://openalex.org/W2038565648
https://openalex.org/W2089616020
https://openalex.org/W2951644383
https://openalex.org/W83116205
https://openalex.org/W2022068493
https://openalex.org/W2029780692
https://openalex.org/W2038996352
https://openalex.org/W2048108923
https://openalex.org/W2051633340
https://openalex.org/W2087432449
https://openalex.org/W4242504597
https://openalex.org/W1492113892
https://openalex.org/W2082903786
https://openalex.org/W2144756579
https://openalex.org/W2164302883
https://openalex.org/W1969331683
https://openalex.org/W1981889674
https://openalex.org/W2013960484
https://openalex.org/W2046789296
https://openalex.org/W2414991774
https://openalex.org/W1968064432
https://openalex.org/W2012788451
https://openalex.org/W2029715076
https://openalex.org/W2064458924
https://openalex.org/W2094685120
https://openalex.org/W2320153853
https://openalex.org/W1979520215
https://openalex.org/W2051060873
https://openalex.org/W2053754099
https://openalex.org/W2071190498
https://openalex.org/W113973521
https://openalex.org/W1982754314
https://openalex.org/W1986934123
https://openalex.org/W1997322510
https://openalex.org/W2008642249
https://openalex.org/W2037530594
https://openalex.org/W2043346302
https://openalex.org/W2072496797
https://openalex.org/W2079102005
https://openalex.org/W2084371689
https://openalex.org/W2092285141
https://openalex.org/W1522245575
https://openalex.org/W1967013088
https://openalex.org/W2063676400
https://openalex.org/W2071673212
https://openalex.org/W2073154949
https://openalex.org/W2168570931
https://openalex.org/W2418880324
https://openalex.org/W1952494037
https://openalex.org/W1999865303
https://openalex.org/W2089082212
https://openalex.org/W2089148375
https://openalex.org/W4253581367
https://openalex.org/W2011645879
https://openalex.org/W2019772380
https://openalex.org/W2034871359
https://openalex.org/W2086349137
https://openalex.org/W2146510947
https://openalex.org/W2167428843
https://openalex.org/W1562123442
https://openalex.org/W2000549871
https://openalex.org/W2019790432
https://openalex.org/W2085795140
https://openalex.org/W4289257148
https://openalex.org/W163675534
https://openalex.org/W2105710132
https://openalex.org/W2141717217
https://openalex.org/W3192662823
https://openalex.org/W92640932
https://openalex.org/W2017358691
https://openalex.org/W2022238607
https://openalex.org/W2024001945
https://openalex.org/W2054340512
https://openalex.org/W2058920059
https://openalex.org/W2071822664
https://openalex.org/W2077506804
https://openalex.org/W2093719428
https://openalex.org/W2125113092
https://openalex.org/W2129988645
https://openalex.org/W2155985610
https://openalex.org/W2319280598
https://openalex.org/W2393056760
https://openalex.org/W2588284369
https://openalex.org/W2625594353
https://openalex.org/W2754131989
https://openalex.org/W2790091617
https://openalex.org/W2808014987
https://openalex.org/W28433793
https://openalex.org/W2889995979
https://openalex.org/W2892010726
https://openalex.org/W59813324
https://openalex.org/W1981964271
https://openalex.org/W1982188221
https://openalex.org/W2007569042
https://openalex.org/W2011578060
https://openalex.org/W2096290964
https://openalex.org/W2110682999
https://openalex.org/W2136958826
https://openalex.org/W2201982874
https://openalex.org/W2203182795
https://openalex.org/W2320964901
https://openalex.org/W2395021994
https://openalex.org/W2397078831
https://openalex.org/W2409711439
https://openalex.org/W2488870709
https://openalex.org/W2493474345
https://openalex.org/W2511616359
https://openalex.org/W2529880671
https://openalex.org/W2559464876
https://openalex.org/W2625062127
https://openalex.org/W2705252795
https://openalex.org/W2734902327
https://openalex.org/W2774277384
https://openalex.org/W2781273779
https://openalex.org/W2789278415
https://openalex.org/W2791776889
https://openalex.org/W2807599229
https://openalex.org/W2885798370
https://openalex.org/W2900994009
https://openalex.org/W2923962169
https://openalex.org/W2969857654
https://openalex.org/W2971639923
https://openalex.org/W2980304229
https://openalex.org/W3192931446
https://openalex.org/W4243163126
https://openalex.org/W2172938420
https://openalex.org/W2342629018
https://openalex.org/W2470356001
https://openalex.org/W2546658263
https://openalex.org/W2982057610
https://openalex.org/W3027568587
https://openalex.org/W3082542442
https://openalex.org/W3112743626
https://openalex.org/W2999160662
https://openalex.org/W3003757795
https://openalex.org/W3006790349
https://openalex.org/W3016499049
https://openalex.org/W3027692510
https://openalex.org/W3083935357
https://openalex.org/W3106749874
https://openalex.org/W3171414921
https://openalex.org/W3038467838
https://openalex.org/W3109147223
https://openalex.org/W3119504353
https://openalex.org/W3157389389
https://openalex.org/W3161830988
https://openalex.org/W3195613190
https://openalex.org/W2047880248
https://openalex.org/W2094102834
https://openalex.org/W2279943890
https://openalex.org/W1988641747
https://openalex.org/W2000558485
https://openalex.org/W2016048476
https://openalex.org/W2026986023
https://openalex.org/W2068674334
https://openalex.org/W2150281255
https://openalex.org/W2154147044
https://openalex.org/W2408757046
https://openalex.org/W155641064
https://openalex.org/W1979578123
https://openalex.org/W1987012994
https://openalex.org/W2009761177
https://openalex.org/W2010203997
https://openalex.org/W1972044396
https://openalex.org/W2091695071
https://openalex.org/W2160678909
https://openalex.org/W2331138606
https://openalex.org/W2010580161
https://openalex.org/W2010605983
https://openalex.org/W2051921950
https://openalex.org/W1963567844
https://openalex.org/W2015758740
https://openalex.org/W2051341620
https://openalex.org/W2071050009
https://openalex.org/W2094387969
https://openalex.org/W2322857905
https://openalex.org/W1971403286
https://openalex.org/W2004960464
https://openalex.org/W2064623723
https://openalex.org/W2071542189
https://openalex.org/W2108400009
https://openalex.org/W2043172921
https://openalex.org/W2086419565
https://openalex.org/W2089534978
https://openalex.org/W2331789837
https://openalex.org/W1968258394
https://openalex.org/W1989980622
https://openalex.org/W1991769928
https://openalex.org/W2050279632
https://openalex.org/W2125036975
https://openalex.org/W2016252448
https://openalex.org/W2107851437
https://openalex.org/W2023386177
https://openalex.org/W2113725073
https://openalex.org/W2185214103
https://openalex.org/W1529606238
https://openalex.org/W2089095120
https://openalex.org/W2189196391
https://openalex.org/W2492815495
https://openalex.org/W1964350785
https://openalex.org/W2003236412
https://openalex.org/W2418313115
https://openalex.org/W1952951208
https://openalex.org/W1985682265
https://openalex.org/W1989576374
https://openalex.org/W2025881660
https://openalex.org/W2039030342
https://openalex.org/W2039793308
https://openalex.org/W2062550587
https://openalex.org/W2065897648
https://openalex.org/W2069232063
https://openalex.org/W2071895254
https://openalex.org/W2140128738
https://openalex.org/W2304423272
https://openalex.org/W163117202
https://openalex.org/W1885877543
https://openalex.org/W1996748645
https://openalex.org/W2020403266
https://openalex.org/W2040100844
https://openalex.org/W2047792074
https://openalex.org/W2052096990
https://openalex.org/W2075400089
https://openalex.org/W2086559455
https://openalex.org/W2087546323
https://openalex.org/W2094522350
https://openalex.org/W2107033938
https://openalex.org/W2120514976
https://openalex.org/W2127288997
https://openalex.org/W2140459502
https://openalex.org/W2156058495
https://openalex.org/W2166851483
https://openalex.org/W2267716408
https://openalex.org/W2607130634
https://openalex.org/W2613417684
https://openalex.org/W2737268667
https://openalex.org/W2751108495
https://openalex.org/W2763896609
https://openalex.org/W2800153999
https://openalex.org/W2885276424
https://openalex.org/W2887686353
https://openalex.org/W2901624650
https://openalex.org/W2903274355
https://openalex.org/W2907893289
https://openalex.org/W2915811530
https://openalex.org/W2925295092
https://openalex.org/W2941919249
https://openalex.org/W2953309233
https://openalex.org/W2958186627
https://openalex.org/W2984130799
https://openalex.org/W2997469937
https://openalex.org/W1016652138
https://openalex.org/W1655098680
https://openalex.org/W1827895499
https://openalex.org/W1918199642
https://openalex.org/W2029603457
https://openalex.org/W2045335723
https://openalex.org/W2058981949
https://openalex.org/W2123359903
https://openalex.org/W2123768459
https://openalex.org/W2155370175
https://openalex.org/W2188629038
https://openalex.org/W2268476246
https://openalex.org/W2335450977
https://openalex.org/W2337697908
https://openalex.org/W2400481266
https://openalex.org/W2413940190
https://openalex.org/W2534920278
https://openalex.org/W2536820364
https://openalex.org/W2930802049
https://openalex.org/W2943758642
https://openalex.org/W2992498727
https://openalex.org/W868877231
https://openalex.org/W3005065865
https://openalex.org/W3010995825
https://openalex.org/W3024028586
https://openalex.org/W3029230808
https://openalex.org/W3083373822
https://openalex.org/W3091224216
https://openalex.org/W3105258331
https://openalex.org/W3107570479
https://openalex.org/W3108249695
https://openalex.org/W3108336448
https://openalex.org/W4246290060
https://openalex.org/W3036525123
https://openalex.org/W3118645150
https://openalex.org/W3128390787
https://openalex.org/W3133998286
https://openalex.org/W3159155390
https://openalex.org/W3174420583
https://openalex.org/W3176616755
https://openalex.org/W3181874799
https://openalex.org/W3185230195
https://openalex.org/W3211757239
https://openalex.org/W3217063926
https://openalex.org/W4206918788
https://openalex.org/W4210487628
https://openalex.org/W4214710900
https://openalex.org/W4220774558
https://openalex.org/W4220787114
https://openalex.org/W4225906355
https://openalex.org/W4226036616
https://openalex.org/W4281779251
https://openalex.org/W4283068467
https://openalex.org/W4283075377
https://openalex.org/W4283205856
https://openalex.org/W4291583516
https://openalex.org/W4310006775
https://openalex.org/W4283031824
https://openalex.org/W4308149816
https://openalex.org/W4317434527
https://openalex.org/W4317515502
https://openalex.org/W4317600546
https://openalex.org/W4318686693
https://openalex.org/W4318912165
https://openalex.org/W4320717516
https://openalex.org/W4321487800
https://openalex.org/W4321598273
https://openalex.org/W4322770471
https://openalex.org/W4367680359
https://openalex.org/W4372330479
https://openalex.org/W4379052992
https://openalex.org/W4381328887
https://openalex.org/W4381429151
https://openalex.org/W4381715166
https://openalex.org/W4382196873
https://openalex.org/W4382541799
https://openalex.org/W4383823126
https://openalex.org/W4384257793
https://openalex.org/W4384925029
https://openalex.org/W4385230214
https://openalex.org/W4385462410
https://openalex.org/W4385571408
https://openalex.org/W4385851232
https://openalex.org/W4386471367
https://openalex.org/W4386496923
https://openalex.org/W4386765270
https://openalex.org/W4386930646
https://openalex.org/W4387028969
https://openalex.org/W4387359173
https://openalex.org/W4387609094
https://openalex.org/W4387847328
https://openalex.org/W4388291978
https://openalex.org/W4388639867
https://openalex.org/W4388773397
https://openalex.org/W4388974232
https://openalex.org/W4389804709
https://openalex.org/W4389948741
https://openalex.org/W1983554887
https://openalex.org/W1998897009
https://openalex.org/W2026896605
https://openalex.org/W2064706600
https://openalex.org/W1588051127
https://openalex.org/W1768015712
https://openalex.org/W1990476263
https://openalex.org/W1997517456
https://openalex.org/W2004247460
https://openalex.org/W2036724739
https://openalex.org/W2045043136
https://openalex.org/W2045721362
https://openalex.org/W2003864792
https://openalex.org/W2022403610
https://openalex.org/W2105445556
https://openalex.org/W2122940110
https://openalex.org/W1972499677
https://openalex.org/W1976959987
https://openalex.org/W2417292765
https://openalex.org/W2018755575
https://openalex.org/W2052772617
https://openalex.org/W4248104777
https://openalex.org/W2080863341
https://openalex.org/W377282128
https://openalex.org/W2022532437
https://openalex.org/W2045760762
https://openalex.org/W2124248761
https://openalex.org/W2240414428
https://openalex.org/W1988085765
https://openalex.org/W2044226469
https://openalex.org/W1590251436
https://openalex.org/W1970219122
https://openalex.org/W1988919762
https://openalex.org/W1989514720
https://openalex.org/W2021765993
https://openalex.org/W2080515669
https://openalex.org/W2108517783
https://openalex.org/W2126368580
https://openalex.org/W2139133451
https://openalex.org/W2183243350
https://openalex.org/W2002644212
https://openalex.org/W2020276966
https://openalex.org/W2029045116
https://openalex.org/W2035498287
https://openalex.org/W2061669063
https://openalex.org/W2168039153
https://openalex.org/W2171638676
https://openalex.org/W72265313
https://openalex.org/W1556951561
https://openalex.org/W2077591418
https://openalex.org/W2094649954
https://openalex.org/W2314416825
https://openalex.org/W113095093
https://openalex.org/W1513197823
https://openalex.org/W1930992850
https://openalex.org/W1979697714
https://openalex.org/W2021265502
https://openalex.org/W2035665385
https://openalex.org/W2090099559
https://openalex.org/W2107942567
https://openalex.org/W2409581690
https://openalex.org/W2586587257
https://openalex.org/W2617255373
https://openalex.org/W2740906340
https://openalex.org/W2740931579
https://openalex.org/W2747668683
https://openalex.org/W2790641179
https://openalex.org/W2791714070
https://openalex.org/W2803743791
https://openalex.org/W2804131362
https://openalex.org/W2887747250
https://openalex.org/W37646907
https://openalex.org/W2018175180
https://openalex.org/W203643067
https://openalex.org/W2147945339
https://openalex.org/W2203494240
https://openalex.org/W2426063864
https://openalex.org/W2521337627
https://openalex.org/W2559897943
https://openalex.org/W2625891237
https://openalex.org/W2741816456
https://openalex.org/W2754571137
https://openalex.org/W2755246038
https://openalex.org/W2782885279
https://openalex.org/W2946172424
https://openalex.org/W2973305645
https://openalex.org/W2983233844
https://openalex.org/W2995518396
https://openalex.org/W1975251340
https://openalex.org/W1989592939
https://openalex.org/W2007093503
https://openalex.org/W1977955630
https://openalex.org/W1991364710
https://openalex.org/W2011435289
https://openalex.org/W2072351316
https://openalex.org/W2160809187
https://openalex.org/W1831172932
https://openalex.org/W2111776985
https://openalex.org/W4241195336
https://openalex.org/W2034094015
https://openalex.org/W2080376927
https://openalex.org/W2413300283
https://openalex.org/W1977536396
https://openalex.org/W2021802750
https://openalex.org/W2046388474
https://openalex.org/W2395920367
https://openalex.org/W2409363130
https://openalex.org/W1981274707
https://openalex.org/W1984695322
https://openalex.org/W2059963202
https://openalex.org/W2072680821
https://openalex.org/W1607262593
https://openalex.org/W2004274073
https://openalex.org/W2035858322
https://openalex.org/W1964127167
https://openalex.org/W2024983920
https://openalex.org/W2092120259
https://openalex.org/W2733543435
https://openalex.org/W3121518232
https://openalex.org/W1970109059
https://openalex.org/W1990754623
https://openalex.org/W1995729761
https://openalex.org/W2155905879
https://openalex.org/W2558946296
https://openalex.org/W1590853664
https://openalex.org/W1644154418
https://openalex.org/W2046676672
https://openalex.org/W2058239209
https://openalex.org/W2153487957
https://openalex.org/W2170500458
https://openalex.org/W2463179283
https://openalex.org/W2766402374
https://openalex.org/W2790447197
https://openalex.org/W2803514475
https://openalex.org/W2811623440
https://openalex.org/W2883909026
https://openalex.org/W2904965821
https://openalex.org/W2909609122
https://openalex.org/W37218424
https://openalex.org/W4302769330
https://openalex.org/W43505425
https://openalex.org/W131492442
https://openalex.org/W1664002405
https://openalex.org/W1967629383
https://openalex.org/W1980799186
https://openalex.org/W1996109970
https://openalex.org/W2021804463
https://openalex.org/W2033135584
https://openalex.org/W2056525354
https://openalex.org/W2084753357
https://openalex.org/W2095951966
https://openalex.org/W2152421399
https://openalex.org/W2164932257
https://openalex.org/W2340053095
https://openalex.org/W2400445006
https://openalex.org/W2512843655
https://openalex.org/W2542345348
https://openalex.org/W2566467041
https://openalex.org/W2591034512
https://openalex.org/W2607856370
https://openalex.org/W2610826444
https://openalex.org/W2614205258
https://openalex.org/W2728039212
https://openalex.org/W2741587418
https://openalex.org/W2796802421
https://openalex.org/W2910162526
https://openalex.org/W2911800277
https://openalex.org/W2922468039
https://openalex.org/W2922994864
https://openalex.org/W2940902636
https://openalex.org/W2945203850
https://openalex.org/W2945765431
https://openalex.org/W2978629448
https://openalex.org/W2979714906
https://openalex.org/W2984393881
https://openalex.org/W2986581765
https://openalex.org/W2990119144
https://openalex.org/W3008402997
https://openalex.org/W3010599994
https://openalex.org/W3046745701
https://openalex.org/W3088484262
https://openalex.org/W3094887772
https://openalex.org/W3096394615
https://openalex.org/W4243207094
https://openalex.org/W2342317623
https://openalex.org/W3092303944
https://openalex.org/W3134140869
https://openalex.org/W3153405562
https://openalex.org/W3161557046
https://openalex.org/W3162171353
https://openalex.org/W3164498273
https://openalex.org/W3174846611
https://openalex.org/W3183165526
https://openalex.org/W3200178519
https://openalex.org/W3203984714
https://openalex.org/W3208834156
https://openalex.org/W3210237239
https://openalex.org/W3211971110
https://openalex.org/W39664507
https://openalex.org/W1964563528
https://openalex.org/W1970426430
https://openalex.org/W1979564634
https://openalex.org/W1991213051
https://openalex.org/W1970373594
https://openalex.org/W1970846090
https://openalex.org/W2040845911
https://openalex.org/W2045612860
https://openalex.org/W2090733420
https://openalex.org/W2409283066
https://openalex.org/W2062117627
https://openalex.org/W2079003456
https://openalex.org/W2095775309
https://openalex.org/W2952054410
https://openalex.org/W1982052777
https://openalex.org/W1985677529
https://openalex.org/W2045482122
https://openalex.org/W2048714147
https://openalex.org/W2073518320
https://openalex.org/W2137918910
https://openalex.org/W2024126920
https://openalex.org/W2073182151
https://openalex.org/W1963582851
https://openalex.org/W1973108060
https://openalex.org/W2108845619
https://openalex.org/W2126841222
https://openalex.org/W2330564032
https://openalex.org/W1977809564
https://openalex.org/W1985594023
https://openalex.org/W2074006344
https://openalex.org/W2124695530
https://openalex.org/W2322196860
https://openalex.org/W2023659027
https://openalex.org/W2028046937
https://openalex.org/W2081605694
https://openalex.org/W2189175961
https://openalex.org/W2416865174
https://openalex.org/W32216777
https://openalex.org/W1523717120
https://openalex.org/W2073707151
https://openalex.org/W4211133437
https://openalex.org/W4254959328
https://openalex.org/W192104967
https://openalex.org/W2006630784
https://openalex.org/W2068124018
https://openalex.org/W2197227109
https://openalex.org/W2768078055
https://openalex.org/W2800695261
https://openalex.org/W2806126121
https://openalex.org/W2808849246
https://openalex.org/W2809372995
https://openalex.org/W2898913645
https://openalex.org/W2939869480
https://openalex.org/W4234547287
https://openalex.org/W98220905
https://openalex.org/W18498346
https://openalex.org/W1970697833
https://openalex.org/W1973689497
https://openalex.org/W1981361451
https://openalex.org/W1982030521
https://openalex.org/W1987496889
https://openalex.org/W2023432975
https://openalex.org/W2033791718
https://openalex.org/W2069055712
https://openalex.org/W2069932778
https://openalex.org/W2076189977
https://openalex.org/W2077966774
https://openalex.org/W2081209375
https://openalex.org/W2083239710
https://openalex.org/W2089431301
https://openalex.org/W2102820880
https://openalex.org/W2120916897
https://openalex.org/W2131314489
https://openalex.org/W2152551124
https://openalex.org/W2162563897
https://openalex.org/W2166486488
https://openalex.org/W2328053591
https://openalex.org/W2331604013
https://openalex.org/W2334758386
https://openalex.org/W2403738964
https://openalex.org/W2405189019
https://openalex.org/W2407308493
https://openalex.org/W2413328494
https://openalex.org/W2472086081
https://openalex.org/W2475330872
https://openalex.org/W2511135564
https://openalex.org/W2589504399
https://openalex.org/W2620328954
https://openalex.org/W2620706860
https://openalex.org/W2765954565
https://openalex.org/W2773182483
https://openalex.org/W2773448936
https://openalex.org/W279845709
https://openalex.org/W2914133812
https://openalex.org/W2938261814
https://openalex.org/W2944520936
https://openalex.org/W2945095651
https://openalex.org/W2964197507
https://openalex.org/W2972648786
https://openalex.org/W2985502981
https://openalex.org/W2985686024
https://openalex.org/W2995343155
https://openalex.org/W3005524663
https://openalex.org/W3019159620
https://openalex.org/W3033522216
https://openalex.org/W3080295280
https://openalex.org/W3080483636
https://openalex.org/W3082823791
https://openalex.org/W3083446376
https://openalex.org/W3091542114
https://openalex.org/W3110227739
https://openalex.org/W41696554
https://openalex.org/W8396662
https://openalex.org/W1995528733
https://openalex.org/W3125140358
https://openalex.org/W3130483683
https://openalex.org/W3131657164
https://openalex.org/W3168469407
https://openalex.org/W3171960212
https://openalex.org/W3185410888
https://openalex.org/W3193711693
https://openalex.org/W3212455646
https://openalex.org/W4225776302
https://openalex.org/W3204193742
https://openalex.org/W3215107522
https://openalex.org/W4210625140
https://openalex.org/W4223433636
https://openalex.org/W4224032311
https://openalex.org/W4224225197
https://openalex.org/W4225090093
https://openalex.org/W4281746320
https://openalex.org/W4283315035
https://openalex.org/W4284975997
https://openalex.org/W4289517567
https://openalex.org/W4293237530
https://openalex.org/W4295717569
https://openalex.org/W4297154339
https://openalex.org/W4304471421
https://openalex.org/W1981979455
https://openalex.org/W2007375961
https://openalex.org/W2010349969
https://openalex.org/W2064580889
https://openalex.org/W2115518250
https://openalex.org/W3126664123
https://openalex.org/W1528282342
https://openalex.org/W1979971338
https://openalex.org/W2090234994
https://openalex.org/W2093379824
https://openalex.org/W2464921651
https://openalex.org/W2950779748
https://openalex.org/W1970607877
https://openalex.org/W1989931448
https://openalex.org/W2034820006
https://openalex.org/W2056139766
https://openalex.org/W2114855290
https://openalex.org/W1970414064
https://openalex.org/W1974170114
https://openalex.org/W2012407884
https://openalex.org/W2139616242
https://openalex.org/W1592411445
https://openalex.org/W2425125641
https://openalex.org/W1513630496
https://openalex.org/W2093722544
https://openalex.org/W2137866078
https://openalex.org/W2150387338
https://openalex.org/W2315862192
https://openalex.org/W2039170336
https://openalex.org/W2041192362
https://openalex.org/W2117662614
https://openalex.org/W2142465091
https://openalex.org/W14674088
https://openalex.org/W1511185396
https://openalex.org/W2025161741
https://openalex.org/W2103196215
https://openalex.org/W294235701
https://openalex.org/W1504216796
https://openalex.org/W1537777269
https://openalex.org/W1596119796
https://openalex.org/W1789658864
https://openalex.org/W1979530020
https://openalex.org/W1998743293
https://openalex.org/W2123565829
https://openalex.org/W2172858629
https://openalex.org/W2469740948
https://openalex.org/W2787517542
https://openalex.org/W2803512354
https://openalex.org/W2838789609
https://openalex.org/W2886303295
https://openalex.org/W2892140690
https://openalex.org/W2906721441
https://openalex.org/W1547256385
https://openalex.org/W1983633476
https://openalex.org/W1993035718
https://openalex.org/W1996801782
https://openalex.org/W1997137581
https://openalex.org/W2011827420
https://openalex.org/W2019801267
https://openalex.org/W2033581102
https://openalex.org/W2098334902
https://openalex.org/W2099558938
https://openalex.org/W2106196847
https://openalex.org/W2131928826
https://openalex.org/W2162612284
https://openalex.org/W2180607213
https://openalex.org/W2234860377
https://openalex.org/W227126192
https://openalex.org/W2283809374
https://openalex.org/W2333308268
https://openalex.org/W2504532795
https://openalex.org/W2553672483
https://openalex.org/W2618395954
https://openalex.org/W2685902092
https://openalex.org/W2729229022
https://openalex.org/W2743270092
https://openalex.org/W2746812940
https://openalex.org/W2766027582
https://openalex.org/W2770240082
https://openalex.org/W3005380262
https://openalex.org/W3011131571
https://openalex.org/W3016678926
https://openalex.org/W3026447119
https://openalex.org/W3037473632
https://openalex.org/W3037641965
https://openalex.org/W3040984481
https://openalex.org/W3041417429
https://openalex.org/W3043981951
https://openalex.org/W3083105756
https://openalex.org/W3097732396
https://openalex.org/W3111595880
https://openalex.org/W3215013838
https://openalex.org/W4238741141
https://openalex.org/W107396294
https://openalex.org/W1975653990
https://openalex.org/W2086493811
https://openalex.org/W2093674572
https://openalex.org/W1585951256
https://openalex.org/W191375499
https://openalex.org/W2003778985
https://openalex.org/W1539524500
https://openalex.org/W1996614506
https://openalex.org/W2026809589
https://openalex.org/W2035900195
https://openalex.org/W2046404830
https://openalex.org/W55767073
https://openalex.org/W2511962173
https://openalex.org/W1996663806
https://openalex.org/W2006965490
https://openalex.org/W2067353232
https://openalex.org/W2413925347
https://openalex.org/W2418779245
https://openalex.org/W1981493482
https://openalex.org/W2027471614
https://openalex.org/W2066843318
https://openalex.org/W2950665160
https://openalex.org/W183887745
https://openalex.org/W2073408259
https://openalex.org/W2077034766
https://openalex.org/W2109014519
https://openalex.org/W95135104
https://openalex.org/W99670249
https://openalex.org/W1976931737
https://openalex.org/W1979645842
https://openalex.org/W2010984435
https://openalex.org/W2037719473
https://openalex.org/W2075970841
https://openalex.org/W2082493845
https://openalex.org/W2109222082
https://openalex.org/W2402847401
https://openalex.org/W2790538596
https://openalex.org/W2889812807
https://openalex.org/W2901800358
https://openalex.org/W2923001142
https://openalex.org/W2935663517
https://openalex.org/W2937370408
https://openalex.org/W2949156608
https://openalex.org/W2951100898
https://openalex.org/W2956618790
https://openalex.org/W2963767314
https://openalex.org/W2970462493
https://openalex.org/W608649153
https://openalex.org/W73229175
https://openalex.org/W1616748962
https://openalex.org/W1964260955
https://openalex.org/W1999649389
https://openalex.org/W2049312585
https://openalex.org/W2073853883
https://openalex.org/W213271188
https://openalex.org/W2256876074
https://openalex.org/W2276867254
https://openalex.org/W2401197414
https://openalex.org/W2410433557
https://openalex.org/W2411537311
https://openalex.org/W2522737374
https://openalex.org/W2541411170
https://openalex.org/W2566233864
https://openalex.org/W2623025834
https://openalex.org/W3048905813
https://openalex.org/W3108363509
https://openalex.org/W3127842930
https://openalex.org/W3138417414
https://openalex.org/W3139054667
https://openalex.org/W3139064548
https://openalex.org/W3176450419
https://openalex.org/W3189928586
https://openalex.org/W3194085509
https://openalex.org/W3195569907
https://openalex.org/W3202878028
https://openalex.org/W3210259910
https://openalex.org/W4206645002
https://openalex.org/W966786064
https://openalex.org/W2015884802
https://openalex.org/W2057194624
https://openalex.org/W2323429573
https://openalex.org/W1739809751
https://openalex.org/W1971030770
https://openalex.org/W1978322779
https://openalex.org/W1990859667
https://openalex.org/W2002408367
https://openalex.org/W2107858795
https://openalex.org/W2397236347
https://openalex.org/W4253343109
https://openalex.org/W2047221580
https://openalex.org/W2052571760
https://openalex.org/W1986547162
https://openalex.org/W2004163447
https://openalex.org/W2152854939
https://openalex.org/W1766610430
https://openalex.org/W2110090447
https://openalex.org/W2006130521
https://openalex.org/W2081772269
https://openalex.org/W2151296614
https://openalex.org/W2203060559
https://openalex.org/W2278365937
https://openalex.org/W2085927988
https://openalex.org/W2461770696
https://openalex.org/W1585751975
https://openalex.org/W1827485137
https://openalex.org/W2006485141
https://openalex.org/W2079225233
https://openalex.org/W2117738115
https://openalex.org/W2416749817
https://openalex.org/W700322
https://openalex.org/W112158800
https://openalex.org/W1536230217
https://openalex.org/W18024098
https://openalex.org/W1856170143
https://openalex.org/W1980865709
https://openalex.org/W1985651241
https://openalex.org/W2045547831
https://openalex.org/W2055839195
https://openalex.org/W2083263253
https://openalex.org/W2103324340
https://openalex.org/W2213532889
https://openalex.org/W2242165256
https://openalex.org/W2277238679
https://openalex.org/W2321138799
https://openalex.org/W2398514689
https://openalex.org/W2408992189
https://openalex.org/W2581390583
https://openalex.org/W2616670174
https://openalex.org/W2810235785
https://openalex.org/W2900992548
https://openalex.org/W2934611024
https://openalex.org/W2945163540
https://openalex.org/W2946118331
https://openalex.org/W2953900489
https://openalex.org/W2957799315
https://openalex.org/W2970415046
https://openalex.org/W2972523060
https://openalex.org/W2972845400
https://openalex.org/W2976886653
https://openalex.org/W2978919783
https://openalex.org/W2980188105
https://openalex.org/W2984059255
https://openalex.org/W2998044271
https://openalex.org/W2998332930
https://openalex.org/W2998963994
https://openalex.org/W3002105432
https://openalex.org/W3004235501
https://openalex.org/W3009063524
https://openalex.org/W3024224101
https://openalex.org/W3032079267
https://openalex.org/W3035539947
https://openalex.org/W3082710776
https://openalex.org/W3087098376
https://openalex.org/W3091952891
https://openalex.org/W3110441040
https://openalex.org/W3111367335
https://openalex.org/W4249642163
https://openalex.org/W50071543
https://openalex.org/W1659065054
https://openalex.org/W1974708923
https://openalex.org/W2129641761
https://openalex.org/W2212551115
https://openalex.org/W2266598882
https://openalex.org/W2280359689
https://openalex.org/W2297998333
https://openalex.org/W2434364879
https://openalex.org/W2467560069
https://openalex.org/W2549424235
https://openalex.org/W3187919031
https://openalex.org/W6945479
https://openalex.org/W2049719355
https://openalex.org/W4200542302
https://openalex.org/W4210555441
https://openalex.org/W4211256094
https://openalex.org/W4214854910
https://openalex.org/W4225404487
https://openalex.org/W4225718833
https://openalex.org/W4283010047
https://openalex.org/W4283029787
https://openalex.org/W4283329961
https://openalex.org/W4289687995
https://openalex.org/W4296619104
https://openalex.org/W4307715173
https://openalex.org/W4308552611
https://openalex.org/W4309729740
https://openalex.org/W4311418948
https://openalex.org/W4311441915
https://openalex.org/W4312089115
https://openalex.org/W4312398179
https://openalex.org/W2008031785
https://openalex.org/W2058396767
https://openalex.org/W2064037344
https://openalex.org/W2106110409
https://openalex.org/W2150151193
https://openalex.org/W2750408123
https://openalex.org/W1551965011
https://openalex.org/W2014700534
https://openalex.org/W1492034318
https://openalex.org/W1970609686
https://openalex.org/W1978276324
https://openalex.org/W2092916650
https://openalex.org/W4234861060
https://openalex.org/W2018018017
https://openalex.org/W2018586202
https://openalex.org/W2041721373
https://openalex.org/W2050079792
https://openalex.org/W2081079721
https://openalex.org/W2079153273
https://openalex.org/W2162645459
https://openalex.org/W2416709990
https://openalex.org/W2036030507
https://openalex.org/W2009834702
https://openalex.org/W2013056251
https://openalex.org/W2055479611
https://openalex.org/W206744879
https://openalex.org/W2075560876
https://openalex.org/W2093652768
https://openalex.org/W2133637503
https://openalex.org/W4214641577
https://openalex.org/W4229603478
https://openalex.org/W12318432
https://openalex.org/W1530239706
https://openalex.org/W1685266699
https://openalex.org/W1968720720
https://openalex.org/W1970458183
https://openalex.org/W1972086476
https://openalex.org/W1975986480
https://openalex.org/W1984278640
https://openalex.org/W1990896842
https://openalex.org/W1993360966
https://openalex.org/W2012813712
https://openalex.org/W2053056609
https://openalex.org/W2065574469
https://openalex.org/W2067201749
https://openalex.org/W2082129823
https://openalex.org/W2105552213
https://openalex.org/W2123292935
https://openalex.org/W2316878729
https://openalex.org/W2317648879
https://openalex.org/W2396159485
https://openalex.org/W2402033699
https://openalex.org/W2426201976
https://openalex.org/W2726040515
https://openalex.org/W3140431432
https://openalex.org/W3192047760
https://openalex.org/W3204703074
https://openalex.org/W4234810522
https://openalex.org/W4241711770
https://openalex.org/W648627240
https://openalex.org/W65898377
https://openalex.org/W1965745328
https://openalex.org/W1971946835
https://openalex.org/W1979443284
https://openalex.org/W2000592817
https://openalex.org/W2045029231
https://openalex.org/W2118856922
https://openalex.org/W2201078035
https://openalex.org/W2321598255
https://openalex.org/W2417637971
https://openalex.org/W1996247871
https://openalex.org/W2009604909
https://openalex.org/W1993640161
https://openalex.org/W1999670943
https://openalex.org/W2047098544
https://openalex.org/W2086898985
https://openalex.org/W2396584419
https://openalex.org/W2416166513
https://openalex.org/W2416714257
https://openalex.org/W1985497902
https://openalex.org/W242880335
https://openalex.org/W4251487494
https://openalex.org/W1984265451
https://openalex.org/W1987974520
https://openalex.org/W2075724299
https://openalex.org/W2089592043
https://openalex.org/W2524661340
https://openalex.org/W2589745593
https://openalex.org/W1963847672
https://openalex.org/W2037644864
https://openalex.org/W2069438861
https://openalex.org/W2161521273
https://openalex.org/W19732162
https://openalex.org/W2052462817
https://openalex.org/W2054251723
https://openalex.org/W2078155950
https://openalex.org/W2404363875
https://openalex.org/W2530738523
https://openalex.org/W2531827628
https://openalex.org/W2560727634
https://openalex.org/W2582225453
https://openalex.org/W2600228854
https://openalex.org/W2600236228
https://openalex.org/W2601414582
https://openalex.org/W2602807300
https://openalex.org/W2751677408
https://openalex.org/W2753408545
https://openalex.org/W2765659313
https://openalex.org/W2768632557
https://openalex.org/W2769799884
https://openalex.org/W2771348210
https://openalex.org/W2773546128
https://openalex.org/W2782986453
https://openalex.org/W2785296703
https://openalex.org/W2793700147
https://openalex.org/W2806160928
https://openalex.org/W2810480705
https://openalex.org/W2892208258
https://openalex.org/W2898792396
https://openalex.org/W2899649730
https://openalex.org/W2962834116
https://openalex.org/W2974407448
https://openalex.org/W2977438006
https://openalex.org/W2987657274
https://openalex.org/W2995999216
https://openalex.org/W2997614760
https://openalex.org/W2999185263
https://openalex.org/W3000104779
https://openalex.org/W3002072964
https://openalex.org/W3005817028
https://openalex.org/W3013504566
https://openalex.org/W3028168143
https://openalex.org/W3029584965
https://openalex.org/W3032194122
https://openalex.org/W3042273463
https://openalex.org/W3046275759
https://openalex.org/W3083411390
https://openalex.org/W3091850228
https://openalex.org/W3093108880
https://openalex.org/W3093997589
https://openalex.org/W3110448934
https://openalex.org/W3118665418
https://openalex.org/W3127618849
https://openalex.org/W3128823673
https://openalex.org/W3130238071
https://openalex.org/W3130685070
https://openalex.org/W3135337461
https://openalex.org/W3136060460
https://openalex.org/W3141407143
https://openalex.org/W3152840563
https://openalex.org/W3154918540
https://openalex.org/W3158062944
https://openalex.org/W3159845294
https://openalex.org/W3165097600
https://openalex.org/W3179534119
https://openalex.org/W3194549540
https://openalex.org/W3201778193
https://openalex.org/W3217141528
https://openalex.org/W4200097229
https://openalex.org/W4200302661
https://openalex.org/W4230437269
https://openalex.org/W4250123106
https://openalex.org/W6318708
https://openalex.org/W2303937872
https://openalex.org/W2340918169
https://openalex.org/W2418977188
https://openalex.org/W2536418024
https://openalex.org/W2536963320
https://openalex.org/W2548979492
https://openalex.org/W2557807303
https://openalex.org/W2729840568
https://openalex.org/W4361878895
https://openalex.org/W4361879009
https://openalex.org/W4361879178
https://openalex.org/W4361879290
https://openalex.org/W4361942403
https://openalex.org/W4361948096
https://openalex.org/W4362424874
https://openalex.org/W4362424904
https://openalex.org/W4362424909
https://openalex.org/W4362424933
https://openalex.org/W4387962169
https://openalex.org/W4389234526
https://openalex.org/W4389726522
https://openalex.org/W1994834535
https://openalex.org/W2022653269
https://openalex.org/W2028802762
https://openalex.org/W2036911453
https://openalex.org/W2128086423
https://openalex.org/W2409438444
https://openalex.org/W2416306487
https://openalex.org/W1999523418
https://openalex.org/W2080002686
https://openalex.org/W1513727595
https://openalex.org/W1971789744
https://openalex.org/W2062932794
https://openalex.org/W2064892434
https://openalex.org/W2106101204
https://openalex.org/W1968601777
https://openalex.org/W2021204205
https://openalex.org/W2085618793
https://openalex.org/W2001191289
https://openalex.org/W2083257661
https://openalex.org/W2321497062
https://openalex.org/W2408639205
https://openalex.org/W35517577
https://openalex.org/W4241465318
https://openalex.org/W1514378343
https://openalex.org/W1582793355
https://openalex.org/W1973558501
https://openalex.org/W1985262624
https://openalex.org/W2014540423
https://openalex.org/W2182867425
https://openalex.org/W2188542077
https://openalex.org/W2234343632
https://openalex.org/W135783113
https://openalex.org/W1602715931
https://openalex.org/W1733624383
https://openalex.org/W1964880677
https://openalex.org/W1982315983
https://openalex.org/W1992229331
https://openalex.org/W2000063186
https://openalex.org/W2017085976
https://openalex.org/W2021686250
https://openalex.org/W2024809165
https://openalex.org/W2031309025
https://openalex.org/W2036355159
https://openalex.org/W2041553685
https://openalex.org/W2047102787
https://openalex.org/W2051702216
https://openalex.org/W2065516718
https://openalex.org/W2088423373
https://openalex.org/W2094623048
https://openalex.org/W2111136480
https://openalex.org/W2123540589
https://openalex.org/W2128632319
https://openalex.org/W2138582684
https://openalex.org/W2143541065
https://openalex.org/W2187598102
https://openalex.org/W2189453770
https://openalex.org/W2264332517
https://openalex.org/W2279720598
https://openalex.org/W2293583172
https://openalex.org/W2304592440
https://openalex.org/W2314064019
https://openalex.org/W2315084009
https://openalex.org/W2318837168
https://openalex.org/W2322282032
https://openalex.org/W2397063145
https://openalex.org/W2416473512
https://openalex.org/W2416517421
https://openalex.org/W2477739605
https://openalex.org/W2486669807
https://openalex.org/W2504415817
https://openalex.org/W2522005556
https://openalex.org/W2596793847
https://openalex.org/W2086790291
https://openalex.org/W4296501068
https://openalex.org/W4304944244
https://openalex.org/W4307816468
https://openalex.org/W4313313108
https://openalex.org/W4313417250
https://openalex.org/W4313555852
https://openalex.org/W4313609000
https://openalex.org/W4316126300
https://openalex.org/W4317738316
https://openalex.org/W4317895237
https://openalex.org/W4319047163
https://openalex.org/W4319231513
https://openalex.org/W4319303840
https://openalex.org/W4319312033
https://openalex.org/W4319455887
https://openalex.org/W4319792195
https://openalex.org/W4320483475
https://openalex.org/W4321181674
https://openalex.org/W4321478543
https://openalex.org/W4321650236
https://openalex.org/W4321854126
https://openalex.org/W4322216856
https://openalex.org/W4322730834
https://openalex.org/W4327496721
https://openalex.org/W4361006891
https://openalex.org/W4361027446
https://openalex.org/W4361028025
https://openalex.org/W4361791684
https://openalex.org/W4361824512
https://openalex.org/W4361877008
https://openalex.org/W4361877087
https://openalex.org/W4361877094
https://openalex.org/W4361877100
https://openalex.org/W4361877217
https://openalex.org/W4361877224
https://openalex.org/W4361877258
https://openalex.org/W4361890646
https://openalex.org/W4361940005
https://openalex.org/W4361947543
https://openalex.org/W4361956845
https://openalex.org/W4362353996
https://openalex.org/W4362422772
https://openalex.org/W4362422955
https://openalex.org/W4362422956
https://openalex.org/W4362423046
https://openalex.org/W4362423054
https://openalex.org/W4362423089
https://openalex.org/W4362423101
https://openalex.org/W4362423202
https://openalex.org/W4362423286
https://openalex.org/W4362446401
https://openalex.org/W4362557934
https://openalex.org/W4362731115
https://openalex.org/W4363675373
https://openalex.org/W4365136363
https://openalex.org/W4366083912
https://openalex.org/W4366089598
https://openalex.org/W4366463254
https://openalex.org/W4366782261
https://openalex.org/W4367673166
https://openalex.org/W4367836062
https://openalex.org/W4368248006
https://openalex.org/W4372214943
https://openalex.org/W4372260047
https://openalex.org/W4375955166
https://openalex.org/W4376109108
https://openalex.org/W4376653043
https://openalex.org/W4377003777
https://openalex.org/W4377371584
https://openalex.org/W4377968095
https://openalex.org/W4378379003
https://openalex.org/W4378625707
https://openalex.org/W4378695319
https://openalex.org/W4378843707
https://openalex.org/W4378982024
https://openalex.org/W4379032466
https://openalex.org/W4379134842
https://openalex.org/W4379282146
https://openalex.org/W4379334095
https://openalex.org/W4379742654
https://openalex.org/W4380264682
https://openalex.org/W4380422296
https://openalex.org/W4380994339
https://openalex.org/W4381620541
https://openalex.org/W4381620669
https://openalex.org/W4381950387
https://openalex.org/W4382514942
https://openalex.org/W4383108658
https://openalex.org/W4383180620
https://openalex.org/W4383186233
https://openalex.org/W4383421130
https://openalex.org/W4383552506
https://openalex.org/W4383998951
https://openalex.org/W4384154318
https://openalex.org/W4384297787
https://openalex.org/W4384648425
https://openalex.org/W4384664647
https://openalex.org/W4385188148
https://openalex.org/W4385220720
https://openalex.org/W4385222508
https://openalex.org/W4385223430
https://openalex.org/W4385306922
https://openalex.org/W4385330424
https://openalex.org/W4385355495
https://openalex.org/W4385520766
https://openalex.org/W4385569812
https://openalex.org/W4385571019
https://openalex.org/W4385779630
https://openalex.org/W4385830593
https://openalex.org/W4386034264
https://openalex.org/W4386034290
https://openalex.org/W4386034313
https://openalex.org/W4386034351
https://openalex.org/W4386048785
https://openalex.org/W4386185197
https://openalex.org/W4386244013
https://openalex.org/W4386377298
https://openalex.org/W4386423273
https://openalex.org/W4386475481
https://openalex.org/W4386529580
https://openalex.org/W4386566457
https://openalex.org/W4386568907
https://openalex.org/W4386726240
https://openalex.org/W4386760998
https://openalex.org/W4386886997
https://openalex.org/W4386932706
https://openalex.org/W4387028966
https://openalex.org/W4387115835
https://openalex.org/W4387171433
https://openalex.org/W4387269016
https://openalex.org/W4387361953
https://openalex.org/W4387408908
https://openalex.org/W4387472293
https://openalex.org/W4387542068
https://openalex.org/W4387670894
https://openalex.org/W4387710447
https://openalex.org/W4387734871
https://openalex.org/W4387746832
https://openalex.org/W4387995359
https://openalex.org/W4388014234
https://openalex.org/W4388014692
https://openalex.org/W4388044976
https://openalex.org/W4388196190
https://openalex.org/W4388288978
https://openalex.org/W4388455049
https://openalex.org/W4388509244
https://openalex.org/W4388520270
https://openalex.org/W4388522861
https://openalex.org/W4388535148
https://openalex.org/W4388652800
https://openalex.org/W4388672413
https://openalex.org/W4388673599
https://openalex.org/W4388673895
https://openalex.org/W4388673957
https://openalex.org/W4388673969
https://openalex.org/W4388674074
https://openalex.org/W4388724279
https://openalex.org/W4388861713
https://openalex.org/W4388861942
https://openalex.org/W4388861961
https://openalex.org/W4388862134
https://openalex.org/W4388865342
https://openalex.org/W4388865401
https://openalex.org/W4388865746
https://openalex.org/W4388865871
https://openalex.org/W4388865939
https://openalex.org/W4388865940
https://openalex.org/W4388869699
https://openalex.org/W4388960922
https://openalex.org/W4388969606
https://openalex.org/W4388999600
https://openalex.org/W4389035484
https://openalex.org/W4389035511
https://openalex.org/W4389047805
https://openalex.org/W4389048014
https://openalex.org/W4389057476
https://openalex.org/W4389057492
https://openalex.org/W4389057616
https://openalex.org/W4389057696
https://openalex.org/W4389090932
https://openalex.org/W4389101328
https://openalex.org/W4389164408
https://openalex.org/W4389221202
https://openalex.org/W4389232180
https://openalex.org/W4389238737
https://openalex.org/W4389243216
https://openalex.org/W4389303431
https://openalex.org/W4389317976
https://openalex.org/W4389348837
https://openalex.org/W4389443586
https://openalex.org/W4389523036
https://openalex.org/W4389727894
https://openalex.org/W4389994760
https://openalex.org/W4390106814
https://openalex.org/W4390109780
https://openalex.org/W4390192212
https://openalex.org/W4390199023
https://openalex.org/W4390224793
https://openalex.org/W4390264339
https://openalex.org/W4390592611
https://openalex.org/W4391039212
https://openalex.org/W4391224520
https://openalex.org/W4391422745
https://openalex.org/W4391422991
https://openalex.org/W4391937744
https://openalex.org/W4392685555
https://openalex.org/W4393380149
https://openalex.org/W4393422580
https://openalex.org/W4393606079
https://openalex.org/W4394047083
https://openalex.org/W2004618006
https://openalex.org/W2034420843
https://openalex.org/W2039974784
https://openalex.org/W2041501507
https://openalex.org/W2055926266
https://openalex.org/W2070434924
https://openalex.org/W2076064453
https://openalex.org/W2207086252
https://openalex.org/W2317080928
https://openalex.org/W1479717700
https://openalex.org/W2294367859
https://openalex.org/W2143680636
https://openalex.org/W117212741
https://openalex.org/W1965092310
https://openalex.org/W1980993605
https://openalex.org/W1989214112
https://openalex.org/W2001844272
https://openalex.org/W2026570286
https://openalex.org/W2033350461
https://openalex.org/W207764549
https://openalex.org/W2090217678
https://openalex.org/W2133288374
https://openalex.org/W2411718021
https://openalex.org/W147026510
https://openalex.org/W1533815572
https://openalex.org/W1787071328
https://openalex.org/W1816336935
https://openalex.org/W1936171137
https://openalex.org/W2065462904
https://openalex.org/W2067203575
https://openalex.org/W2079564268
https://openalex.org/W2099243014
https://openalex.org/W2126129860
https://openalex.org/W2410154422
https://openalex.org/W2411489064
https://openalex.org/W2571670844
https://openalex.org/W2589112872
https://openalex.org/W2594188347
https://openalex.org/W2620582186
https://openalex.org/W2625487838
https://openalex.org/W2750732050
https://openalex.org/W2890501719
https://openalex.org/W2025698337
https://openalex.org/W2101773129
https://openalex.org/W2115551649
https://openalex.org/W2732727853
https://openalex.org/W1516277765
https://openalex.org/W1988159682
https://openalex.org/W2031244499
https://openalex.org/W2065947151
https://openalex.org/W2088926387
https://openalex.org/W2411500299
https://openalex.org/W2412758344
https://openalex.org/W2591152276
https://openalex.org/W2624672714
https://openalex.org/W324792107
https://openalex.org/W1588022068
https://openalex.org/W195433825
https://openalex.org/W1963714569
https://openalex.org/W2005648609
https://openalex.org/W2111804333
https://openalex.org/W2349940513
https://openalex.org/W2588765237
https://openalex.org/W2792431491
https://openalex.org/W2798125314
https://openalex.org/W2800944939
https://openalex.org/W2805881058
https://openalex.org/W2806897166
https://openalex.org/W2884523783
https://openalex.org/W2895314579
https://openalex.org/W2895977288
https://openalex.org/W2897962550
https://openalex.org/W2905288481
https://openalex.org/W2907559194
https://openalex.org/W2908447279
https://openalex.org/W2925266865
https://openalex.org/W2930612842
https://openalex.org/W2940665775
https://openalex.org/W2942960377
https://openalex.org/W2966201944
https://openalex.org/W2969971220
https://openalex.org/W2973423209
https://openalex.org/W2976012286
https://openalex.org/W2977704151
https://openalex.org/W2981962153
https://openalex.org/W2982477005
https://openalex.org/W2989060184
https://openalex.org/W3003344025
https://openalex.org/W3005512666
https://openalex.org/W3006891636
https://openalex.org/W3008439944
https://openalex.org/W3013938161
https://openalex.org/W3018120959
https://openalex.org/W3027746107
https://openalex.org/W3045569596
https://openalex.org/W3046385877
https://openalex.org/W3046768549
https://openalex.org/W3048569012
https://openalex.org/W3050816520
https://openalex.org/W3081047651
https://openalex.org/W3087270124
https://openalex.org/W3087390603
https://openalex.org/W3093331087
https://openalex.org/W3094080232
https://openalex.org/W3111468087
https://openalex.org/W3111993007
https://openalex.org/W3112581811
https://openalex.org/W3118798720
https://openalex.org/W3130962473
https://openalex.org/W3135909457
https://openalex.org/W3137059228
https://openalex.org/W3149943366
https://openalex.org/W3155230453
https://openalex.org/W3158602701
https://openalex.org/W3161719808
https://openalex.org/W3166646790
https://openalex.org/W3166709891
https://openalex.org/W3171488456
https://openalex.org/W3172021072
https://openalex.org/W3172035677
https://openalex.org/W3172457609
https://openalex.org/W3175354911
https://openalex.org/W3176074600
https://openalex.org/W3176977728
https://openalex.org/W3182594257
https://openalex.org/W3190479838
https://openalex.org/W3195094225
https://openalex.org/W3201201395
https://openalex.org/W3202866798
https://openalex.org/W3203033383
https://openalex.org/W3203124748
https://openalex.org/W3203680633
https://openalex.org/W3204081392
https://openalex.org/W3213013851
https://openalex.org/W4200020838
https://openalex.org/W4200522864
https://openalex.org/W4200563117
https://openalex.org/W4205431077
https://openalex.org/W4230149602
https://openalex.org/W4236840383
https://openalex.org/W4242424380
https://openalex.org/W4249626951
https://openalex.org/W4253996730
https://openalex.org/W2317778189
https://openalex.org/W2321986102
https://openalex.org/W2333938869
https://openalex.org/W2342854832
https://openalex.org/W2482323478
https://openalex.org/W2496326713
https://openalex.org/W2507845022
https://openalex.org/W2519935214
https://openalex.org/W2528494681
https://openalex.org/W2559485597
https://openalex.org/W2587881963
https://openalex.org/W4210677436
https://openalex.org/W4220661142
https://openalex.org/W4220952329
https://openalex.org/W4220957106
https://openalex.org/W4220991440
https://openalex.org/W4224297629
https://openalex.org/W4226188793
https://openalex.org/W4281611450
https://openalex.org/W4281885220
https://openalex.org/W4282919612
https://openalex.org/W4283833102
https://openalex.org/W4285084362
https://openalex.org/W4285233704
https://openalex.org/W4285595747
https://openalex.org/W4288081075
https://openalex.org/W4289967138
https://openalex.org/W4290772136
https://openalex.org/W4291511911
https://openalex.org/W4293237389
https://openalex.org/W4294970540
https://openalex.org/W4295136229
https://openalex.org/W4295197070
https://openalex.org/W4295227493
https://openalex.org/W4297996245
https://openalex.org/W4306160812
https://openalex.org/W4307965105
https://openalex.org/W4309012697
https://openalex.org/W4310342553
https://openalex.org/W4312088553
https://openalex.org/W4312360333
https://openalex.org/W4312531839
https://openalex.org/W4385572709
https://openalex.org/W177293446
https://openalex.org/W1964228229
https://openalex.org/W1995149842
https://openalex.org/W1996851366
https://openalex.org/W2039688184
https://openalex.org/W2081649652
https://openalex.org/W2599446369
https://openalex.org/W47051219
https://openalex.org/W1984861141
https://openalex.org/W2084664671
https://openalex.org/W2172185733
https://openalex.org/W2478186465
https://openalex.org/W2987473098
https://openalex.org/W4232899316
https://openalex.org/W2058759370
https://openalex.org/W1976203970
https://openalex.org/W2156970840
https://openalex.org/W2396091498
https://openalex.org/W2625910379
https://openalex.org/W1135124840
https://openalex.org/W1527822901
https://openalex.org/W1600438871
https://openalex.org/W1631656631
https://openalex.org/W1799307569
https://openalex.org/W1831348798
https://openalex.org/W1840081445
https://openalex.org/W1876979324
https://openalex.org/W1898998121
https://openalex.org/W19188254
https://openalex.org/W1951738469
https://openalex.org/W1964821617
https://openalex.org/W1965189318
https://openalex.org/W1967520867
https://openalex.org/W1978359477
https://openalex.org/W1980356039
https://openalex.org/W2009012525
https://openalex.org/W2017155419
https://openalex.org/W2019632901
https://openalex.org/W2021998545
https://openalex.org/W2028431519
https://openalex.org/W2032214300
https://openalex.org/W2036690039
https://openalex.org/W2056209938
https://openalex.org/W2056748603
https://openalex.org/W2056869652
https://openalex.org/W2066965342
https://openalex.org/W2096296238
https://openalex.org/W2103431236
https://openalex.org/W2108078743
https://openalex.org/W2120415270
https://openalex.org/W2139500991
https://openalex.org/W2140112322
https://openalex.org/W2173893952
https://openalex.org/W2263612659
https://openalex.org/W2313461330
https://openalex.org/W2314590896
https://openalex.org/W2324698419
https://openalex.org/W2327889047
https://openalex.org/W2329593536
https://openalex.org/W2395642053
https://openalex.org/W2409486310
https://openalex.org/W2490271029
https://openalex.org/W2538719484
https://openalex.org/W2559137555
https://openalex.org/W2574495109
https://openalex.org/W2593248947
https://openalex.org/W4200252902
https://openalex.org/W4225661183
https://openalex.org/W4237915665
https://openalex.org/W4282970284
https://openalex.org/W4290975314
https://openalex.org/W4308198671
https://openalex.org/W4311645261
https://openalex.org/W802360248
https://openalex.org/W908461590
https://openalex.org/W1610435038
https://openalex.org/W2043740145
https://openalex.org/W2076378389
https://openalex.org/W2228642796
https://openalex.org/W2531403736
https://openalex.org/W1980437860
https://openalex.org/W2037139635
https://openalex.org/W2083310083
https://openalex.org/W3018735894
https://openalex.org/W1824864244
https://openalex.org/W1894724692
https://openalex.org/W1969459788
https://openalex.org/W1983628994
https://openalex.org/W2021242902
https://openalex.org/W2035230519
https://openalex.org/W2136171775
https://openalex.org/W2157916593
https://openalex.org/W2313245622
https://openalex.org/W44412567
https://openalex.org/W657881330
https://openalex.org/W1498520780
https://openalex.org/W1535245635
https://openalex.org/W1549030295
https://openalex.org/W1911608943
https://openalex.org/W19824278
https://openalex.org/W2013650362
https://openalex.org/W2034162087
https://openalex.org/W2064434204
https://openalex.org/W2065386671
https://openalex.org/W2074651990
https://openalex.org/W2078663506
https://openalex.org/W2096235831
https://openalex.org/W2126795047
https://openalex.org/W2133495152
https://openalex.org/W2211827672
https://openalex.org/W2321285342
https://openalex.org/W2395251863
https://openalex.org/W2426002537
https://openalex.org/W2500652741
https://openalex.org/W2561605715
https://openalex.org/W2580371683
https://openalex.org/W2598894793
https://openalex.org/W2741577797
https://openalex.org/W2751185252
https://openalex.org/W2765876348
https://openalex.org/W2769624242
https://openalex.org/W2776379133
https://openalex.org/W2994638420
https://openalex.org/W3015530510
https://openalex.org/W4254567256
https://openalex.org/W77058930
https://openalex.org/W1966430823
https://openalex.org/W1999104872
https://openalex.org/W2024083404
https://openalex.org/W2024252765
https://openalex.org/W2063798945
https://openalex.org/W2170964516
https://openalex.org/W2327720372
https://openalex.org/W2324464091
https://openalex.org/W2399165313
https://openalex.org/W647818262
https://openalex.org/W4245073182
https://openalex.org/W1009752253
https://openalex.org/W102364897
https://openalex.org/W184807987
https://openalex.org/W1967371194
https://openalex.org/W2000180399
https://openalex.org/W2041303491
https://openalex.org/W2059571841
https://openalex.org/W2096927875
https://openalex.org/W2133255601
https://openalex.org/W2142827942
https://openalex.org/W2166378595
https://openalex.org/W2527433269
https://openalex.org/W2789754713
https://openalex.org/W2792979818
https://openalex.org/W2793991344
https://openalex.org/W2805205015
https://openalex.org/W2807439720
https://openalex.org/W2809910880
https://openalex.org/W2884759706
https://openalex.org/W2887853412
https://openalex.org/W2891552413
https://openalex.org/W2895581733
https://openalex.org/W2895998586
https://openalex.org/W2897658460
https://openalex.org/W2902543106
https://openalex.org/W2906071371
https://openalex.org/W2939987138
https://openalex.org/W2943770156
https://openalex.org/W2953120285
https://openalex.org/W2993436592
https://openalex.org/W3165404716
https://openalex.org/W3177268074
https://openalex.org/W4206255855
https://openalex.org/W4211149569
https://openalex.org/W4229649592
https://openalex.org/W4230988150
https://openalex.org/W4231394578
https://openalex.org/W4235010369
https://openalex.org/W4235183076
https://openalex.org/W4235922920
https://openalex.org/W4237419425
https://openalex.org/W4237458635
https://openalex.org/W4240066613
https://openalex.org/W4240790254
https://openalex.org/W4241977352
https://openalex.org/W4243013546
https://openalex.org/W4244630928
https://openalex.org/W4247841420
https://openalex.org/W4248944289
https://openalex.org/W4249472781
https://openalex.org/W4249927623
https://openalex.org/W4249987135
https://openalex.org/W4251241932
https://openalex.org/W4252254170
https://openalex.org/W4252377268
https://openalex.org/W4253644369
https://openalex.org/W4253984498
https://openalex.org/W460882390
https://openalex.org/W976726681
https://openalex.org/W4239168966
https://openalex.org/W166805922
https://openalex.org/W2008893424
https://openalex.org/W2033099989
https://openalex.org/W2532839908
https://openalex.org/W54278508
https://openalex.org/W1487520875
https://openalex.org/W1585362089
https://openalex.org/W2362411498
https://openalex.org/W2366379709
https://openalex.org/W2416840858
https://openalex.org/W2809941166
https://openalex.org/W2927678479
https://openalex.org/W2931990518
https://openalex.org/W2939503520
https://openalex.org/W2942517578
https://openalex.org/W2946187741
https://openalex.org/W2949341227
https://openalex.org/W2955060357
https://openalex.org/W2965505963
https://openalex.org/W2971166595
https://openalex.org/W2975668579
https://openalex.org/W2976471604
https://openalex.org/W2976965053
https://openalex.org/W2979312512
https://openalex.org/W2979870695
https://openalex.org/W2981291103
https://openalex.org/W2981418693
https://openalex.org/W2981698427
https://openalex.org/W2996458639
https://openalex.org/W3007469086
https://openalex.org/W3008786541
https://openalex.org/W3026923622
https://openalex.org/W3027542097
https://openalex.org/W3028651307
https://openalex.org/W3032398242
https://openalex.org/W3037243004
https://openalex.org/W3040535845
https://openalex.org/W3041259908
https://openalex.org/W3083963656
https://openalex.org/W3088202842
https://openalex.org/W3089997478
https://openalex.org/W3091652005
https://openalex.org/W3092887330
https://openalex.org/W3095145103
https://openalex.org/W3105475136
https://openalex.org/W3110669560
https://openalex.org/W3115884101
https://openalex.org/W3127764045
https://openalex.org/W3155659494
https://openalex.org/W3165683762
https://openalex.org/W3199796538
https://openalex.org/W3200385616
https://openalex.org/W4250742336
https://openalex.org/W1991020553
https://openalex.org/W2034812086
https://openalex.org/W600165235
https://openalex.org/W1971744553
https://openalex.org/W1984634488
https://openalex.org/W2012245837
https://openalex.org/W2086051085
https://openalex.org/W2274529895
https://openalex.org/W2985581339
https://openalex.org/W1582591545
https://openalex.org/W2560499829
https://openalex.org/W3039733399
https://openalex.org/W3119196032
https://openalex.org/W3124146966
https://openalex.org/W3127454099
https://openalex.org/W3132133136
https://openalex.org/W3148466239
https://openalex.org/W3162392300
https://openalex.org/W3164194130
https://openalex.org/W3170264456
https://openalex.org/W3188430553
https://openalex.org/W3189108151
https://openalex.org/W3195732372
https://openalex.org/W3198743095
https://openalex.org/W3199385016
https://openalex.org/W3199893274
https://openalex.org/W3200909911
https://openalex.org/W3201171672
https://openalex.org/W3201775487
https://openalex.org/W3206996510
https://openalex.org/W3207994981
https://openalex.org/W3208525659
https://openalex.org/W3209816740
https://openalex.org/W3211656406
https://openalex.org/W3216504496
https://openalex.org/W4200079345
https://openalex.org/W4200347037
https://openalex.org/W4200557702
https://openalex.org/W4205465762
https://openalex.org/W4205742751
https://openalex.org/W4205912933
https://openalex.org/W4206257633
https://openalex.org/W4206793995
https://openalex.org/W4213263893
https://openalex.org/W935907023
https://openalex.org/W124939104
https://openalex.org/W2460480351
https://openalex.org/W4235161864
https://openalex.org/W1967764449
https://openalex.org/W2034824401
https://openalex.org/W2265497188
https://openalex.org/W1966722188
https://openalex.org/W2058749715
https://openalex.org/W2470109588
https://openalex.org/W1126428440
https://openalex.org/W1497363044
https://openalex.org/W1825844425
https://openalex.org/W1973027648
https://openalex.org/W2030784955
https://openalex.org/W2181443153
https://openalex.org/W2392135173
https://openalex.org/W2464851441
https://openalex.org/W2465692901
https://openalex.org/W2754898590
https://openalex.org/W2773651848
https://openalex.org/W2894822203
https://openalex.org/W2993915606
https://openalex.org/W57332066
https://openalex.org/W68122509
https://openalex.org/W2400561228
https://openalex.org/W2435972129
https://openalex.org/W3187830167
https://openalex.org/W181768442
https://openalex.org/W1974108742
https://openalex.org/W1976668988
https://openalex.org/W2409358364
https://openalex.org/W2412009300
https://openalex.org/W2415385515
https://openalex.org/W4290263242
https://openalex.org/W634249111
https://openalex.org/W78241487
https://openalex.org/W11125309
https://openalex.org/W1978741612
https://openalex.org/W1979562354
https://openalex.org/W1993340978
https://openalex.org/W2056526821
https://openalex.org/W2169469154
https://openalex.org/W2430159762
https://openalex.org/W1179295449
https://openalex.org/W1272124689
https://openalex.org/W1480694577
https://openalex.org/W1589566117
https://openalex.org/W1737474855
https://openalex.org/W173813671
https://openalex.org/W1756722157
https://openalex.org/W178454534
https://openalex.org/W1920137608
https://openalex.org/W1922774525
https://openalex.org/W1986376363
https://openalex.org/W1989705809
https://openalex.org/W1991320739
https://openalex.org/W199900535
https://openalex.org/W2001144248
https://openalex.org/W2011063544
https://openalex.org/W2034224602
https://openalex.org/W2038335617
https://openalex.org/W2052565756
https://openalex.org/W2055301640
https://openalex.org/W2059353423
https://openalex.org/W2060684385
https://openalex.org/W2070483447
https://openalex.org/W2080335340
https://openalex.org/W2087031290
https://openalex.org/W2089601515
https://openalex.org/W2097751132
https://openalex.org/W2099228072
https://openalex.org/W2102500271
https://openalex.org/W2121306489
https://openalex.org/W2124930568
https://openalex.org/W2127688573
https://openalex.org/W2132833738
https://openalex.org/W2146076257
https://openalex.org/W2169285120
https://openalex.org/W2180477268
https://openalex.org/W2181174816
https://openalex.org/W2237886513
https://openalex.org/W2240293773
https://openalex.org/W2242305722
https://openalex.org/W2250495313
https://openalex.org/W2253735978
https://openalex.org/W2262257386
https://openalex.org/W2269208593
https://openalex.org/W2269914540
https://openalex.org/W2273174271
https://openalex.org/W2279492137
https://openalex.org/W2292475258
https://openalex.org/W2295916817
https://openalex.org/W2296748565
https://openalex.org/W2299320128
https://openalex.org/W2308402467
https://openalex.org/W2310887710
https://openalex.org/W2312427857
https://openalex.org/W2313693969
https://openalex.org/W2319802261
https://openalex.org/W2325614742
https://openalex.org/W2328870746
https://openalex.org/W2331170619
https://openalex.org/W2332164114
https://openalex.org/W2334701943
https://openalex.org/W2338082999
https://openalex.org/W2345852021
https://openalex.org/W2396968202
https://openalex.org/W2400681751
https://openalex.org/W2406964162
https://openalex.org/W2408907250
https://openalex.org/W2410028385
https://openalex.org/W2411880510
https://openalex.org/W2418095664
https://openalex.org/W2420136638
https://openalex.org/W2431093793
https://openalex.org/W2485795942
https://openalex.org/W2487581238
https://openalex.org/W2494679591
https://openalex.org/W2500970694
https://openalex.org/W2506956405
https://openalex.org/W2513890466
https://openalex.org/W2516491458
https://openalex.org/W2519885194
https://openalex.org/W2520729466
https://openalex.org/W2522644856
https://openalex.org/W2524441696
https://openalex.org/W2527789747
https://openalex.org/W2554602348
https://openalex.org/W2559515144
https://openalex.org/W2563189258
https://openalex.org/W2564549938
https://openalex.org/W2564885051
https://openalex.org/W2567420816
https://openalex.org/W2572587379
https://openalex.org/W2573253843
https://openalex.org/W2583777609
https://openalex.org/W2585770211
https://openalex.org/W2587288792
https://openalex.org/W2587941813
https://openalex.org/W2588046429
https://openalex.org/W2588182716
https://openalex.org/W2588378605
https://openalex.org/W2588876600
https://openalex.org/W2588939425
https://openalex.org/W2590273402
https://openalex.org/W2591131211
https://openalex.org/W2591734075
https://openalex.org/W2592510223
https://openalex.org/W2592891780
https://openalex.org/W2599465120
https://openalex.org/W2599753668
https://openalex.org/W2608449382
https://openalex.org/W2621248267
https://openalex.org/W2622877664
https://openalex.org/W2741018898
https://openalex.org/W2742417744
https://openalex.org/W2743792509
https://openalex.org/W2744131917
https://openalex.org/W2744190869
https://openalex.org/W2744988805
https://openalex.org/W2746725124
https://openalex.org/W2748369195
https://openalex.org/W2750597773
https://openalex.org/W2751360664
https://openalex.org/W2785779175
https://openalex.org/W2911615338
https://openalex.org/W2912481429
https://openalex.org/W2913041551
https://openalex.org/W2951695921
https://openalex.org/W2952299852
https://openalex.org/W2969918012
https://openalex.org/W2979802392
https://openalex.org/W2981741095
https://openalex.org/W2985651384
https://openalex.org/W2987575614
https://openalex.org/W2998197076
https://openalex.org/W3007285049
https://openalex.org/W3022147380
https://openalex.org/W3031709821
https://openalex.org/W3031808349
https://openalex.org/W3034426752
https://openalex.org/W30472791
https://openalex.org/W3138065120
https://openalex.org/W3160074886
https://openalex.org/W3162068607
https://openalex.org/W3164156544
https://openalex.org/W3190190742
https://openalex.org/W3194083454
https://openalex.org/W3195369848
https://openalex.org/W3195718475
https://openalex.org/W4211145148
https://openalex.org/W4229924486
https://openalex.org/W4230328908
https://openalex.org/W4231448748
https://openalex.org/W4233904125
https://openalex.org/W4236331285
https://openalex.org/W4236582122
https://openalex.org/W4238825130
https://openalex.org/W4238916655
https://openalex.org/W4240250173
https://openalex.org/W4240289455
https://openalex.org/W4240724800
https://openalex.org/W4240887704
https://openalex.org/W4241019877
https://openalex.org/W4241163770
https://openalex.org/W4242614352
https://openalex.org/W4243268623
https://openalex.org/W4244460858
https://openalex.org/W4244748681
https://openalex.org/W4245164391
https://openalex.org/W4247937896
https://openalex.org/W4248891603
https://openalex.org/W4250092136
https://openalex.org/W4251137647
https://openalex.org/W4251144777
https://openalex.org/W4252362148
https://openalex.org/W4300763797
https://openalex.org/W4386506990
https://openalex.org/W4394119978
https://openalex.org/W4394185909
https://openalex.org/W456148713
https://openalex.org/W812666211
https://openalex.org/W830418248
https://openalex.org/W847459567
https://openalex.org/W896035386
https://openalex.org/W905511775
https://openalex.org/W907947282
https://openalex.org/W2074857609
https://openalex.org/W564003709
https://openalex.org/W120277531
https://openalex.org/W2083895279
https://openalex.org/W2304234124
https://openalex.org/W1020542532
https://openalex.org/W102239316
https://openalex.org/W1121456706
https://openalex.org/W1149789100
https://openalex.org/W131288119
https://openalex.org/W150354892
https://openalex.org/W1526661264
https://openalex.org/W1547124100
https://openalex.org/W1555331189
https://openalex.org/W16781574
https://openalex.org/W1734241222
https://openalex.org/W176240780
https://openalex.org/W1894217491
https://openalex.org/W1945692061
https://openalex.org/W1965119695
https://openalex.org/W1967588578
https://openalex.org/W1973162296
https://openalex.org/W1981548784
https://openalex.org/W1987856710
https://openalex.org/W1988950939
https://openalex.org/W1989628560
https://openalex.org/W1994730875
https://openalex.org/W2000105527
https://openalex.org/W2000944751
https://openalex.org/W2002782885
https://openalex.org/W2003851275
https://openalex.org/W2004929393
https://openalex.org/W2016612454
https://openalex.org/W2030254027
https://openalex.org/W2032425588
https://openalex.org/W2033209924
https://openalex.org/W2036240211
https://openalex.org/W2037035054
https://openalex.org/W2037048515
https://openalex.org/W2041995818
https://openalex.org/W2046660842
https://openalex.org/W2047537972
https://openalex.org/W2051412499
https://openalex.org/W2052481588
https://openalex.org/W2054242378
https://openalex.org/W2059464886
https://openalex.org/W2062754180
https://openalex.org/W2064082870
https://openalex.org/W2069236034
https://openalex.org/W2071895966
https://openalex.org/W2076337518
https://openalex.org/W207714185
https://openalex.org/W2091669450
https://openalex.org/W2093599760
https://openalex.org/W2094546822
https://openalex.org/W2103026280
https://openalex.org/W2114740566
https://openalex.org/W2120620818
https://openalex.org/W2130588188
https://openalex.org/W2145357585
https://openalex.org/W2152559929
https://openalex.org/W2152843237
https://openalex.org/W2154824256
https://openalex.org/W2178638466
https://openalex.org/W2182461805
https://openalex.org/W2183485315
https://openalex.org/W2186995051
https://openalex.org/W2187853979
https://openalex.org/W2188093441
https://openalex.org/W2196552501
https://openalex.org/W2242387622
https://openalex.org/W2256420822
https://openalex.org/W2265313141
https://openalex.org/W2269666774
https://openalex.org/W2269753566
https://openalex.org/W2292075442
https://openalex.org/W2302359646
https://openalex.org/W2313892650
https://openalex.org/W2318872752
https://openalex.org/W2319881438
https://openalex.org/W2322177564
https://openalex.org/W2322850399
https://openalex.org/W2323921441
https://openalex.org/W2326725014
https://openalex.org/W2327616075
https://openalex.org/W2329583752
https://openalex.org/W2333313218
https://openalex.org/W2333523580
https://openalex.org/W2338413335
https://openalex.org/W2343004322
https://openalex.org/W2343101849
https://openalex.org/W2343220612
https://openalex.org/W2343356893
https://openalex.org/W2343372373
https://openalex.org/W2343843546
https://openalex.org/W2345037379
https://openalex.org/W2347589931
https://openalex.org/W2364948948
https://openalex.org/W2391574278
https://openalex.org/W2399568156
https://openalex.org/W2415916544
https://openalex.org/W2478670884
https://openalex.org/W2492487927
https://openalex.org/W2503944183
https://openalex.org/W2552563431
https://openalex.org/W2557059521
https://openalex.org/W2598660191
https://openalex.org/W2602916802
https://openalex.org/W2660781522
https://openalex.org/W26859841
https://openalex.org/W2736861776
https://openalex.org/W2740177620
https://openalex.org/W2793335194
https://openalex.org/W2808128320
https://openalex.org/W2890681268
https://openalex.org/W2897204704
https://openalex.org/W2898964198
https://openalex.org/W2944434263
https://openalex.org/W2951124574
https://openalex.org/W2992436766
https://openalex.org/W2992764290
https://openalex.org/W2999213682
https://openalex.org/W2999629738
https://openalex.org/W3000138503
https://openalex.org/W3000364176
https://openalex.org/W3000774407
https://openalex.org/W3010952792
https://openalex.org/W3026442207
https://openalex.org/W316611085
https://openalex.org/W3166382722
https://openalex.org/W3172596065
https://openalex.org/W3175850810
https://openalex.org/W3178126617
https://openalex.org/W3179452867
https://openalex.org/W3182869790
https://openalex.org/W3184183810
https://openalex.org/W3195039353
https://openalex.org/W3196559740
https://openalex.org/W420053013
https://openalex.org/W4254266881
https://openalex.org/W4255036289
https://openalex.org/W474095950
https://openalex.org/W55315130
https://openalex.org/W64424942
https://openalex.org/W65508678
https://openalex.org/W71950504
https://openalex.org/W765862530
https://openalex.org/W792805552
https://openalex.org/W80271738
https://openalex.org/W849026292
https://openalex.org/W85767321
https://openalex.org/W873874071
https://openalex.org/W884381135
https://openalex.org/W894338619
https://openalex.org/W903035106
https://openalex.org/W903969613
https://openalex.org/W916857670
https://openalex.org/W940208171
https://openalex.org/W946854757
https://openalex.org/W964325978
https://openalex.org/W975201145
https://openalex.org/W982475604
https://openalex.org/W1987597816
https://openalex.org/W2441071762
https://openalex.org/W220267434
https://openalex.org/W2416138036
https://openalex.org/W4205150672
https://openalex.org/W1006236776
https://openalex.org/W1024586343
https://openalex.org/W1035975545
https://openalex.org/W1129122741
https://openalex.org/W1130080382
https://openalex.org/W1160952870
https://openalex.org/W1200015434
https://openalex.org/W1465501227
https://openalex.org/W1491945485
https://openalex.org/W1514046465
https://openalex.org/W1573477084
https://openalex.org/W1595548893
https://openalex.org/W17431145
https://openalex.org/W1768672455
https://openalex.org/W1863776927
https://openalex.org/W1917559695
https://openalex.org/W1976053797
https://openalex.org/W1995207553
https://openalex.org/W2027696602
https://openalex.org/W2028994962
https://openalex.org/W2029422859
https://openalex.org/W2033442587
https://openalex.org/W2034096958
https://openalex.org/W2039182594
https://openalex.org/W2043438627
https://openalex.org/W2045871219
https://openalex.org/W2050615022
https://openalex.org/W2051723294
https://openalex.org/W2060847109
https://openalex.org/W2101380225
https://openalex.org/W2185617225
https://openalex.org/W2203983644
https://openalex.org/W2302370942
https://openalex.org/W2326573228
https://openalex.org/W2378124845
https://openalex.org/W2390606870
https://openalex.org/W2403181885
https://openalex.org/W2403502310
https://openalex.org/W2415116317
https://openalex.org/W2417342448
https://openalex.org/W2419326603
https://openalex.org/W246560627
https://openalex.org/W2489691726
https://openalex.org/W2491587717
https://openalex.org/W2491914278
https://openalex.org/W2492857610
https://openalex.org/W2495725854
https://openalex.org/W2501189339
https://openalex.org/W2502232343
https://openalex.org/W2526339962
https://openalex.org/W2527815074
https://openalex.org/W2564409246
https://openalex.org/W2573312676
https://openalex.org/W2574941972
https://openalex.org/W2578555366
https://openalex.org/W2584030448
https://openalex.org/W2587348382
https://openalex.org/W2592851521
https://openalex.org/W2606297162
https://openalex.org/W2619137604
https://openalex.org/W2622039750
https://openalex.org/W2680168859
https://openalex.org/W2728528023
https://openalex.org/W2735397684
https://openalex.org/W2737478980
https://openalex.org/W2740041707
https://openalex.org/W2740766436
https://openalex.org/W2741371523
https://openalex.org/W2741681391
https://openalex.org/W2744207802
https://openalex.org/W2744409946
https://openalex.org/W2748931530
https://openalex.org/W2750218490
https://openalex.org/W2751660252
https://openalex.org/W2755691724
https://openalex.org/W2758658905
https://openalex.org/W2762274057
https://openalex.org/W2764122437
https://openalex.org/W2765325650
https://openalex.org/W2765946576
https://openalex.org/W2766964989
https://openalex.org/W2768158395
https://openalex.org/W2768609616
https://openalex.org/W2769855587
https://openalex.org/W2769910637
https://openalex.org/W2772427731
https://openalex.org/W2772530575
https://openalex.org/W2847244581
https://openalex.org/W2890790275
https://openalex.org/W2903646072
https://openalex.org/W2910473478
https://openalex.org/W2974853363
https://openalex.org/W2977502851
https://openalex.org/W2986086160
https://openalex.org/W2991589465
https://openalex.org/W2999221477
https://openalex.org/W3004058001
https://openalex.org/W3024754486
https://openalex.org/W3049010482
https://openalex.org/W3069497438
https://openalex.org/W3077889711
https://openalex.org/W3079246921
https://openalex.org/W3080464040
https://openalex.org/W3080474026
https://openalex.org/W3081476905
https://openalex.org/W3081543488
https://openalex.org/W3081992412
https://openalex.org/W3082018981
https://openalex.org/W3082159871
https://openalex.org/W3082721790
https://openalex.org/W3082856641
https://openalex.org/W3082946784
https://openalex.org/W3082947268
https://openalex.org/W3083469482
https://openalex.org/W3084480242
https://openalex.org/W3085579098
https://openalex.org/W3086655143
https://openalex.org/W3087237997
https://openalex.org/W3095116705
https://openalex.org/W3097766518
https://openalex.org/W3139276751
https://openalex.org/W3142614986
https://openalex.org/W3149472064
https://openalex.org/W3159731078
https://openalex.org/W3162317950
https://openalex.org/W3173484643
https://openalex.org/W3188651394
https://openalex.org/W3190234760
https://openalex.org/W3207226311
https://openalex.org/W33586138
https://openalex.org/W4205440232
https://openalex.org/W4205683999
https://openalex.org/W4206090332
https://openalex.org/W4206698010
https://openalex.org/W4214519956
https://openalex.org/W4230118564
https://openalex.org/W4231089916
https://openalex.org/W4231652770
https://openalex.org/W4232812781
https://openalex.org/W4233007309
https://openalex.org/W4234591053
https://openalex.org/W4235080903
https://openalex.org/W4237027700
https://openalex.org/W4237196851
https://openalex.org/W4237376622
https://openalex.org/W4237810978
https://openalex.org/W4239026574
https://openalex.org/W4239497520
https://openalex.org/W4241224415
https://openalex.org/W4242703816
https://openalex.org/W4242714372
https://openalex.org/W4242758713
https://openalex.org/W4245773935
https://openalex.org/W4245882002
https://openalex.org/W4246117078
https://openalex.org/W4247402115
https://openalex.org/W4247967335
https://openalex.org/W4248230410
https://openalex.org/W4248598398
https://openalex.org/W4248916035
https://openalex.org/W4248919289
https://openalex.org/W4249639372
https://openalex.org/W4251376059
https://openalex.org/W4253529158
https://openalex.org/W4254290652
https://openalex.org/W4255838984
https://openalex.org/W4297974343
https://openalex.org/W4394405583
https://openalex.org/W4394460081
https://openalex.org/W4394538537
https://openalex.org/W947126948
https://openalex.org/W2079278991
https://openalex.org/W2246485402
https://openalex.org/W2415336909
https://openalex.org/W2986177822
https://openalex.org/W3045331097
https://openalex.org/W1020232380
https://openalex.org/W1023556985
https://openalex.org/W1030718184
https://openalex.org/W107724170
https://openalex.org/W1555902532
https://openalex.org/W1585456211
https://openalex.org/W1805691621
https://openalex.org/W1926500988
https://openalex.org/W1976083228
https://openalex.org/W1976989089
https://openalex.org/W1978795062
https://openalex.org/W1985272315
https://openalex.org/W1986138342
https://openalex.org/W1990044880
https://openalex.org/W1990103784
https://openalex.org/W1993470343
https://openalex.org/W1996368888
https://openalex.org/W2018499593
https://openalex.org/W2021956614
https://openalex.org/W2024956421
https://openalex.org/W2032924663
https://openalex.org/W2038210116
https://openalex.org/W2048538040
https://openalex.org/W2052097218
https://openalex.org/W2065195166
https://openalex.org/W2067524030
https://openalex.org/W2071436488
https://openalex.org/W2088069819
https://openalex.org/W2093642350
https://openalex.org/W2094321890
https://openalex.org/W2114235475
https://openalex.org/W2140249430
https://openalex.org/W2141036243
https://openalex.org/W2141919814
https://openalex.org/W2183660129
https://openalex.org/W2227800561
https://openalex.org/W2288989695
https://openalex.org/W2292177463
https://openalex.org/W2312236015
https://openalex.org/W231451193
https://openalex.org/W2334267080
https://openalex.org/W2334746399
https://openalex.org/W2363536395
https://openalex.org/W2368272763
https://openalex.org/W2371403440
https://openalex.org/W2372321736
https://openalex.org/W2380994635
https://openalex.org/W2386595620
https://openalex.org/W2393959006
https://openalex.org/W2397578526
https://openalex.org/W2425972092
https://openalex.org/W2429649106
https://openalex.org/W2465917446
https://openalex.org/W2467388739
https://openalex.org/W2489102090
https://openalex.org/W2521176750
https://openalex.org/W2565028865
https://openalex.org/W2581009021
https://openalex.org/W2741550959
https://openalex.org/W2774940766
https://openalex.org/W2805804305
https://openalex.org/W2890458499
https://openalex.org/W2899846859
https://openalex.org/W2903096832
https://openalex.org/W2917700487
https://openalex.org/W2964157652
https://openalex.org/W2993300848
https://openalex.org/W3157644173
https://openalex.org/W3188103269
https://openalex.org/W3199003931
https://openalex.org/W4205132848
https://openalex.org/W4205134854
https://openalex.org/W4205274021
https://openalex.org/W4205337267
https://openalex.org/W4205443630
https://openalex.org/W4205575670
https://openalex.org/W4205622398
https://openalex.org/W4205663413
https://openalex.org/W4205705166
https://openalex.org/W4205740829
https://openalex.org/W4205758096
https://openalex.org/W4205774768
https://openalex.org/W4205882735
https://openalex.org/W4205899447
https://openalex.org/W4205974500
https://openalex.org/W4206021221
https://openalex.org/W4206053892
https://openalex.org/W4206120835
https://openalex.org/W4206123785
https://openalex.org/W4206127373
https://openalex.org/W4206206385
https://openalex.org/W4206213264
https://openalex.org/W4206271347
https://openalex.org/W4206273881
https://openalex.org/W4206287322
https://openalex.org/W4206303646
https://openalex.org/W4206332335
https://openalex.org/W4206442105
https://openalex.org/W4206515856
https://openalex.org/W4206572688
https://openalex.org/W4206734125
https://openalex.org/W4206771954
https://openalex.org/W4206911690
https://openalex.org/W4210286848
https://openalex.org/W4210297232
https://openalex.org/W4210368809
https://openalex.org/W4210490416
https://openalex.org/W4210503790
https://openalex.org/W4210515380
https://openalex.org/W4210551819
https://openalex.org/W4210604946
https://openalex.org/W4210612737
https://openalex.org/W4210622410
https://openalex.org/W4210636621
https://openalex.org/W4210693864
https://openalex.org/W4210717214
https://openalex.org/W4210785412
https://openalex.org/W4210836575
https://openalex.org/W4210848914
https://openalex.org/W4211112587
https://openalex.org/W4211126538
https://openalex.org/W4211134884
https://openalex.org/W4211153064
https://openalex.org/W4211186865
https://openalex.org/W4211193812
https://openalex.org/W4212832741
https://openalex.org/W4212838583
https://openalex.org/W4212936787
https://openalex.org/W4212951908
https://openalex.org/W4213030001
https://openalex.org/W4213043095
https://openalex.org/W4213050254
https://openalex.org/W4213217841
https://openalex.org/W4213227652
https://openalex.org/W4213242211
https://openalex.org/W4213253355
https://openalex.org/W4213261524
https://openalex.org/W4213281179
https://openalex.org/W4213316259
https://openalex.org/W4213323223
https://openalex.org/W4213351088
https://openalex.org/W4213357185
https://openalex.org/W4213370892
https://openalex.org/W4214548905
https://openalex.org/W4214558259
https://openalex.org/W4214568489
https://openalex.org/W4214617580
https://openalex.org/W4214664264
https://openalex.org/W4214734033
https://openalex.org/W4214739478
https://openalex.org/W4214752537
https://openalex.org/W4214761988
https://openalex.org/W4214861416
https://openalex.org/W4214893389
https://openalex.org/W4221089192
https://openalex.org/W4224716454
https://openalex.org/W4225647647
https://openalex.org/W4225729709
https://openalex.org/W4226042956
https://openalex.org/W4226175471
https://openalex.org/W4226200268
https://openalex.org/W4226267409
https://openalex.org/W4226493614
https://openalex.org/W4229498822
https://openalex.org/W4229528910
https://openalex.org/W4229610065
https://openalex.org/W4229732277
https://openalex.org/W4229740352
https://openalex.org/W4229780071
https://openalex.org/W4229785266
https://openalex.org/W4229795341
https://openalex.org/W4229867404
https://openalex.org/W4229937050
https://openalex.org/W4229953243
https://openalex.org/W4229958919
https://openalex.org/W4229984822
https://openalex.org/W4230013508
https://openalex.org/W4230050370
https://openalex.org/W4230057534
https://openalex.org/W4230066028
https://openalex.org/W4230105529
https://openalex.org/W4230134517
https://openalex.org/W4230158176
https://openalex.org/W4230249658
https://openalex.org/W4230293607
https://openalex.org/W4230357750
https://openalex.org/W4230376565
https://openalex.org/W4230381981
https://openalex.org/W4230404240
https://openalex.org/W4230464685
https://openalex.org/W4230474069
https://openalex.org/W4230530232
https://openalex.org/W4230545218
https://openalex.org/W4230568798
https://openalex.org/W4230577576
https://openalex.org/W4230583697
https://openalex.org/W4230597789
https://openalex.org/W4230657424
https://openalex.org/W4230686252
https://openalex.org/W4230719076
https://openalex.org/W4230841350
https://openalex.org/W4230844659
https://openalex.org/W4230847304
https://openalex.org/W4230858504
https://openalex.org/W4230908692
https://openalex.org/W4230922751
https://openalex.org/W4231101958
https://openalex.org/W4231131761
https://openalex.org/W4231175700
https://openalex.org/W4231181986
https://openalex.org/W4231198876
https://openalex.org/W4231234397
https://openalex.org/W4231238469
https://openalex.org/W4231248510
https://openalex.org/W4231323474
https://openalex.org/W4231364900
https://openalex.org/W4231377970
https://openalex.org/W4231487177
https://openalex.org/W4231698466
https://openalex.org/W4231730337
https://openalex.org/W4231733983
https://openalex.org/W4231745145
https://openalex.org/W4231783851
https://openalex.org/W4231834957
https://openalex.org/W4231881396
https://openalex.org/W4231904387
https://openalex.org/W4231933251
https://openalex.org/W4231937210
https://openalex.org/W4231959464
https://openalex.org/W4232004938
https://openalex.org/W4232106190
https://openalex.org/W4232112127
https://openalex.org/W4232114939
https://openalex.org/W4232118319
https://openalex.org/W4232130334
https://openalex.org/W4232136204
https://openalex.org/W4232199925
https://openalex.org/W4232226413
https://openalex.org/W4232264788
https://openalex.org/W4232265738
https://openalex.org/W4232334516
https://openalex.org/W4232362877
https://openalex.org/W4232388135
https://openalex.org/W4232488163
https://openalex.org/W4232499223
https://openalex.org/W4232573045
https://openalex.org/W4232598722
https://openalex.org/W4232654463
https://openalex.org/W4232663245
https://openalex.org/W4232674240
https://openalex.org/W4232753253
https://openalex.org/W4232813768
https://openalex.org/W4232850257
https://openalex.org/W4232858561
https://openalex.org/W4232931366
https://openalex.org/W4232935946
https://openalex.org/W4232949613
https://openalex.org/W4233014961
https://openalex.org/W4233018267
https://openalex.org/W4233116863
https://openalex.org/W4233147651
https://openalex.org/W4233147953
https://openalex.org/W4233160222
https://openalex.org/W4233233463
https://openalex.org/W4233296789
https://openalex.org/W4233301227
https://openalex.org/W4233425379
https://openalex.org/W4233606365
https://openalex.org/W4233609567
https://openalex.org/W4233686266
https://openalex.org/W4233810098
https://openalex.org/W4233834880
https://openalex.org/W4233858669
https://openalex.org/W4233899995
https://openalex.org/W4233902649
https://openalex.org/W4233915976
https://openalex.org/W4233922951
https://openalex.org/W4233937507
https://openalex.org/W4233999595
https://openalex.org/W4234006678
https://openalex.org/W4234032657
https://openalex.org/W4234058907
https://openalex.org/W4234083731
https://openalex.org/W4234096544
https://openalex.org/W4234112402
https://openalex.org/W4234133328
https://openalex.org/W4234188086
https://openalex.org/W4234218215
https://openalex.org/W4234223268
https://openalex.org/W4234223946
https://openalex.org/W4234278435
https://openalex.org/W4234365326
https://openalex.org/W4234365518
https://openalex.org/W4234413568
https://openalex.org/W4234416754
https://openalex.org/W4234429352
https://openalex.org/W4234430589
https://openalex.org/W4234441757
https://openalex.org/W4234451382
https://openalex.org/W4234474074
https://openalex.org/W4234597035
https://openalex.org/W4234658371
https://openalex.org/W4234686779
https://openalex.org/W4234696953
https://openalex.org/W4234731710
https://openalex.org/W4234744158
https://openalex.org/W4234746068
https://openalex.org/W4234755912
https://openalex.org/W4234759477
https://openalex.org/W4234802092
https://openalex.org/W4234847908
https://openalex.org/W4234851816
https://openalex.org/W4234885529
https://openalex.org/W4234908224
https://openalex.org/W4234916020
https://openalex.org/W4234925799
https://openalex.org/W4235147364
https://openalex.org/W4235249838
https://openalex.org/W4235259183
https://openalex.org/W4235259797
https://openalex.org/W4235280027
https://openalex.org/W4235306662
https://openalex.org/W4235369987
https://openalex.org/W4235400091
https://openalex.org/W4235582758
https://openalex.org/W4235584487
https://openalex.org/W4235612259
https://openalex.org/W4235617309
https://openalex.org/W4235619217
https://openalex.org/W4235698705
https://openalex.org/W4235712492
https://openalex.org/W4235751722
https://openalex.org/W4235751945
https://openalex.org/W4235795978
https://openalex.org/W4235828250
https://openalex.org/W4235835940
https://openalex.org/W4235899688
https://openalex.org/W4235993372
https://openalex.org/W4235993452
https://openalex.org/W4236008234
https://openalex.org/W4236027191
https://openalex.org/W4236035723
https://openalex.org/W4236052511
https://openalex.org/W4236077673
https://openalex.org/W4236124481
https://openalex.org/W4236148719
https://openalex.org/W4236277814
https://openalex.org/W4236314961
https://openalex.org/W4236371713
https://openalex.org/W4236396465
https://openalex.org/W4236430994
https://openalex.org/W4236446550
https://openalex.org/W4236561415
https://openalex.org/W4236588655
https://openalex.org/W4236602135
https://openalex.org/W4236681639
https://openalex.org/W4236752227
https://openalex.org/W4236892000
https://openalex.org/W4236917628
https://openalex.org/W4236948810
https://openalex.org/W4236994890
https://openalex.org/W4236999913
https://openalex.org/W4237002943
https://openalex.org/W4237005431
https://openalex.org/W4237110475
https://openalex.org/W4237128242
https://openalex.org/W4237140437
https://openalex.org/W4237227647
https://openalex.org/W4237263045
https://openalex.org/W4237264072
https://openalex.org/W4237317515
https://openalex.org/W4237385703
https://openalex.org/W4237404674
https://openalex.org/W4237492498
https://openalex.org/W4237505187
https://openalex.org/W4237566483
https://openalex.org/W4237648487
https://openalex.org/W4237693961
https://openalex.org/W4237956512
https://openalex.org/W4237989235
https://openalex.org/W4238054522
https://openalex.org/W4238141069
https://openalex.org/W4238152574
https://openalex.org/W4238155418
https://openalex.org/W4238196374
https://openalex.org/W4238272482
https://openalex.org/W4238310935
https://openalex.org/W4238344529
https://openalex.org/W4238355365
https://openalex.org/W4238387843
https://openalex.org/W4238422419
https://openalex.org/W4238431194
https://openalex.org/W4238440451
https://openalex.org/W4238451700
https://openalex.org/W4238483189
https://openalex.org/W4238520938
https://openalex.org/W4238546958
https://openalex.org/W4238552548
https://openalex.org/W4238596461
https://openalex.org/W4238701950
https://openalex.org/W4238745895
https://openalex.org/W4238765313
https://openalex.org/W4238772918
https://openalex.org/W4238843509
https://openalex.org/W4238860184
https://openalex.org/W4238934220
https://openalex.org/W4238941394
https://openalex.org/W4239036302
https://openalex.org/W4239080873
https://openalex.org/W4239095452
https://openalex.org/W4239122216
https://openalex.org/W4239182220
https://openalex.org/W4239212601
https://openalex.org/W4239238451
https://openalex.org/W4239240785
https://openalex.org/W4239243214
https://openalex.org/W4239267102
https://openalex.org/W4239288255
https://openalex.org/W4239337803
https://openalex.org/W4239339884
https://openalex.org/W4239362691
https://openalex.org/W4239369775
https://openalex.org/W4239424537
https://openalex.org/W4239547516
https://openalex.org/W4239560742
https://openalex.org/W4239610689
https://openalex.org/W4239626289
https://openalex.org/W4239664405
https://openalex.org/W4239710967
https://openalex.org/W4239744012
https://openalex.org/W4239746158
https://openalex.org/W4239776936
https://openalex.org/W4239805712
https://openalex.org/W4239837442
https://openalex.org/W4239854059
https://openalex.org/W4239889632
https://openalex.org/W4239922383
https://openalex.org/W4239970449
https://openalex.org/W4240056774
https://openalex.org/W4240082450
https://openalex.org/W4240099566
https://openalex.org/W4240136618
https://openalex.org/W4240170555
https://openalex.org/W4240204825
https://openalex.org/W4240208986
https://openalex.org/W4240213019
https://openalex.org/W4240318819
https://openalex.org/W4240328821
https://openalex.org/W4240342551
https://openalex.org/W4240345905
https://openalex.org/W4240346175
https://openalex.org/W4240352596
https://openalex.org/W4240366894
https://openalex.org/W4240390725
https://openalex.org/W4240398190
https://openalex.org/W4240453974
https://openalex.org/W4240497891
https://openalex.org/W4240507384
https://openalex.org/W4240544975
https://openalex.org/W4240663238
https://openalex.org/W4240779032
https://openalex.org/W4240913477
https://openalex.org/W4240915585
https://openalex.org/W4240933850
https://openalex.org/W4240977499
https://openalex.org/W4241046936
https://openalex.org/W4241144315
https://openalex.org/W4241177360
https://openalex.org/W4241206456
https://openalex.org/W4241261237
https://openalex.org/W4241271257
https://openalex.org/W4241281884
https://openalex.org/W4241290997
https://openalex.org/W4241303699
https://openalex.org/W4241380862
https://openalex.org/W4241380994
https://openalex.org/W4241404895
https://openalex.org/W4241460674
https://openalex.org/W4241519060
https://openalex.org/W4241546421
https://openalex.org/W4241548138
https://openalex.org/W4241616386
https://openalex.org/W4241645961
https://openalex.org/W4241647924
https://openalex.org/W4241664823
https://openalex.org/W4241691885
https://openalex.org/W4241741929
https://openalex.org/W4241772037
https://openalex.org/W4241788562
https://openalex.org/W4241810268
https://openalex.org/W4241817012
https://openalex.org/W4241881749
https://openalex.org/W4241927815
https://openalex.org/W4241966907
https://openalex.org/W4241982179
https://openalex.org/W4242026945
https://openalex.org/W4242049243
https://openalex.org/W4242117543
https://openalex.org/W4242138265
https://openalex.org/W4242191827
https://openalex.org/W4242215991
https://openalex.org/W4242233282
https://openalex.org/W4242256161
https://openalex.org/W4242358953
https://openalex.org/W4242368967
https://openalex.org/W4242398714
https://openalex.org/W4242441056
https://openalex.org/W4242447089
https://openalex.org/W4242453808
https://openalex.org/W4242476882
https://openalex.org/W4242498053
https://openalex.org/W4242579369
https://openalex.org/W4242639130
https://openalex.org/W4242659797
https://openalex.org/W4242712242
https://openalex.org/W4242866961
https://openalex.org/W4242867457
https://openalex.org/W4242938600
https://openalex.org/W4243098053
https://openalex.org/W4243105381
https://openalex.org/W4243171478
https://openalex.org/W4243195524
https://openalex.org/W4243199211
https://openalex.org/W4243216314
https://openalex.org/W4243243755
https://openalex.org/W4243255147
https://openalex.org/W4243324963
https://openalex.org/W4243334315
https://openalex.org/W4243499399
https://openalex.org/W4243621723
https://openalex.org/W4243623607
https://openalex.org/W4243630966
https://openalex.org/W4243650635
https://openalex.org/W4243665135
https://openalex.org/W4243712573
https://openalex.org/W4243743694
https://openalex.org/W4243754968
https://openalex.org/W4243784650
https://openalex.org/W4243837075
https://openalex.org/W4243886259
https://openalex.org/W4243901133
https://openalex.org/W4243918642
https://openalex.org/W4243930093
https://openalex.org/W4243945616
https://openalex.org/W4243948385
https://openalex.org/W4243950809
https://openalex.org/W4243960112
https://openalex.org/W4244043025
https://openalex.org/W4244049064
https://openalex.org/W4244077639
https://openalex.org/W4244234253
https://openalex.org/W4244311350
https://openalex.org/W4244345218
https://openalex.org/W4244385574
https://openalex.org/W4244412477
https://openalex.org/W4244436845
https://openalex.org/W4244444496
https://openalex.org/W4244481401
https://openalex.org/W4244503468
https://openalex.org/W4244558098
https://openalex.org/W4244611044
https://openalex.org/W4244696655
https://openalex.org/W4244736549
https://openalex.org/W4244845565
https://openalex.org/W4244846792
https://openalex.org/W4244881253
https://openalex.org/W4244914714
https://openalex.org/W4244917812
https://openalex.org/W4244961184
https://openalex.org/W4244968420
https://openalex.org/W4245015034
https://openalex.org/W4245041257
https://openalex.org/W4245086234
https://openalex.org/W4245123432
https://openalex.org/W4245140998
https://openalex.org/W4245157089
https://openalex.org/W4245232564
https://openalex.org/W4245253911
https://openalex.org/W4245265889
https://openalex.org/W4245309946
https://openalex.org/W4245335084
https://openalex.org/W4245363475
https://openalex.org/W4245395177
https://openalex.org/W4245417724
https://openalex.org/W4245473297
https://openalex.org/W4245529568
https://openalex.org/W4245596536
https://openalex.org/W4245603245
https://openalex.org/W4245647787
https://openalex.org/W4245722170
https://openalex.org/W4245737087
https://openalex.org/W4245746719
https://openalex.org/W4245759944
https://openalex.org/W4245767865
https://openalex.org/W4245882983
https://openalex.org/W4245907832
https://openalex.org/W4245974881
https://openalex.org/W4246084474
https://openalex.org/W4246085462
https://openalex.org/W4246157552
https://openalex.org/W4246179578
https://openalex.org/W4246233675
https://openalex.org/W4246237891
https://openalex.org/W4246253999
https://openalex.org/W4246256314
https://openalex.org/W4246288814
https://openalex.org/W4246323259
https://openalex.org/W4246342245
https://openalex.org/W4246399856
https://openalex.org/W4246440866
https://openalex.org/W4246597571
https://openalex.org/W4246678850
https://openalex.org/W4246692933
https://openalex.org/W4246701269
https://openalex.org/W4246709721
https://openalex.org/W4246736516
https://openalex.org/W4246761994
https://openalex.org/W4246805972
https://openalex.org/W4246915876
https://openalex.org/W4246975804
https://openalex.org/W4247057464
https://openalex.org/W4247073290
https://openalex.org/W4247146541
https://openalex.org/W4247152588
https://openalex.org/W4247221487
https://openalex.org/W4247270419
https://openalex.org/W4247310332
https://openalex.org/W4247348678
https://openalex.org/W4247385384
https://openalex.org/W4247439434
https://openalex.org/W4247468940
https://openalex.org/W4247506130
https://openalex.org/W4247514219
https://openalex.org/W4247532557
https://openalex.org/W4247607640
https://openalex.org/W4247628206
https://openalex.org/W4247725734
https://openalex.org/W4247796134
https://openalex.org/W4247796910
https://openalex.org/W4247804036
https://openalex.org/W4247807113
https://openalex.org/W4247809297
https://openalex.org/W4247824733
https://openalex.org/W4247826781
https://openalex.org/W4247871238
https://openalex.org/W4247883564
https://openalex.org/W4247901486
https://openalex.org/W4247941442
https://openalex.org/W4247977478
https://openalex.org/W4247981008
https://openalex.org/W4247999107
https://openalex.org/W4248002542
https://openalex.org/W4248068071
https://openalex.org/W4248084687
https://openalex.org/W4248089671
https://openalex.org/W4248092768
https://openalex.org/W4248098745
https://openalex.org/W4248129342
https://openalex.org/W4248140332
https://openalex.org/W4248188634
https://openalex.org/W4248223243
https://openalex.org/W4248226559
https://openalex.org/W4248249396
https://openalex.org/W4248334239
https://openalex.org/W4248379670
https://openalex.org/W4248383167
https://openalex.org/W4248403130
https://openalex.org/W4248457983
https://openalex.org/W4248504397
https://openalex.org/W4248543218
https://openalex.org/W4248554076
https://openalex.org/W4248570085
https://openalex.org/W4248622236
https://openalex.org/W4248657071
https://openalex.org/W4248664365
https://openalex.org/W4248666234
https://openalex.org/W4248686000
https://openalex.org/W4248734554
https://openalex.org/W4248753494
https://openalex.org/W4248756469
https://openalex.org/W4248782079
https://openalex.org/W4248836634
https://openalex.org/W4248849726
https://openalex.org/W4248895729
https://openalex.org/W4248927817
https://openalex.org/W4248964417
https://openalex.org/W4249025108
https://openalex.org/W4249066975
https://openalex.org/W4249078027
https://openalex.org/W4249120037
https://openalex.org/W4249186324
https://openalex.org/W4249189515
https://openalex.org/W4249202544
https://openalex.org/W4249289382
https://openalex.org/W4249298756
https://openalex.org/W4249323103
https://openalex.org/W4249354037
https://openalex.org/W4249375410
https://openalex.org/W4249378494
https://openalex.org/W4249422076
https://openalex.org/W4249488180
https://openalex.org/W4249529659
https://openalex.org/W4249550105
https://openalex.org/W4249555694
https://openalex.org/W4249651151
https://openalex.org/W4249683281
https://openalex.org/W4249694097
https://openalex.org/W4249786034
https://openalex.org/W4249792536
https://openalex.org/W4249848076
https://openalex.org/W4249869581
https://openalex.org/W4249888454
https://openalex.org/W4249911479
https://openalex.org/W4249943306
https://openalex.org/W4249958828
https://openalex.org/W4250005981
https://openalex.org/W4250057486
https://openalex.org/W4250090207
https://openalex.org/W4250126721
https://openalex.org/W4250133812
https://openalex.org/W4250196548
https://openalex.org/W4250262490
https://openalex.org/W4250266720
https://openalex.org/W4250308407
https://openalex.org/W4250308898
https://openalex.org/W4250335804
https://openalex.org/W4250380128
https://openalex.org/W4250392236
https://openalex.org/W4250401540
https://openalex.org/W4250413908
https://openalex.org/W4250475809
https://openalex.org/W4250515423
https://openalex.org/W4250532841
https://openalex.org/W4250630446
https://openalex.org/W4250660793
https://openalex.org/W4250758014
https://openalex.org/W4250763975
https://openalex.org/W4250768240
https://openalex.org/W4250772134
https://openalex.org/W4250777581
https://openalex.org/W4250925873
https://openalex.org/W4250948345
https://openalex.org/W4250951576
https://openalex.org/W4250956661
https://openalex.org/W4251101614
https://openalex.org/W4251151130
https://openalex.org/W4251162399
https://openalex.org/W4251172092
https://openalex.org/W4251174673
https://openalex.org/W4251201214
https://openalex.org/W4251259488
https://openalex.org/W4251282350
https://openalex.org/W4251392288
https://openalex.org/W4251418808
https://openalex.org/W4251432649
https://openalex.org/W4251437010
https://openalex.org/W4251458556
https://openalex.org/W4251487813
https://openalex.org/W4251499249
https://openalex.org/W4251515958
https://openalex.org/W4251539597
https://openalex.org/W4251585880
https://openalex.org/W4251617823
https://openalex.org/W4251627640
https://openalex.org/W4251632340
https://openalex.org/W4251663926
https://openalex.org/W4251811475
https://openalex.org/W4251833006
https://openalex.org/W4251846455
https://openalex.org/W4251894342
https://openalex.org/W4251899816
https://openalex.org/W4252025545
https://openalex.org/W4252034760
https://openalex.org/W4252130570
https://openalex.org/W4252190917
https://openalex.org/W4252203036
https://openalex.org/W4252220193
https://openalex.org/W4252220398
https://openalex.org/W4252243074
https://openalex.org/W4252286795
https://openalex.org/W4252304083
https://openalex.org/W4252333788
https://openalex.org/W4252336890
https://openalex.org/W4252339689
https://openalex.org/W4252384887
https://openalex.org/W4252439766
https://openalex.org/W4252465968
https://openalex.org/W4252510927
https://openalex.org/W4252595089
https://openalex.org/W4252602448
https://openalex.org/W4252603263
https://openalex.org/W4252606944
https://openalex.org/W4252638419
https://openalex.org/W4252676768
https://openalex.org/W4252701604
https://openalex.org/W4252742503
https://openalex.org/W4252784237
https://openalex.org/W4252841136
https://openalex.org/W4252943504
https://openalex.org/W4252991786
https://openalex.org/W4252997098
https://openalex.org/W4253001453
https://openalex.org/W4253008568
https://openalex.org/W4253053522
https://openalex.org/W4253101470
https://openalex.org/W4253139935
https://openalex.org/W4253163699
https://openalex.org/W4253214234
https://openalex.org/W4253225847
https://openalex.org/W4253229265
https://openalex.org/W4253261545
https://openalex.org/W4253326663
https://openalex.org/W4253346391
https://openalex.org/W4253451258
https://openalex.org/W4253452741
https://openalex.org/W4253454838
https://openalex.org/W4253516349
https://openalex.org/W4253532814
https://openalex.org/W4253538395
https://openalex.org/W4253595028
https://openalex.org/W4253623342
https://openalex.org/W4253656023
https://openalex.org/W4253665992
https://openalex.org/W4253677560
https://openalex.org/W4253733997
https://openalex.org/W4253735078
https://openalex.org/W4253792561
https://openalex.org/W4253839969
https://openalex.org/W4253907109
https://openalex.org/W4253990654
https://openalex.org/W4253995066
https://openalex.org/W4254002513
https://openalex.org/W4254008426
https://openalex.org/W4254081052
https://openalex.org/W4254132362
https://openalex.org/W4254196319
https://openalex.org/W4254200243
https://openalex.org/W4254212409
https://openalex.org/W4254253919
https://openalex.org/W4254276821
https://openalex.org/W4254282222
https://openalex.org/W4254303010
https://openalex.org/W4254337519
https://openalex.org/W4254352860
https://openalex.org/W4254512713
https://openalex.org/W4254524998
https://openalex.org/W4254609760
https://openalex.org/W4254647972
https://openalex.org/W4254754443
https://openalex.org/W4254756309
https://openalex.org/W4254800632
https://openalex.org/W4254805462
https://openalex.org/W4254842216
https://openalex.org/W4254955903
https://openalex.org/W4254991570
https://openalex.org/W4254999638
https://openalex.org/W4255018707
https://openalex.org/W4255074229
https://openalex.org/W4255103280
https://openalex.org/W4255109365
https://openalex.org/W4255146562
https://openalex.org/W4255153562
https://openalex.org/W4255168095
https://openalex.org/W4255286943
https://openalex.org/W4255314562
https://openalex.org/W4255335598
https://openalex.org/W4255403258
https://openalex.org/W4255450775
https://openalex.org/W4255469380
https://openalex.org/W4255490743
https://openalex.org/W4255560967
https://openalex.org/W4255613092
https://openalex.org/W4255633240
https://openalex.org/W4255638554
https://openalex.org/W4255682489
https://openalex.org/W4255700214
https://openalex.org/W4255700502
https://openalex.org/W4255752963
https://openalex.org/W4255778749
https://openalex.org/W4255795314
https://openalex.org/W4255807005
https://openalex.org/W4255808945
https://openalex.org/W4255871872
https://openalex.org/W4255887835
https://openalex.org/W4255896785
https://openalex.org/W4255905516
https://openalex.org/W4256001496
https://openalex.org/W4256008123
https://openalex.org/W4256149965
https://openalex.org/W4256160835
https://openalex.org/W4256242231
https://openalex.org/W4256244790
https://openalex.org/W4256248615
https://openalex.org/W4256281735
https://openalex.org/W4256287380
https://openalex.org/W4256301534
https://openalex.org/W4256321128
https://openalex.org/W4256346623
https://openalex.org/W4256363470
https://openalex.org/W4256432069
https://openalex.org/W4256456783
https://openalex.org/W4256457358
https://openalex.org/W4256459783
https://openalex.org/W4256461510
https://openalex.org/W4256498398
https://openalex.org/W4256560066
https://openalex.org/W4256644360
https://openalex.org/W4256691200
https://openalex.org/W4280494057
https://openalex.org/W4280511677
https://openalex.org/W4280524692
https://openalex.org/W4281397791
https://openalex.org/W4281679125
https://openalex.org/W4282963451
https://openalex.org/W4282969838
https://openalex.org/W4282976362
https://openalex.org/W4282980055
https://openalex.org/W4283033788
https://openalex.org/W4283655983
https://openalex.org/W4285205733
https://openalex.org/W4285256015
https://openalex.org/W4286233964
https://openalex.org/W4286265319
https://openalex.org/W4286508903
https://openalex.org/W4286511455
https://openalex.org/W4286511674
https://openalex.org/W4286512457
https://openalex.org/W4286512485
https://openalex.org/W4287146848
https://openalex.org/W4288727617
https://openalex.org/W4289260764
https://openalex.org/W4289342532
https://openalex.org/W4289528318
https://openalex.org/W4290667516
https://openalex.org/W4291730214
https://openalex.org/W4291913994
https://openalex.org/W4293414371
https://openalex.org/W4296039103
https://openalex.org/W4296266806
https://openalex.org/W4297014653
https://openalex.org/W4297426629
https://openalex.org/W4297961828
https://openalex.org/W4300275520
https://openalex.org/W4302082980
https://openalex.org/W4306410968
https://openalex.org/W4307946137
https://openalex.org/W4308410962
https://openalex.org/W4308611089
https://openalex.org/W4308842734
https://openalex.org/W4308878094
https://openalex.org/W4309224392
https://openalex.org/W4309518313
https://openalex.org/W4310441313
https://openalex.org/W4310467994
https://openalex.org/W4310582167
https://openalex.org/W4311282616
https://openalex.org/W4311369101
https://openalex.org/W4311725312
https://openalex.org/W4311998628
https://openalex.org/W4312018410
https://openalex.org/W4312032329
https://openalex.org/W4312032481
https://openalex.org/W4312050077
https://openalex.org/W4312080690
https://openalex.org/W4312087866
https://openalex.org/W4312138256
https://openalex.org/W4312209856
https://openalex.org/W4312385798
https://openalex.org/W4312561501
https://openalex.org/W4312960896
https://openalex.org/W4313306976
https://openalex.org/W4313355619
https://openalex.org/W4315925814
https://openalex.org/W4317560291
https://openalex.org/W4321345795
https://openalex.org/W4375870699
https://openalex.org/W4394099002
https://openalex.org/W4394160210
https://openalex.org/W4394379493
https://openalex.org/W4394531738
https://openalex.org/W4394555719
https://openalex.org/W78777836
https://openalex.org/W978773035
https://openalex.org/W994868945
https://openalex.org/W107573395
https://openalex.org/W1984742296
https://openalex.org/W2015225416
https://openalex.org/W2035344203
https://openalex.org/W2105514110
https://openalex.org/W2150188037
https://openalex.org/W2428806841
https://openalex.org/W2514287200
https://openalex.org/W4252314882
https://openalex.org/W588374692
https://openalex.org/W73233972
https://openalex.org/W1123823998
https://openalex.org/W1185465109
https://openalex.org/W1202794250
https://openalex.org/W136335601
https://openalex.org/W141093704
https://openalex.org/W193535329
https://openalex.org/W1979789704
https://openalex.org/W1986882085
https://openalex.org/W1991302329
https://openalex.org/W2002317289
https://openalex.org/W2025934252
https://openalex.org/W2031627468
https://openalex.org/W2214028994
https://openalex.org/W2257757576
https://openalex.org/W2308661516
https://openalex.org/W2361205954
https://openalex.org/W2376348162
https://openalex.org/W2400510590
https://openalex.org/W2401078511
https://openalex.org/W2406685498
https://openalex.org/W2412794309
https://openalex.org/W2468936447
https://openalex.org/W2476673368
https://openalex.org/W2477089072
https://openalex.org/W2477152848
https://openalex.org/W2478732461
https://openalex.org/W2481341262
https://openalex.org/W2484189817
https://openalex.org/W2486431119
https://openalex.org/W2486938208
https://openalex.org/W2486986772
https://openalex.org/W2487929612
https://openalex.org/W2488468496
https://openalex.org/W2488731029
https://openalex.org/W2490223694
https://openalex.org/W2490671366
https://openalex.org/W2492715025
https://openalex.org/W2494551196
https://openalex.org/W2495347404
https://openalex.org/W2500414830
https://openalex.org/W2500661517
https://openalex.org/W2500826196
https://openalex.org/W2501752644
https://openalex.org/W2502659550
https://openalex.org/W2502874771
https://openalex.org/W2503238007
https://openalex.org/W2504204809
https://openalex.org/W2504794329
https://openalex.org/W2504902129
https://openalex.org/W2505662299
https://openalex.org/W2505880354
https://openalex.org/W2521128210
https://openalex.org/W2625055745
https://openalex.org/W2729378720
https://openalex.org/W2729789870
https://openalex.org/W2775591838
https://openalex.org/W2789790234
https://openalex.org/W2791936899
https://openalex.org/W2800056830
https://openalex.org/W2800309568
https://openalex.org/W2802085999
https://openalex.org/W2803039071
https://openalex.org/W2804309052
https://openalex.org/W2807947590
https://openalex.org/W2808111059
https://openalex.org/W2809314401
https://openalex.org/W2809320341
https://openalex.org/W2809478209
https://openalex.org/W2810278414
https://openalex.org/W2884706109
https://openalex.org/W2885465484
https://openalex.org/W2887882682
https://openalex.org/W2887935287
https://openalex.org/W2889101610
https://openalex.org/W2889399257
https://openalex.org/W2889453362
https://openalex.org/W2892150941
https://openalex.org/W2892266122
https://openalex.org/W2894287645
https://openalex.org/W2896728115
https://openalex.org/W2896785303
https://openalex.org/W2897141813
https://openalex.org/W2898235982
https://openalex.org/W2898846211
https://openalex.org/W2898903133
https://openalex.org/W2900656314
https://openalex.org/W2902999151
https://openalex.org/W2912217765
https://openalex.org/W2914201534
https://openalex.org/W2915246380
https://openalex.org/W2915728397
https://openalex.org/W2918122492
https://openalex.org/W2919017083
https://openalex.org/W2919045774
https://openalex.org/W2920749144
https://openalex.org/W2931366138
https://openalex.org/W2932934060
https://openalex.org/W2936621368
https://openalex.org/W2940359242
https://openalex.org/W2941727860
https://openalex.org/W2942567584
https://openalex.org/W2944424550
https://openalex.org/W2945163060
https://openalex.org/W2945243028
https://openalex.org/W2946209734
https://openalex.org/W2946231590
https://openalex.org/W2946531800
https://openalex.org/W2950435285
https://openalex.org/W2951641171
https://openalex.org/W2951865811
https://openalex.org/W2954542278
https://openalex.org/W2954978776
https://openalex.org/W2956176568
https://openalex.org/W2957984122
https://openalex.org/W2958358356
https://openalex.org/W2962838614
https://openalex.org/W2965297464
https://openalex.org/W2966408323
https://openalex.org/W2968554156
https://openalex.org/W2969615690
https://openalex.org/W2970404420
https://openalex.org/W2971222756
https://openalex.org/W2971716744
https://openalex.org/W2973038450
https://openalex.org/W2973141560
https://openalex.org/W2974578959
https://openalex.org/W2974621645
https://openalex.org/W2975219134
https://openalex.org/W2976545108
https://openalex.org/W2976588928
https://openalex.org/W2980050972
https://openalex.org/W2980391923
https://openalex.org/W2980465725
https://openalex.org/W2980565707
https://openalex.org/W2980741672
https://openalex.org/W2981379153
https://openalex.org/W2981777292
https://openalex.org/W2981883718
https://openalex.org/W2982199027
https://openalex.org/W2983387506
https://openalex.org/W2988664584
https://openalex.org/W2989201619
https://openalex.org/W2992124472
https://openalex.org/W2993689175
https://openalex.org/W2994673881
https://openalex.org/W2995177907
https://openalex.org/W2995443356
https://openalex.org/W2997832310
https://openalex.org/W3011017015
https://openalex.org/W3013843342
https://openalex.org/W3014632066
https://openalex.org/W3024344638
https://openalex.org/W3025171161
https://openalex.org/W3029127649
https://openalex.org/W3030767730
https://openalex.org/W3042651792
https://openalex.org/W3044875481
https://openalex.org/W3044999686
https://openalex.org/W3108331437
https://openalex.org/W3111069480
https://openalex.org/W3115703690
https://openalex.org/W3118935247
https://openalex.org/W3121208121
https://openalex.org/W3133853795
https://openalex.org/W3149264913
https://openalex.org/W3151979329
https://openalex.org/W3154599547
https://openalex.org/W3157072486
https://openalex.org/W3157841008
https://openalex.org/W3159768425
https://openalex.org/W3160165761
https://openalex.org/W3168911744
https://openalex.org/W3176286308
https://openalex.org/W3179442604
https://openalex.org/W3181383869
https://openalex.org/W3190251514
https://openalex.org/W3192985849
https://openalex.org/W3194049002
https://openalex.org/W3200236299
https://openalex.org/W3202167560
https://openalex.org/W3208173584
https://openalex.org/W3208557969
https://openalex.org/W3210728231
https://openalex.org/W3211378818
https://openalex.org/W3215303869
https://openalex.org/W4213049231
https://openalex.org/W4231184768
https://openalex.org/W4234516191
https://openalex.org/W4235920104
https://openalex.org/W4236312842
https://openalex.org/W4237897538
https://openalex.org/W4238589334
https://openalex.org/W4238958194
https://openalex.org/W4239143118
https://openalex.org/W4239540110
https://openalex.org/W4240392938
https://openalex.org/W4240499243
https://openalex.org/W4241658117
https://openalex.org/W4242011175
https://openalex.org/W4242772124
https://openalex.org/W4243363741
https://openalex.org/W4244416833
https://openalex.org/W4244596125
https://openalex.org/W4246106616
https://openalex.org/W4249283877
https://openalex.org/W4251172136
https://openalex.org/W4252381291
https://openalex.org/W4252703109
https://openalex.org/W4252831987
https://openalex.org/W4253226822
https://openalex.org/W4253235564
https://openalex.org/W4253299576
https://openalex.org/W4254464037
https://openalex.org/W4254868530
https://openalex.org/W4255771150
https://openalex.org/W4256215038
https://openalex.org/W4285786145
https://openalex.org/W4289751406
https://openalex.org/W4394324955
https://openalex.org/W4395240524
https://openalex.org/W983393972
https://openalex.org/W2006094846
https://openalex.org/W2041825776
https://openalex.org/W2120086643
https://openalex.org/W2264652039
https://openalex.org/W2405041652
https://openalex.org/W2410853241
https://openalex.org/W2412011881
https://openalex.org/W2414557900
https://openalex.org/W2612712757
https://openalex.org/W609411147
https://openalex.org/W938755936
https://openalex.org/W1126500206
https://openalex.org/W1158735127
https://openalex.org/W1476926485
https://openalex.org/W1498342685
https://openalex.org/W1518450742
https://openalex.org/W1552161644
https://openalex.org/W1596190664
https://openalex.org/W1815264826
https://openalex.org/W1928828097
https://openalex.org/W196771731
https://openalex.org/W1970630181
https://openalex.org/W1970731702
https://openalex.org/W1982129229
https://openalex.org/W1986331822
https://openalex.org/W1991843138
https://openalex.org/W2016819450
https://openalex.org/W2052687580
https://openalex.org/W2137352900
https://openalex.org/W2170058261
https://openalex.org/W2229504002
https://openalex.org/W2243361748
https://openalex.org/W2248742444
https://openalex.org/W2292137885
https://openalex.org/W2299999581
https://openalex.org/W2303954713
https://openalex.org/W2347285213
https://openalex.org/W2352357640
https://openalex.org/W2406001670
https://openalex.org/W2421168592
https://openalex.org/W2423775619
https://openalex.org/W2462050889
https://openalex.org/W249113129
https://openalex.org/W2500067024
https://openalex.org/W2543252477
https://openalex.org/W2575999033
https://openalex.org/W2599503903
https://openalex.org/W2625241507
https://openalex.org/W2626636868
https://openalex.org/W2738615597
https://openalex.org/W2952952431
https://openalex.org/W2989587217
https://openalex.org/W2992924011
https://openalex.org/W2996199424
https://openalex.org/W2999167719
https://openalex.org/W3005873189
https://openalex.org/W3007458805
https://openalex.org/W3012246929
https://openalex.org/W3019387023
https://openalex.org/W3021622878
https://openalex.org/W3027973343
https://openalex.org/W3029352105
https://openalex.org/W3032272984
https://openalex.org/W3033479488
https://openalex.org/W3033881378
https://openalex.org/W3041327336
https://openalex.org/W3041342879
https://openalex.org/W3049528139
https://openalex.org/W3083876104
https://openalex.org/W3088686015
https://openalex.org/W3090984974
https://openalex.org/W3092349408
https://openalex.org/W3098246629
https://openalex.org/W3107204794
https://openalex.org/W3107309022
https://openalex.org/W3108201932
https://openalex.org/W3110017556
https://openalex.org/W3111344347
https://openalex.org/W3126841419
https://openalex.org/W3128085878
https://openalex.org/W3128404566
https://openalex.org/W3131922661
https://openalex.org/W3137759713
https://openalex.org/W3144761557
https://openalex.org/W3153805482
https://openalex.org/W3158114067
https://openalex.org/W3158162812
https://openalex.org/W3158930041
https://openalex.org/W3166227070
https://openalex.org/W3171201030
https://openalex.org/W3172630222
https://openalex.org/W3184861269
https://openalex.org/W3210417032
https://openalex.org/W4210474802
https://openalex.org/W4231533170
https://openalex.org/W4237591346
https://openalex.org/W4243048084
https://openalex.org/W4244048759
https://openalex.org/W4249145747
https://openalex.org/W4251153988
https://openalex.org/W4389260353
https://openalex.org/W4394305034
https://openalex.org/W4394338301
https://openalex.org/W4395486047
https://openalex.org/W2001495919
https://openalex.org/W772555968
https://openalex.org/W1169395366
https://openalex.org/W1204450648
https://openalex.org/W1514726231
https://openalex.org/W1601015444
https://openalex.org/W162490049
https://openalex.org/W195915497
https://openalex.org/W1994772287
https://openalex.org/W200561116
https://openalex.org/W2041670673
https://openalex.org/W2050978834
https://openalex.org/W2075719068
https://openalex.org/W2093819091
https://openalex.org/W2095552118
https://openalex.org/W2211912965
https://openalex.org/W2258871856
https://openalex.org/W2313808949
https://openalex.org/W2316464927
https://openalex.org/W2356739358
https://openalex.org/W2366782151
https://openalex.org/W2368965449
https://openalex.org/W2372470154
https://openalex.org/W2392500510
https://openalex.org/W2405514669
https://openalex.org/W2412301643
https://openalex.org/W2414654799
https://openalex.org/W2416178971
https://openalex.org/W2666688565
https://openalex.org/W2679819223
https://openalex.org/W2709256255
https://openalex.org/W2713555588
https://openalex.org/W2797817044
https://openalex.org/W3092913266
https://openalex.org/W3128409690
https://openalex.org/W3214997737
https://openalex.org/W4234427946
https://openalex.org/W758712980
https://openalex.org/W1174828815
https://openalex.org/W1468721858
https://openalex.org/W1540474106
https://openalex.org/W2348607737
https://openalex.org/W2399186020
https://openalex.org/W2416193811
https://openalex.org/W3036382268
https://openalex.org/W30794731
https://openalex.org/W3094837306
https://openalex.org/W3118554654
https://openalex.org/W3122780257
https://openalex.org/W3127286574
https://openalex.org/W3129035999
https://openalex.org/W3133480480
https://openalex.org/W3135241912
https://openalex.org/W3137472704
https://openalex.org/W3138000606
https://openalex.org/W3138265327
https://openalex.org/W3156265411
https://openalex.org/W3156946577
https://openalex.org/W3158016871
https://openalex.org/W3161560442
https://openalex.org/W3162679619
https://openalex.org/W3163305730
https://openalex.org/W3163479747
https://openalex.org/W3168894257
https://openalex.org/W3168974704
https://openalex.org/W3169897645
https://openalex.org/W3170725709
https://openalex.org/W3171801627
https://openalex.org/W3173461089
https://openalex.org/W3173657217
https://openalex.org/W3174667793
https://openalex.org/W3174671132
https://openalex.org/W3175548824
https://openalex.org/W3176034139
https://openalex.org/W3176615112
https://openalex.org/W3178759267
https://openalex.org/W3182502858
https://openalex.org/W3182840846
https://openalex.org/W3185297402
https://openalex.org/W3186259390
https://openalex.org/W3186510917
https://openalex.org/W3188213013
https://openalex.org/W3189009197
https://openalex.org/W3189222413
https://openalex.org/W3194671086
https://openalex.org/W3198328007
https://openalex.org/W3199445047
https://openalex.org/W3200232474
https://openalex.org/W3202227207
https://openalex.org/W3207788774
https://openalex.org/W3210423824
https://openalex.org/W3211051558
https://openalex.org/W3211490717
https://openalex.org/W3213763847
https://openalex.org/W3213806310
https://openalex.org/W3214263786
https://openalex.org/W3216396096
https://openalex.org/W4200164573
https://openalex.org/W4205336532
https://openalex.org/W4205406746
https://openalex.org/W4205546355
https://openalex.org/W4205710042
https://openalex.org/W4205813458
https://openalex.org/W4206284844
https://openalex.org/W4225592264
https://openalex.org/W4225661589
https://openalex.org/W4236699474
https://openalex.org/W4238768717
https://openalex.org/W4239013662
https://openalex.org/W4245633791
https://openalex.org/W4286894669
https://openalex.org/W4288073460
https://openalex.org/W4392275849
https://openalex.org/W4394161934
https://openalex.org/W4394168497
https://openalex.org/W4394557200
https://openalex.org/W1038005992
https://openalex.org/W111036613
https://openalex.org/W1565864629
https://openalex.org/W1967917624
https://openalex.org/W1977449953
https://openalex.org/W2040509763
https://openalex.org/W2077040626
https://openalex.org/W2324774813
https://openalex.org/W2414745981
https://openalex.org/W2419559072
https://openalex.org/W2440576888
https://openalex.org/W2596666562
https://openalex.org/W2613525811
https://openalex.org/W3099702433
https://openalex.org/W3105873535
https://openalex.org/W390465752
https://openalex.org/W4230833589
https://openalex.org/W4256394251
https://openalex.org/W17237735
https://openalex.org/W66064087
https://openalex.org/W9132646
https://openalex.org/W1137988296
https://openalex.org/W1138859300
https://openalex.org/W1183363360
https://openalex.org/W1192557539
https://openalex.org/W180823583
https://openalex.org/W1890648263
https://openalex.org/W2015649835
https://openalex.org/W2032648184
https://openalex.org/W2032662111
https://openalex.org/W2046472409
https://openalex.org/W240064924
https://openalex.org/W2401148287
https://openalex.org/W2416211544
https://openalex.org/W2428706095
https://openalex.org/W2488462189
https://openalex.org/W3036700064
https://openalex.org/W3083720454
https://openalex.org/W3092737607
https://openalex.org/W3092838484
https://openalex.org/W3093313411
https://openalex.org/W3211193106
https://openalex.org/W3217077790
https://openalex.org/W4214590960
https://openalex.org/W4231597778
https://openalex.org/W4256484907
https://openalex.org/W90883111
https://openalex.org/W1612005597
https://openalex.org/W1924703290
https://openalex.org/W2028604072
https://openalex.org/W2033248632
https://openalex.org/W2052800655
https://openalex.org/W2091589322
https://openalex.org/W2325896848
https://openalex.org/W2334488152
https://openalex.org/W2397569470
https://openalex.org/W2410950154
https://openalex.org/W2413546077
https://openalex.org/W2417334403
https://openalex.org/W2460206278
https://openalex.org/W2464256215
https://openalex.org/W2468318253
https://openalex.org/W2470853803
https://openalex.org/W25004916
https://openalex.org/W2592564095
https://openalex.org/W2606998148
https://openalex.org/W2998480876
https://openalex.org/W4230574773
https://openalex.org/W4237259029
https://openalex.org/W4254639302
https://openalex.org/W626233716
https://openalex.org/W839453855
https://openalex.org/W983944691
https://openalex.org/W139601584
https://openalex.org/W1985057199
https://openalex.org/W2007442172
https://openalex.org/W2174321580
https://openalex.org/W22739461
https://openalex.org/W2306655557
https://openalex.org/W2312772180
https://openalex.org/W2333923582
https://openalex.org/W2334287326
https://openalex.org/W2399131902
https://openalex.org/W2404625713
https://openalex.org/W2406191095
https://openalex.org/W2410981532
https://openalex.org/W2418933183
https://openalex.org/W2781177634
https://openalex.org/W2782458142
https://openalex.org/W2783183791
https://openalex.org/W2783629725
https://openalex.org/W2797351202
https://openalex.org/W3137028362
https://openalex.org/W3171589233
https://openalex.org/W324012264
https://openalex.org/W746730519
https://openalex.org/W815418716
https://openalex.org/W115423128
https://openalex.org/W1535686457
https://openalex.org/W1581769340
https://openalex.org/W163997362
https://openalex.org/W1650623669
https://openalex.org/W173409121
https://openalex.org/W1983914529
https://openalex.org/W1990549466
https://openalex.org/W2049573356
https://openalex.org/W2057717728
https://openalex.org/W2084338593
https://openalex.org/W2131584434
https://openalex.org/W2232688127
https://openalex.org/W2284433526
https://openalex.org/W2289266443
https://openalex.org/W2312881692
https://openalex.org/W2333812672
https://openalex.org/W2397297775
https://openalex.org/W2409453764
https://openalex.org/W2412342946
https://openalex.org/W2412692693
https://openalex.org/W2415560341
https://openalex.org/W2417822352
https://openalex.org/W2417947920
https://openalex.org/W2439805199
https://openalex.org/W2461979871
https://openalex.org/W2466421189
https://openalex.org/W2503326684
https://openalex.org/W27704193
https://openalex.org/W2949080094
https://openalex.org/W2951630806
https://openalex.org/W2951915480
https://openalex.org/W2991494733
https://openalex.org/W3035388405
https://openalex.org/W3036867209
https://openalex.org/W3044917259
https://openalex.org/W3127697403
https://openalex.org/W3187095745
https://openalex.org/W3191114116
https://openalex.org/W3200850127
https://openalex.org/W4238780801
https://openalex.org/W4249613324
https://openalex.org/W603612339
https://openalex.org/W87434393
https://openalex.org/W2024280594
https://openalex.org/W1826524642
https://openalex.org/W2095484045
https://openalex.org/W2156872475
https://openalex.org/W2180795626
https://openalex.org/W2139397808
https://openalex.org/W2011795445
https://openalex.org/W2004771750
https://openalex.org/W2014624348
https://openalex.org/W2054657650
https://openalex.org/W2044033792
https://openalex.org/W1966453709
https://openalex.org/W2073101093
https://openalex.org/W2047070443
https://openalex.org/W2132247162
https://openalex.org/W1996949194
https://openalex.org/W2061429557
https://openalex.org/W2084354167
https://openalex.org/W4240681846
https://openalex.org/W128302075
https://openalex.org/W2036659083
https://openalex.org/W2095591678
https://openalex.org/W2145060259
https://openalex.org/W2084818621
https://openalex.org/W2059695215
https://openalex.org/W2017692699
https://openalex.org/W2044273755
https://openalex.org/W1971645561
https://openalex.org/W2079526924
https://openalex.org/W2084278833
https://openalex.org/W2078511240
https://openalex.org/W1994445887
https://openalex.org/W2080229333
https://openalex.org/W2164670057
https://openalex.org/W1991517295
https://openalex.org/W1967017947
https://openalex.org/W2024545138
https://openalex.org/W2058019531
https://openalex.org/W2135767314
https://openalex.org/W2072714763
https://openalex.org/W1791604348
https://openalex.org/W2026299485
https://openalex.org/W1895551417
https://openalex.org/W2064894017
https://openalex.org/W2149610907
https://openalex.org/W1682711168
https://openalex.org/W2003570140
https://openalex.org/W1997664029
https://openalex.org/W2099434032
https://openalex.org/W2079576820
https://openalex.org/W2098098349
https://openalex.org/W2020937422
https://openalex.org/W3037615636
https://openalex.org/W4245966595
https://openalex.org/W2054931113
https://openalex.org/W2093189266
https://openalex.org/W2042752142
https://openalex.org/W1795036143
https://openalex.org/W1964528687
https://openalex.org/W2150122219
https://openalex.org/W2025162213
https://openalex.org/W1480318984
https://openalex.org/W2165829211
https://openalex.org/W1971854296
https://openalex.org/W2016620103
https://openalex.org/W1995729295
https://openalex.org/W1996492700
https://openalex.org/W2171216706
https://openalex.org/W1566040275
https://openalex.org/W2792808060
https://openalex.org/W2083715166
https://openalex.org/W2094214131
https://openalex.org/W2567922469
https://openalex.org/W2782197585
https://openalex.org/W2121892537
https://openalex.org/W2140398258
https://openalex.org/W2108362314
https://openalex.org/W2171223590
https://openalex.org/W1982711084
https://openalex.org/W2038687074
https://openalex.org/W2054605144
https://openalex.org/W2097103181
https://openalex.org/W1948328269
https://openalex.org/W2127804464
https://openalex.org/W1965485247
https://openalex.org/W2027854877
https://openalex.org/W2115051410
https://openalex.org/W2154115093
https://openalex.org/W1920673175
https://openalex.org/W2049355608
https://openalex.org/W2007205949
https://openalex.org/W2023549330
https://openalex.org/W2031946492
https://openalex.org/W2085093642
https://openalex.org/W1488111020
https://openalex.org/W2022932732
https://openalex.org/W2043441272
https://openalex.org/W2011156896
https://openalex.org/W2006874407
https://openalex.org/W2133932693
https://openalex.org/W1799724200
https://openalex.org/W2061466183
https://openalex.org/W2087586256
https://openalex.org/W2118132057
https://openalex.org/W1983719065
https://openalex.org/W2114805139
https://openalex.org/W2161025366
https://openalex.org/W2108889104
https://openalex.org/W1834621352
https://openalex.org/W2046190737
https://openalex.org/W2118496679
https://openalex.org/W4291193084
https://openalex.org/W2038155066
https://openalex.org/W1998832402
https://openalex.org/W2002357551
https://openalex.org/W1999214130
https://openalex.org/W2083949084
https://openalex.org/W2005709774
https://openalex.org/W2071532423
https://openalex.org/W2142641638
https://openalex.org/W2086145650
https://openalex.org/W1530910112
https://openalex.org/W1611973169
https://openalex.org/W2041031381
https://openalex.org/W2000884572
https://openalex.org/W2050034197
https://openalex.org/W2049894288
https://openalex.org/W1516567202
https://openalex.org/W1975368375
https://openalex.org/W2013609014
https://openalex.org/W2145242428
https://openalex.org/W2073942032
https://openalex.org/W2077421380
https://openalex.org/W1968710429
https://openalex.org/W2065545001
https://openalex.org/W1480621946
https://openalex.org/W2006036404
https://openalex.org/W2030534890
https://openalex.org/W1972215727
https://openalex.org/W2043694838
https://openalex.org/W2006212884
https://openalex.org/W2065173670
https://openalex.org/W1568763343
https://openalex.org/W1983434946
https://openalex.org/W2078520385
https://openalex.org/W2093599720
https://openalex.org/W1990441521
https://openalex.org/W2137105424
https://openalex.org/W2169269127
https://openalex.org/W1603531409
https://openalex.org/W1978013460
https://openalex.org/W1824987675
https://openalex.org/W2152548248
https://openalex.org/W2003950118
https://openalex.org/W2096308905
https://openalex.org/W1538764721
https://openalex.org/W1976782840
https://openalex.org/W2013417528
https://openalex.org/W2102826595
https://openalex.org/W1452565297
https://openalex.org/W2073266364
https://openalex.org/W2153227845
https://openalex.org/W2069717128
https://openalex.org/W2064129423
https://openalex.org/W1983612326
https://openalex.org/W2040188458
https://openalex.org/W2094992128
https://openalex.org/W2155216218
https://openalex.org/W2493190817
https://openalex.org/W4249315380
https://openalex.org/W2073614478
https://openalex.org/W2111399483
https://openalex.org/W1974840884
https://openalex.org/W1989493272
https://openalex.org/W2048209599
https://openalex.org/W2123281538
https://openalex.org/W2032556026
https://openalex.org/W1984190049
https://openalex.org/W2075243899
https://openalex.org/W2074250292
https://openalex.org/W2088128491
https://openalex.org/W2118075248
https://openalex.org/W2168139795
https://openalex.org/W1598467562
https://openalex.org/W2116972515
https://openalex.org/W2164263193
https://openalex.org/W313659634
https://openalex.org/W2883444401
https://openalex.org/W2534802175
https://openalex.org/W2074119207
https://openalex.org/W2151601849
https://openalex.org/W2063370018
https://openalex.org/W2653464886
https://openalex.org/W1569496200
https://openalex.org/W2958524612
https://openalex.org/W4237971858
https://openalex.org/W2299299570
https://openalex.org/W2338157594
https://openalex.org/W1987039033
https://openalex.org/W2553673589
https://openalex.org/W2580091273
https://openalex.org/W2327303435
https://openalex.org/W2763013404
https://openalex.org/W3083552745
https://openalex.org/W4229373608
https://openalex.org/W3205623221
https://openalex.org/W4389003273
https://openalex.org/W2124565155
https://openalex.org/W2109964745
https://openalex.org/W2105283210
https://openalex.org/W2106209530
https://openalex.org/W2113435825
https://openalex.org/W2133354479
https://openalex.org/W2118739418
https://openalex.org/W2057644263
https://openalex.org/W1580685922
https://openalex.org/W2091849628
https://openalex.org/W2092488650
https://openalex.org/W2172096382
https://openalex.org/W164073909
https://openalex.org/W2027016361
https://openalex.org/W2055262054
https://openalex.org/W2022892916
https://openalex.org/W2096483686
https://openalex.org/W2091349388
https://openalex.org/W2045894877
https://openalex.org/W2338346296
https://openalex.org/W1989346050
https://openalex.org/W2078667630
https://openalex.org/W2099217132
https://openalex.org/W1739697637
https://openalex.org/W1933166720
https://openalex.org/W2166185276
https://openalex.org/W1968069828
https://openalex.org/W2008820602
https://openalex.org/W1999728118
https://openalex.org/W2110890550
https://openalex.org/W1949052814
https://openalex.org/W1858320063
https://openalex.org/W1969447026
https://openalex.org/W2027603959
https://openalex.org/W2052285628
https://openalex.org/W2106774001
https://openalex.org/W1788091111
https://openalex.org/W1968142497
https://openalex.org/W1974110659
https://openalex.org/W2087045223
https://openalex.org/W2011813865
https://openalex.org/W2070652705
https://openalex.org/W2013816965
https://openalex.org/W1969705974
https://openalex.org/W2150670666
https://openalex.org/W1938893963
https://openalex.org/W2027522974
https://openalex.org/W2099936009
https://openalex.org/W2036865475
https://openalex.org/W2124587242
https://openalex.org/W2167370083
https://openalex.org/W2112416319
https://openalex.org/W2082533644
https://openalex.org/W2096759470
https://openalex.org/W1967385085
https://openalex.org/W2055507009
https://openalex.org/W2072348418
https://openalex.org/W2133458672
https://openalex.org/W2022106874
https://openalex.org/W1965331341
https://openalex.org/W2007296317
https://openalex.org/W2005026998
https://openalex.org/W1964628320
https://openalex.org/W1967349100
https://openalex.org/W2130008337
https://openalex.org/W2023740957
https://openalex.org/W2094800386
https://openalex.org/W1990234989
https://openalex.org/W1984761355
https://openalex.org/W2080558257
https://openalex.org/W2054108789
https://openalex.org/W2057023221
https://openalex.org/W2169674136
https://openalex.org/W2036850009
https://openalex.org/W2100358516
https://openalex.org/W2135314759
https://openalex.org/W1915970248
https://openalex.org/W2114090959
https://openalex.org/W2613983133
https://openalex.org/W1835778803
https://openalex.org/W1975061479
https://openalex.org/W2128861695
https://openalex.org/W960576833
https://openalex.org/W2011176785
https://openalex.org/W2084433633
https://openalex.org/W2105904227
https://openalex.org/W2753738774
https://openalex.org/W1990061060
https://openalex.org/W2732366421
https://openalex.org/W2895011813
https://openalex.org/W213799683
https://openalex.org/W2180117498
https://openalex.org/W2802190040
https://openalex.org/W2557202961
https://openalex.org/W2191555067
https://openalex.org/W2962872364
https://openalex.org/W2943921528
https://openalex.org/W2979594395
https://openalex.org/W3036260423
https://openalex.org/W3001422740
https://openalex.org/W3028560525
https://openalex.org/W3092462028
https://openalex.org/W3170698102
https://openalex.org/W3126008321
https://openalex.org/W3136852731
https://openalex.org/W3154679898
https://openalex.org/W4391405522
https://openalex.org/W4392239796
https://openalex.org/W2103432148
https://openalex.org/W2064350371
https://openalex.org/W2141888384
https://openalex.org/W2123123006
https://openalex.org/W2008498387
https://openalex.org/W1966129128
https://openalex.org/W1974955763
https://openalex.org/W2159228263
https://openalex.org/W2135949918
https://openalex.org/W1994271982
https://openalex.org/W2086217097
https://openalex.org/W2152898603
https://openalex.org/W2057922014
https://openalex.org/W1979013747
https://openalex.org/W2045258027
https://openalex.org/W2038023771
https://openalex.org/W2071909648
https://openalex.org/W2060871067
https://openalex.org/W2122113735
https://openalex.org/W2162069529
https://openalex.org/W2007705482
https://openalex.org/W2063889984
https://openalex.org/W1987353274
https://openalex.org/W1978712311
https://openalex.org/W1575863011
https://openalex.org/W2015185485
https://openalex.org/W1997184987
https://openalex.org/W2051092961
https://openalex.org/W55158333
https://openalex.org/W2072905769
https://openalex.org/W2111970891
https://openalex.org/W1555444070
https://openalex.org/W2025867011
https://openalex.org/W2113075038
https://openalex.org/W2161235243
https://openalex.org/W1977013241
https://openalex.org/W2163951441
https://openalex.org/W2101900427
https://openalex.org/W1537897012
https://openalex.org/W1749250877
https://openalex.org/W2115905835
https://openalex.org/W2115797213
https://openalex.org/W2001672053
https://openalex.org/W2009379563
https://openalex.org/W2129127655
https://openalex.org/W2107934251
https://openalex.org/W2114410899
https://openalex.org/W2043155566
https://openalex.org/W213877970
https://openalex.org/W2140346512
https://openalex.org/W1513440598
https://openalex.org/W2021558343
https://openalex.org/W2317587665
https://openalex.org/W2009882309
https://openalex.org/W1481316424
https://openalex.org/W2047500895
https://openalex.org/W1802891494
https://openalex.org/W1998430608
https://openalex.org/W1976891148
https://openalex.org/W2087220629
https://openalex.org/W2005200745
https://openalex.org/W2027567671
https://openalex.org/W2153184117
https://openalex.org/W2085119289
https://openalex.org/W2521049593
https://openalex.org/W1968635955
https://openalex.org/W2779386286
https://openalex.org/W2105569336
https://openalex.org/W2509296301
https://openalex.org/W1988525907
https://openalex.org/W2261017702
https://openalex.org/W3000450099
https://openalex.org/W2926059413
https://openalex.org/W3005738728
https://openalex.org/W3186632176
https://openalex.org/W4224281176
https://openalex.org/W4379745585
https://openalex.org/W4317777318
https://openalex.org/W4318913348
https://openalex.org/W1972550543
https://openalex.org/W1520661990
https://openalex.org/W2004143314
https://openalex.org/W2099279615
https://openalex.org/W2151195025
https://openalex.org/W2159253866
https://openalex.org/W2137118122
https://openalex.org/W2147337689
https://openalex.org/W2103811512
https://openalex.org/W2060319335
https://openalex.org/W2079152313
https://openalex.org/W1980081730
https://openalex.org/W1998037624
https://openalex.org/W1818574118
https://openalex.org/W2041619453
https://openalex.org/W1983873598
https://openalex.org/W1952624766
https://openalex.org/W1534385702
https://openalex.org/W2060388481
https://openalex.org/W2016896206
https://openalex.org/W2064115427
https://openalex.org/W2065340743
https://openalex.org/W1595043192
https://openalex.org/W1978253685
https://openalex.org/W2034966935
https://openalex.org/W2135241372
https://openalex.org/W2090219063
https://openalex.org/W2129058984
https://openalex.org/W2154456113
https://openalex.org/W1965086541
https://openalex.org/W1986892567
https://openalex.org/W2046502861
https://openalex.org/W4250278165
https://openalex.org/W2124134042
https://openalex.org/W2149873775
https://openalex.org/W1990849144
https://openalex.org/W2500287430
https://openalex.org/W1933123628
https://openalex.org/W2028699785
https://openalex.org/W1967324554
https://openalex.org/W2053081509
https://openalex.org/W2150149229
https://openalex.org/W2020340830
https://openalex.org/W2142760318
https://openalex.org/W2127175450
https://openalex.org/W2037184563
https://openalex.org/W2095757095
https://openalex.org/W2011313954
https://openalex.org/W2028662696
https://openalex.org/W2005998843
https://openalex.org/W2110513361
https://openalex.org/W2000134324
https://openalex.org/W2283062553
https://openalex.org/W2142348071
https://openalex.org/W619055504
https://openalex.org/W2614322318
https://openalex.org/W2739398739
https://openalex.org/W2782164086
https://openalex.org/W2800736372
https://openalex.org/W2551622157
https://openalex.org/W2768602203
https://openalex.org/W2913417736
https://openalex.org/W2955444209
https://openalex.org/W2981406861
https://openalex.org/W2990194561
https://openalex.org/W2999054168
https://openalex.org/W3201949744
https://openalex.org/W3196670927
https://openalex.org/W3208058999
https://openalex.org/W4289450653
https://openalex.org/W4205387890
https://openalex.org/W4294575923
https://openalex.org/W4376122097
https://openalex.org/W2035086256
https://openalex.org/W2128645382
https://openalex.org/W2115020985
https://openalex.org/W2009808438
https://openalex.org/W2098314748
https://openalex.org/W1965495167
https://openalex.org/W2019502498
https://openalex.org/W2092398057
https://openalex.org/W2042451909
https://openalex.org/W2129654660
https://openalex.org/W2085520461
https://openalex.org/W2038440008
https://openalex.org/W2087778523
https://openalex.org/W2089394213
https://openalex.org/W2066942768
https://openalex.org/W4212825628
https://openalex.org/W2150600380
https://openalex.org/W1634234391
https://openalex.org/W2075759886
https://openalex.org/W4248498481
https://openalex.org/W1590811925
https://openalex.org/W2067846278
https://openalex.org/W2127372573
https://openalex.org/W1565731712
https://openalex.org/W1975796886
https://openalex.org/W1991846911
https://openalex.org/W1970668863
https://openalex.org/W1808379719
https://openalex.org/W2027691750
https://openalex.org/W2076160928
https://openalex.org/W2082329961
https://openalex.org/W2170462287
https://openalex.org/W2152246906
https://openalex.org/W2036447858
https://openalex.org/W1972865227
https://openalex.org/W2144223708
https://openalex.org/W2539399974
https://openalex.org/W2156807794
https://openalex.org/W1937588794
https://openalex.org/W2041968640
https://openalex.org/W2112242823
https://openalex.org/W2291100056
https://openalex.org/W2469074719
https://openalex.org/W2517431286
https://openalex.org/W2965635349
https://openalex.org/W2998307054
https://openalex.org/W3005584447
https://openalex.org/W3023896026
https://openalex.org/W3199545406
https://openalex.org/W4368357167
https://openalex.org/W1993227402
https://openalex.org/W2113999865
https://openalex.org/W2135559082
https://openalex.org/W2495213566
https://openalex.org/W2079428602
https://openalex.org/W2091455797
https://openalex.org/W2110860724
https://openalex.org/W2115473988
https://openalex.org/W2040802390
https://openalex.org/W1993584864
https://openalex.org/W2061032018
https://openalex.org/W1983184635
https://openalex.org/W2151558449
https://openalex.org/W2086875920
https://openalex.org/W1995871229
https://openalex.org/W2001116929
https://openalex.org/W2074096050
https://openalex.org/W1503300820
https://openalex.org/W4238029865
https://openalex.org/W1966446280
https://openalex.org/W1985769637
https://openalex.org/W2119400844
https://openalex.org/W1498464952
https://openalex.org/W2402484287
https://openalex.org/W2023697916
https://openalex.org/W2098420084
https://openalex.org/W2174037298
https://openalex.org/W2011650559
https://openalex.org/W2083440842
https://openalex.org/W2306314098
https://openalex.org/W2084323508
https://openalex.org/W2006158693
https://openalex.org/W2031445819
https://openalex.org/W1963627822
https://openalex.org/W2006123779
https://openalex.org/W2009879820
https://openalex.org/W2164751835
https://openalex.org/W2012457903
https://openalex.org/W2012733607
https://openalex.org/W2083033082
https://openalex.org/W2119091207
https://openalex.org/W2048846209
https://openalex.org/W2245444800
https://openalex.org/W2623894265
https://openalex.org/W2944131629
https://openalex.org/W2952480066
https://openalex.org/W2972583517
https://openalex.org/W2696387075
https://openalex.org/W3090200355
https://openalex.org/W3026790062
https://openalex.org/W3046920751
https://openalex.org/W3084135819
https://openalex.org/W3210541208
https://openalex.org/W4308006889
https://openalex.org/W4281256329
https://openalex.org/W4283079499
https://openalex.org/W4367181427
https://openalex.org/W4376875102
https://openalex.org/W2034480362
https://openalex.org/W1990096531
https://openalex.org/W2162350700
https://openalex.org/W1985786910
https://openalex.org/W2002842607
https://openalex.org/W2037162133
https://openalex.org/W1908791971
https://openalex.org/W2046137060
https://openalex.org/W2109645739
https://openalex.org/W1988695408
https://openalex.org/W2041775713
https://openalex.org/W4293858858
https://openalex.org/W2083790370
https://openalex.org/W2050869399
https://openalex.org/W2166399607
https://openalex.org/W2135117578
https://openalex.org/W1984810993
https://openalex.org/W1527369365
https://openalex.org/W1989704274
https://openalex.org/W2018465837
https://openalex.org/W2154191515
https://openalex.org/W1587420398
https://openalex.org/W2147886170
https://openalex.org/W7041869
https://openalex.org/W1982255602
https://openalex.org/W1996459633
https://openalex.org/W2127747226
https://openalex.org/W2148426658
https://openalex.org/W2023208989
https://openalex.org/W2083620074
https://openalex.org/W1966025845
https://openalex.org/W2067283256
https://openalex.org/W2016299924
https://openalex.org/W2491786369
https://openalex.org/W2807683908
https://openalex.org/W2142388591
https://openalex.org/W2891055417
https://openalex.org/W2288049440
https://openalex.org/W2469580871
https://openalex.org/W2796789086
https://openalex.org/W2896530885
https://openalex.org/W2948171019
https://openalex.org/W2917407658
https://openalex.org/W2946060778
https://openalex.org/W3002811719
https://openalex.org/W3017152339
https://openalex.org/W3046657732
https://openalex.org/W3003345910
https://openalex.org/W3042691215
https://openalex.org/W3138018160
https://openalex.org/W3115771715
https://openalex.org/W3195063593
https://openalex.org/W4200391565
https://openalex.org/W4200064065
https://openalex.org/W4223954985
https://openalex.org/W4224526092
https://openalex.org/W4225121067
https://openalex.org/W4390618958
https://openalex.org/W4391071784
https://openalex.org/W4391071835
https://openalex.org/W4391538696
https://openalex.org/W4391734341
https://openalex.org/W4391741652
https://openalex.org/W4391772832
https://openalex.org/W4392104867
https://openalex.org/W4392347468
https://openalex.org/W4392467698
https://openalex.org/W4392586096
https://openalex.org/W4392626564
https://openalex.org/W4392630846
https://openalex.org/W4392767398
https://openalex.org/W4392794013
https://openalex.org/W4392884838
https://openalex.org/W4392900789
https://openalex.org/W4393409121
https://openalex.org/W4394858111
https://openalex.org/W4396243540
https://openalex.org/W4396592533
https://openalex.org/W2086311953
https://openalex.org/W2133437456
https://openalex.org/W1972117786
https://openalex.org/W1967031205
https://openalex.org/W2003490763
https://openalex.org/W2046627513
https://openalex.org/W2137083371
https://openalex.org/W1968601116
https://openalex.org/W1986897894
https://openalex.org/W1998718300
https://openalex.org/W2072452144
https://openalex.org/W1980790660
https://openalex.org/W2006771230
https://openalex.org/W1505909393
https://openalex.org/W1974923735
https://openalex.org/W2126252870
https://openalex.org/W2131126526
https://openalex.org/W2015698992
https://openalex.org/W2135188733
https://openalex.org/W2015470211
https://openalex.org/W1978734422
https://openalex.org/W2070691138
https://openalex.org/W147841224
https://openalex.org/W1642085501
https://openalex.org/W2003369898
https://openalex.org/W2021687941
https://openalex.org/W2028392128
https://openalex.org/W2114242674
https://openalex.org/W2119214416
https://openalex.org/W2022151970
https://openalex.org/W2088235363
https://openalex.org/W1763880785
https://openalex.org/W2029311350
https://openalex.org/W2061635033
https://openalex.org/W1999303257
https://openalex.org/W2080502996
https://openalex.org/W2160476547
https://openalex.org/W2755527778
https://openalex.org/W2773883874
https://openalex.org/W1500583838
https://openalex.org/W2127595290
https://openalex.org/W2423269210
https://openalex.org/W2742806387
https://openalex.org/W2962755702
https://openalex.org/W2150096808
https://openalex.org/W2796690770
https://openalex.org/W2940115632
https://openalex.org/W2253079622
https://openalex.org/W2284952994
https://openalex.org/W2928434503
https://openalex.org/W2889366174
https://openalex.org/W3029053775
https://openalex.org/W3082726197
https://openalex.org/W4310641984
https://openalex.org/W4386384324
https://openalex.org/W4389265348
https://openalex.org/W2032711986
https://openalex.org/W2069574962
https://openalex.org/W2081585944
https://openalex.org/W2124011595
https://openalex.org/W1993236198
https://openalex.org/W1986563031
https://openalex.org/W2152763902
https://openalex.org/W1812567981
https://openalex.org/W2065699354
https://openalex.org/W67687258
https://openalex.org/W2162646569
https://openalex.org/W2316401314
https://openalex.org/W1494332458
https://openalex.org/W1982524419
https://openalex.org/W2076615969
https://openalex.org/W2087997795
https://openalex.org/W2033354279
https://openalex.org/W4213061135
https://openalex.org/W1604433437
https://openalex.org/W1480379288
https://openalex.org/W2073184251
https://openalex.org/W2107654038
https://openalex.org/W2162432960
https://openalex.org/W2025267055
https://openalex.org/W1949229743
https://openalex.org/W1990376949
https://openalex.org/W2067761120
https://openalex.org/W2145562112
https://openalex.org/W2149735733
https://openalex.org/W2077011712
https://openalex.org/W2091930472
https://openalex.org/W2312338648
https://openalex.org/W2415245475
https://openalex.org/W2531146177
https://openalex.org/W2578362714
https://openalex.org/W2904649017
https://openalex.org/W3102532618
https://openalex.org/W3104092924
https://openalex.org/W2553835033
https://openalex.org/W2993490427
https://openalex.org/W3012848717
https://openalex.org/W3087552811
https://openalex.org/W3047116236
https://openalex.org/W3205521118
https://openalex.org/W4213215460
https://openalex.org/W4281571108
https://openalex.org/W4283781432
https://openalex.org/W2001324030
https://openalex.org/W1974060242
https://openalex.org/W2083231861
https://openalex.org/W2016082202
https://openalex.org/W2089388428
https://openalex.org/W2144825211
https://openalex.org/W2073930872
https://openalex.org/W2097034929
https://openalex.org/W2045838376
https://openalex.org/W1772621838
https://openalex.org/W2023195613
https://openalex.org/W2089296427
https://openalex.org/W2134592346
https://openalex.org/W2033989662
https://openalex.org/W2067260442
https://openalex.org/W2298900421
https://openalex.org/W2738385701
https://openalex.org/W2742213513
https://openalex.org/W2762862848
https://openalex.org/W2777406097
https://openalex.org/W2990268149
https://openalex.org/W3100993365
https://openalex.org/W2471756516
https://openalex.org/W3016527288
https://openalex.org/W3022205890
https://openalex.org/W3034238531
https://openalex.org/W3036665361
https://openalex.org/W3042084548
https://openalex.org/W3109197542
https://openalex.org/W3094492633
https://openalex.org/W3157616450
https://openalex.org/W3196938629
https://openalex.org/W3197128805
https://openalex.org/W3217001308
https://openalex.org/W4220694560
https://openalex.org/W4295419326
https://openalex.org/W4306250852
https://openalex.org/W4311479411
https://openalex.org/W2147673029
https://openalex.org/W1981712447
https://openalex.org/W2026264428
https://openalex.org/W2037316001
https://openalex.org/W1994524105
https://openalex.org/W2034066876
https://openalex.org/W2147761453
https://openalex.org/W2418120049
https://openalex.org/W2041948634
https://openalex.org/W4246071792
https://openalex.org/W1985210410
https://openalex.org/W2021679175
https://openalex.org/W1494377489
https://openalex.org/W4249794706
https://openalex.org/W1482990016
https://openalex.org/W2032600405
https://openalex.org/W4234767995
https://openalex.org/W1966179496
https://openalex.org/W2066046375
https://openalex.org/W2142819255
https://openalex.org/W1973408612
https://openalex.org/W2024616409
https://openalex.org/W2058980806
https://openalex.org/W2085083299
https://openalex.org/W2329547063
https://openalex.org/W2075371107
https://openalex.org/W1984038085
https://openalex.org/W2074843537
https://openalex.org/W2311655293
https://openalex.org/W2329634554
https://openalex.org/W2755529535
https://openalex.org/W2767817283
https://openalex.org/W2803282461
https://openalex.org/W2978791554
https://openalex.org/W2770944535
https://openalex.org/W2794053061
https://openalex.org/W2948822731
https://openalex.org/W2971427436
https://openalex.org/W2278780500
https://openalex.org/W2344008764
https://openalex.org/W2409078930
https://openalex.org/W2501273803
https://openalex.org/W3036207072
https://openalex.org/W3088454985
https://openalex.org/W3101614488
https://openalex.org/W3048615204
https://openalex.org/W3133538608
https://openalex.org/W3177951581
https://openalex.org/W4291943172
https://openalex.org/W2015626704
https://openalex.org/W2105909178
https://openalex.org/W2130612319
https://openalex.org/W2148151118
https://openalex.org/W2161273923
https://openalex.org/W2162815307
https://openalex.org/W2170499295
https://openalex.org/W2163977881
https://openalex.org/W2136132900
https://openalex.org/W2174885311
https://openalex.org/W1988300074
https://openalex.org/W2012464337
https://openalex.org/W2051631065
https://openalex.org/W2319075882
https://openalex.org/W1995120336
https://openalex.org/W2088688983
https://openalex.org/W2133648406
https://openalex.org/W2144286928
https://openalex.org/W2067990846
https://openalex.org/W2039770846
https://openalex.org/W2403144190
https://openalex.org/W1584308129
https://openalex.org/W2028154251
https://openalex.org/W2044170993
https://openalex.org/W2069593250
https://openalex.org/W1989104033
https://openalex.org/W2080641962
https://openalex.org/W2129601979
https://openalex.org/W4241098385
https://openalex.org/W2005559795
https://openalex.org/W2334987293
https://openalex.org/W2769925244
https://openalex.org/W2901756302
https://openalex.org/W2945600923
https://openalex.org/W2015595612
https://openalex.org/W2175670961
https://openalex.org/W2234506918
https://openalex.org/W2253213334
https://openalex.org/W2321094367
https://openalex.org/W2954131318
https://openalex.org/W3003320139
https://openalex.org/W3159281804
https://openalex.org/W3172659334
https://openalex.org/W4205933860
https://openalex.org/W4220699533
https://openalex.org/W4220704555
https://openalex.org/W4220849965
https://openalex.org/W4288051518
https://openalex.org/W4310330211
https://openalex.org/W4313488113
https://openalex.org/W4318260274
https://openalex.org/W4323348681
https://openalex.org/W4323908250
https://openalex.org/W4366220864
https://openalex.org/W4376132894
https://openalex.org/W4377693445
https://openalex.org/W4380433632
https://openalex.org/W4387978389
https://openalex.org/W4388522181
https://openalex.org/W4389670825
https://openalex.org/W2130352646
https://openalex.org/W2029063977
https://openalex.org/W2092376520
https://openalex.org/W2113312217
https://openalex.org/W2180576513
https://openalex.org/W1968338739
https://openalex.org/W2048913947
https://openalex.org/W2056784399
https://openalex.org/W1983707524
https://openalex.org/W2157221065
https://openalex.org/W1557723746
https://openalex.org/W2005972215
https://openalex.org/W2008162316
https://openalex.org/W2061980190
https://openalex.org/W2095136578
https://openalex.org/W1999799039
https://openalex.org/W2095480994
https://openalex.org/W2153958169
https://openalex.org/W2012456641
https://openalex.org/W1963508015
https://openalex.org/W1971351044
https://openalex.org/W2012929238
https://openalex.org/W2074743752
https://openalex.org/W2083073247
https://openalex.org/W2094893875
https://openalex.org/W2130654033
https://openalex.org/W2312696040
https://openalex.org/W1971868149
https://openalex.org/W2022640018
https://openalex.org/W2024679496
https://openalex.org/W2790734379
https://openalex.org/W2086943685
https://openalex.org/W2890441017
https://openalex.org/W2952097021
https://openalex.org/W2978289394
https://openalex.org/W3101694306
https://openalex.org/W1980853030
https://openalex.org/W1859376868
https://openalex.org/W1996502195
https://openalex.org/W2005280521
https://openalex.org/W2044157249
https://openalex.org/W2054555777
https://openalex.org/W2107356495
https://openalex.org/W2158250839
https://openalex.org/W2019655965
https://openalex.org/W2083759713
https://openalex.org/W2012671418
https://openalex.org/W1592989365
https://openalex.org/W4235315454
https://openalex.org/W2036982072
https://openalex.org/W2119685701
https://openalex.org/W2172186431
https://openalex.org/W2316846871
https://openalex.org/W1973473474
https://openalex.org/W1986403359
https://openalex.org/W2060042010
https://openalex.org/W2061515209
https://openalex.org/W2074794274
https://openalex.org/W2326952233
https://openalex.org/W2023926753
https://openalex.org/W2094772188
https://openalex.org/W2800513205
https://openalex.org/W4237471525
https://openalex.org/W4319054096
https://openalex.org/W1974743459
https://openalex.org/W2266729419
https://openalex.org/W2270920945
https://openalex.org/W2329190097
https://openalex.org/W3000764022
https://openalex.org/W3049499077
https://openalex.org/W3086838228
https://openalex.org/W2463586044
https://openalex.org/W2489459990
https://openalex.org/W3210342823
https://openalex.org/W2055542552
https://openalex.org/W2081026610
https://openalex.org/W1958122574
https://openalex.org/W1999947818
https://openalex.org/W2058588368
https://openalex.org/W1973294884
https://openalex.org/W2051302952
https://openalex.org/W2082028418
https://openalex.org/W2012852879
https://openalex.org/W4243615572
https://openalex.org/W1760734135
https://openalex.org/W2216332949
https://openalex.org/W2085814937
https://openalex.org/W4234132657
https://openalex.org/W104548589
https://openalex.org/W1597526352
https://openalex.org/W2024304752
https://openalex.org/W2054761790
https://openalex.org/W2079667123
https://openalex.org/W2011435512
https://openalex.org/W1999745447
https://openalex.org/W2074767236
https://openalex.org/W1581781543
https://openalex.org/W2114757378
https://openalex.org/W2151077606
https://openalex.org/W2163733936
https://openalex.org/W2488654794
https://openalex.org/W1560233691
https://openalex.org/W1595978133
https://openalex.org/W2027088778
https://openalex.org/W2032369445
https://openalex.org/W2085800576
https://openalex.org/W2115996575
https://openalex.org/W2325226266
https://openalex.org/W2509111403
https://openalex.org/W2739552503
https://openalex.org/W2743048885
https://openalex.org/W2757729750
https://openalex.org/W2769699388
https://openalex.org/W2910052807
https://openalex.org/W3001096217
https://openalex.org/W3012581534
https://openalex.org/W3026700267
https://openalex.org/W3090543087
https://openalex.org/W3116261778
https://openalex.org/W3135198507
https://openalex.org/W3135693071
https://openalex.org/W3214165512
https://openalex.org/W4200599337
https://openalex.org/W4225252331
https://openalex.org/W4280535197
https://openalex.org/W4285229895
https://openalex.org/W4296482072
https://openalex.org/W4307931489
https://openalex.org/W4311825271
https://openalex.org/W4318026623
https://openalex.org/W2163347716
https://openalex.org/W1985426944
https://openalex.org/W2132460774
https://openalex.org/W2013199135
https://openalex.org/W2403987811
https://openalex.org/W1485262354
https://openalex.org/W1543105715
https://openalex.org/W1997456874
https://openalex.org/W2270301880
https://openalex.org/W2095045322
https://openalex.org/W2144373196
https://openalex.org/W2062807104
https://openalex.org/W2069508200
https://openalex.org/W2327782755
https://openalex.org/W2139825635
https://openalex.org/W2158614718
https://openalex.org/W2790792756
https://openalex.org/W1675353905
https://openalex.org/W1973531657
https://openalex.org/W2063378139
https://openalex.org/W2298854213
https://openalex.org/W2416864850
https://openalex.org/W2514503364
https://openalex.org/W3094239399
https://openalex.org/W3104272483
https://openalex.org/W4231813235
https://openalex.org/W2075997026
https://openalex.org/W2081488842
https://openalex.org/W2090889504
https://openalex.org/W1529580689
https://openalex.org/W1999023883
https://openalex.org/W2021518285
https://openalex.org/W2218663809
https://openalex.org/W4233981583
https://openalex.org/W2018054840
https://openalex.org/W144382197
https://openalex.org/W1527956255
https://openalex.org/W2006058396
https://openalex.org/W2419452160
https://openalex.org/W2104878751
https://openalex.org/W2103733529
https://openalex.org/W2135082819
https://openalex.org/W2766827604
https://openalex.org/W2891211753
https://openalex.org/W2902344176
https://openalex.org/W1440215920
https://openalex.org/W1973822459
https://openalex.org/W2157096306
https://openalex.org/W2345346602
https://openalex.org/W2912704566
https://openalex.org/W3165496469
https://openalex.org/W4200020439
https://openalex.org/W2030287558
https://openalex.org/W2067865338
https://openalex.org/W2085383293
https://openalex.org/W2178986346
https://openalex.org/W1561582039
https://openalex.org/W1966095322
https://openalex.org/W2038952834
https://openalex.org/W2084058544
https://openalex.org/W4232789220
https://openalex.org/W4242956228
https://openalex.org/W2133209700
https://openalex.org/W2243569527
https://openalex.org/W2107889920
https://openalex.org/W2017414223
https://openalex.org/W1984940056
https://openalex.org/W1969769168
https://openalex.org/W1973173369
https://openalex.org/W2040142561
https://openalex.org/W2019933770
https://openalex.org/W2096030537
https://openalex.org/W2105236250
https://openalex.org/W2143519641
https://openalex.org/W2320521929
https://openalex.org/W2417298985
https://openalex.org/W2467580789
https://openalex.org/W2610690285
https://openalex.org/W2734817689
https://openalex.org/W2739411081
https://openalex.org/W2797740276
https://openalex.org/W2804722337
https://openalex.org/W2977848057
https://openalex.org/W3045064949
https://openalex.org/W3047521779
https://openalex.org/W3080324556
https://openalex.org/W1009591295
https://openalex.org/W2313946691
https://openalex.org/W2512468494
https://openalex.org/W2546577490
https://openalex.org/W2963799310
https://openalex.org/W2979822698
https://openalex.org/W3034555538
https://openalex.org/W4206441453
https://openalex.org/W4206749347
https://openalex.org/W4283574215
https://openalex.org/W4285088309
https://openalex.org/W4294192414
https://openalex.org/W4294599156
https://openalex.org/W4304080558
https://openalex.org/W4306747312
https://openalex.org/W4312115344
https://openalex.org/W2142811059
https://openalex.org/W2088349181
https://openalex.org/W587951152
https://openalex.org/W2095138142
https://openalex.org/W2144755520
https://openalex.org/W2256569412
https://openalex.org/W178418267
https://openalex.org/W2120557401
https://openalex.org/W2319994398
https://openalex.org/W31068889
https://openalex.org/W2042529909
https://openalex.org/W2042813912
https://openalex.org/W157338680
https://openalex.org/W1621921141
https://openalex.org/W1977225355
https://openalex.org/W1977747462
https://openalex.org/W2150704857
https://openalex.org/W2507917392
https://openalex.org/W1993036404
https://openalex.org/W2019515324
https://openalex.org/W2150947742
https://openalex.org/W3190775629
https://openalex.org/W2415414046
https://openalex.org/W4247839050
https://openalex.org/W79736805
https://openalex.org/W2007297734
https://openalex.org/W2053834028
https://openalex.org/W2606366541
https://openalex.org/W2411652266
https://openalex.org/W1985770372
https://openalex.org/W2077505028
https://openalex.org/W2154702421
https://openalex.org/W2173391089
https://openalex.org/W2951298817
https://openalex.org/W2400670310
https://openalex.org/W2495497515
https://openalex.org/W2218531168
https://openalex.org/W2348641390
https://openalex.org/W2807603077
https://openalex.org/W2892800373
https://openalex.org/W2906107765
https://openalex.org/W2930342352
https://openalex.org/W2936023207
https://openalex.org/W3019245780
https://openalex.org/W3028177321
https://openalex.org/W3091999586
https://openalex.org/W3106620145
https://openalex.org/W3122916883
https://openalex.org/W3156456196
https://openalex.org/W3156501763
https://openalex.org/W3163415165
https://openalex.org/W3190028693
https://openalex.org/W3205835575
https://openalex.org/W3210626081
https://openalex.org/W2315256661
https://openalex.org/W2341002828
https://openalex.org/W2414214258
https://openalex.org/W2461883978
https://openalex.org/W4238113794
https://openalex.org/W4362736437
https://openalex.org/W4389234070
https://openalex.org/W1860945335
https://openalex.org/W2065594571
https://openalex.org/W2084909364
https://openalex.org/W146240237
https://openalex.org/W2011283723
https://openalex.org/W2294917575
https://openalex.org/W4248457722
https://openalex.org/W4253562980
https://openalex.org/W1966888682
https://openalex.org/W2400057814
https://openalex.org/W2412180409
https://openalex.org/W2066805742
https://openalex.org/W1592769740
https://openalex.org/W2052345893
https://openalex.org/W2064331734
https://openalex.org/W1168208046
https://openalex.org/W1528553906
https://openalex.org/W1971417530
https://openalex.org/W1981663844
https://openalex.org/W1998538046
https://openalex.org/W2048864780
https://openalex.org/W2558069668
https://openalex.org/W906203038
https://openalex.org/W2005255528
https://openalex.org/W4318260456
https://openalex.org/W4318486301
https://openalex.org/W4319842297
https://openalex.org/W4320523383
https://openalex.org/W4323353891
https://openalex.org/W4360899445
https://openalex.org/W4361826759
https://openalex.org/W4361838234
https://openalex.org/W4361838272
https://openalex.org/W4361838287
https://openalex.org/W4361838421
https://openalex.org/W4361838483
https://openalex.org/W4361871897
https://openalex.org/W4361893956
https://openalex.org/W4362240436
https://openalex.org/W4362240713
https://openalex.org/W4362418351
https://openalex.org/W4362418371
https://openalex.org/W4362418422
https://openalex.org/W4362418427
https://openalex.org/W4362460381
https://openalex.org/W4362461837
https://openalex.org/W4362461842
https://openalex.org/W4362461989
https://openalex.org/W4362593940
https://openalex.org/W4362720309
https://openalex.org/W4362720399
https://openalex.org/W4362732026
https://openalex.org/W4366084333
https://openalex.org/W4375945043
https://openalex.org/W4377137607
https://openalex.org/W4379767211
https://openalex.org/W4379767218
https://openalex.org/W4379793429
https://openalex.org/W4379794339
https://openalex.org/W4382195590
https://openalex.org/W4383265750
https://openalex.org/W4383265841
https://openalex.org/W4383265887
https://openalex.org/W4384822269
https://openalex.org/W4385419812
https://openalex.org/W4385606979
https://openalex.org/W4385665901
https://openalex.org/W4386058401
https://openalex.org/W4386225320
https://openalex.org/W4386397733
https://openalex.org/W4386805184
https://openalex.org/W4386868513
https://openalex.org/W4386950306
https://openalex.org/W4387955271
https://openalex.org/W4388523733
https://openalex.org/W4388573077
https://openalex.org/W4389099077
https://openalex.org/W4389230143
https://openalex.org/W4389234309
https://openalex.org/W4389237487
https://openalex.org/W4389244481
https://openalex.org/W4389471783
https://openalex.org/W4389610047
https://openalex.org/W4390315410
https://openalex.org/W4392684640
https://openalex.org/W4392686230
https://openalex.org/W4392724423
https://openalex.org/W192622003
https://openalex.org/W1980694182
https://openalex.org/W2030409008
https://openalex.org/W2037739318
https://openalex.org/W2121156963
https://openalex.org/W2312794080
https://openalex.org/W4255204034
https://openalex.org/W4255549896
https://openalex.org/W1745450046
https://openalex.org/W2159923688
https://openalex.org/W2416672045
https://openalex.org/W4241145023
https://openalex.org/W2025998428
https://openalex.org/W2103807235
https://openalex.org/W143899880
https://openalex.org/W2047518800
https://openalex.org/W2130661625
https://openalex.org/W4214822223
https://openalex.org/W2080046951
https://openalex.org/W2082534928
https://openalex.org/W2352898716
https://openalex.org/W2618626190
https://openalex.org/W1590059147
https://openalex.org/W2066242896
https://openalex.org/W413118543
https://openalex.org/W2237031406
https://openalex.org/W2018136852
https://openalex.org/W2111667049
https://openalex.org/W2346336598
https://openalex.org/W2364529200
https://openalex.org/W4213448823
https://openalex.org/W227915978
https://openalex.org/W2791405754
https://openalex.org/W2901227039
https://openalex.org/W2902261435
https://openalex.org/W2907041152
https://openalex.org/W2955285212
https://openalex.org/W2995973756
https://openalex.org/W3044178985
https://openalex.org/W3089458116
https://openalex.org/W3095897468
https://openalex.org/W3112849101
https://openalex.org/W3114754038
https://openalex.org/W3136201256
https://openalex.org/W3184394208
https://openalex.org/W4238270899
https://openalex.org/W2619626948
https://openalex.org/W2951506219
https://openalex.org/W2980205418
https://openalex.org/W4211175873
https://openalex.org/W4226013991
https://openalex.org/W4229041273
https://openalex.org/W4283320914
https://openalex.org/W4289731747
https://openalex.org/W4296173833
https://openalex.org/W4312018461
https://openalex.org/W2016229719
https://openalex.org/W2158256650
https://openalex.org/W2418877075
https://openalex.org/W88519382
https://openalex.org/W2020954892
https://openalex.org/W2034717569
https://openalex.org/W2155741325
https://openalex.org/W2415130058
https://openalex.org/W2287728548
https://openalex.org/W2550001046
https://openalex.org/W1752415600
https://openalex.org/W1975158953
https://openalex.org/W1996757617
https://openalex.org/W2022307513
https://openalex.org/W2033758861
https://openalex.org/W2079185847
https://openalex.org/W2086436707
https://openalex.org/W2170921842
https://openalex.org/W2220269606
https://openalex.org/W2238712394
https://openalex.org/W2241715825
https://openalex.org/W2314838797
https://openalex.org/W2319421978
https://openalex.org/W2327822616
https://openalex.org/W2343425226
https://openalex.org/W2416753850
https://openalex.org/W2591696278
https://openalex.org/W2951034484
https://openalex.org/W4233987558
https://openalex.org/W2014515668
https://openalex.org/W2029930175
https://openalex.org/W1993679784
https://openalex.org/W2016817472
https://openalex.org/W2335858369
https://openalex.org/W2410529299
https://openalex.org/W2411671967
https://openalex.org/W2014392746
https://openalex.org/W2405414411
https://openalex.org/W2464770873
https://openalex.org/W2958528674
https://openalex.org/W1518848060
https://openalex.org/W1968730104
https://openalex.org/W2045289114
https://openalex.org/W2208704348
https://openalex.org/W2279143430
https://openalex.org/W2322449582
https://openalex.org/W2602386169
https://openalex.org/W2733560144
https://openalex.org/W2004725850
https://openalex.org/W2011376813
https://openalex.org/W2092006639
https://openalex.org/W2117041058
https://openalex.org/W2138475089
https://openalex.org/W2262701965
https://openalex.org/W2558514854
https://openalex.org/W3022277191
https://openalex.org/W3159664684
https://openalex.org/W4234343133
https://openalex.org/W2314293611
https://openalex.org/W2405710952
https://openalex.org/W2406142177
https://openalex.org/W2493541972
https://openalex.org/W1971116788
https://openalex.org/W2410288878
https://openalex.org/W2054281063
https://openalex.org/W2082851439
https://openalex.org/W2905868748
https://openalex.org/W2908951634
https://openalex.org/W2909726223
https://openalex.org/W2970661761
https://openalex.org/W2978016407
https://openalex.org/W3025171731
https://openalex.org/W2484085149
https://openalex.org/W2921901540
https://openalex.org/W4242431375
https://openalex.org/W1210847045
https://openalex.org/W1991064975
https://openalex.org/W2047289042
https://openalex.org/W2395196858
https://openalex.org/W2951392344
https://openalex.org/W2961120604
https://openalex.org/W2990191426
https://openalex.org/W3011727621
https://openalex.org/W3033720450
https://openalex.org/W3036729493
https://openalex.org/W3041231012
https://openalex.org/W3042633690
https://openalex.org/W4234441877
https://openalex.org/W4252166655
https://openalex.org/W600392884
https://openalex.org/W2048637851
https://openalex.org/W2105150201
https://openalex.org/W2128072641
https://openalex.org/W2419459790
https://openalex.org/W3024319830
https://openalex.org/W4236259405
https://openalex.org/W4239009167
https://openalex.org/W4244368652
https://openalex.org/W2058493700
https://openalex.org/W2409789828
https://openalex.org/W2435630547
https://openalex.org/W2487651693
https://openalex.org/W3043780032
https://openalex.org/W3132159325
https://openalex.org/W1980260232
https://openalex.org/W2395674335
https://openalex.org/W2411645240
https://openalex.org/W2414329508
https://openalex.org/W2765490832
https://openalex.org/W2904163609
https://openalex.org/W3140739888
https://openalex.org/W3152527360
https://openalex.org/W3189621039
https://openalex.org/W4200416370
https://openalex.org/W2415958535
https://openalex.org/W4245765754
https://openalex.org/W190534139
https://openalex.org/W2079024194
https://openalex.org/W4235424477
https://openalex.org/W2418995877
https://openalex.org/W4242430237
https://openalex.org/W1889196922
https://openalex.org/W2018518348
https://openalex.org/W2079148016
https://openalex.org/W2092468769
https://openalex.org/W2207767808
https://openalex.org/W2474294705
https://openalex.org/W2399555782
https://openalex.org/W2414323312
https://openalex.org/W3147168754
https://openalex.org/W4241132936
https://openalex.org/W128767747
https://openalex.org/W2004935748
https://openalex.org/W2059768745
https://openalex.org/W2336020373
https://openalex.org/W2396220968
https://openalex.org/W2427945086
https://openalex.org/W4245169558
https://openalex.org/W4256564054
https://openalex.org/W2051767301
https://openalex.org/W2973189416
https://openalex.org/W1563460107
https://openalex.org/W1749387415
https://openalex.org/W1805788645
https://openalex.org/W1811513759
https://openalex.org/W1814915936
https://openalex.org/W1979282880
https://openalex.org/W1985845895
https://openalex.org/W2022823379
https://openalex.org/W2046106248
https://openalex.org/W2050714653
https://openalex.org/W2057071046
https://openalex.org/W2072664699
https://openalex.org/W2081147331
https://openalex.org/W2082314137
https://openalex.org/W2209848161
https://openalex.org/W2245020653
https://openalex.org/W2251995618
https://openalex.org/W2256248313
https://openalex.org/W2260139322
https://openalex.org/W2260701357
https://openalex.org/W2301423306
https://openalex.org/W2315745251
https://openalex.org/W2321344184
https://openalex.org/W2325585241
https://openalex.org/W2332983042
https://openalex.org/W2337560194
https://openalex.org/W2340294830
https://openalex.org/W2341505289
https://openalex.org/W2342844286
https://openalex.org/W2344585284
https://openalex.org/W2346205641
https://openalex.org/W2347109902
https://openalex.org/W2403422830
https://openalex.org/W2405893740
https://openalex.org/W2406628072
https://openalex.org/W2426583981
https://openalex.org/W2438025914
https://openalex.org/W2463772806
https://openalex.org/W2465110934
https://openalex.org/W2469667894
https://openalex.org/W2481451162
https://openalex.org/W2490241548
https://openalex.org/W249408032
https://openalex.org/W2527190074
https://openalex.org/W2528877965
https://openalex.org/W2530124743
https://openalex.org/W2538916114
https://openalex.org/W2557068391
https://openalex.org/W2559882340
https://openalex.org/W2560798736
https://openalex.org/W2561897190
https://openalex.org/W2562518080
https://openalex.org/W2562532977
https://openalex.org/W2570077508
https://openalex.org/W2575558448
https://openalex.org/W2589837230
https://openalex.org/W2598386339
https://openalex.org/W2600105828
https://openalex.org/W2611562894
https://openalex.org/W2615332120
https://openalex.org/W2742557069
https://openalex.org/W2746218126
https://openalex.org/W2747113745
https://openalex.org/W2751447071
https://openalex.org/W2753850656
https://openalex.org/W2762977132
https://openalex.org/W2775027318
https://openalex.org/W2792456046
https://openalex.org/W2899764547
https://openalex.org/W2911464426
https://openalex.org/W2948988899
https://openalex.org/W2978465318
https://openalex.org/W2981553475
https://openalex.org/W2982586399
https://openalex.org/W3156641345
https://openalex.org/W316917363
https://openalex.org/W3202033539
https://openalex.org/W4241698537
https://openalex.org/W4241986278
https://openalex.org/W4243098616
https://openalex.org/W4246690762
https://openalex.org/W4255488834
https://openalex.org/W4297847957
https://openalex.org/W4394105054
https://openalex.org/W4394161671
https://openalex.org/W4394211046
https://openalex.org/W4394216303
https://openalex.org/W4394244911
https://openalex.org/W4394301297
https://openalex.org/W4394308467
https://openalex.org/W4394332325
https://openalex.org/W4394334579
https://openalex.org/W4394343612
https://openalex.org/W4394346564
https://openalex.org/W4394381653
https://openalex.org/W4394426653
https://openalex.org/W4394428889
https://openalex.org/W4394431273
https://openalex.org/W4394481405
https://openalex.org/W4394494012
https://openalex.org/W4394506082
https://openalex.org/W4394559214
https://openalex.org/W819008318
https://openalex.org/W186790650
https://openalex.org/W2041470508
https://openalex.org/W2061348013
https://openalex.org/W2317552111
https://openalex.org/W2397301670
https://openalex.org/W2397631712
https://openalex.org/W2413496151
https://openalex.org/W2418108921
https://openalex.org/W2443742849
https://openalex.org/W4246764972
https://openalex.org/W901576307
https://openalex.org/W2416342393
https://openalex.org/W2424651660
https://openalex.org/W4388366829
https://openalex.org/W143166624
https://openalex.org/W150899580
https://openalex.org/W1751233382
https://openalex.org/W1760366110
https://openalex.org/W1920043324
https://openalex.org/W1928095138
https://openalex.org/W1934357047
https://openalex.org/W1938286393
https://openalex.org/W1996095815
https://openalex.org/W200438541
https://openalex.org/W2056277664
https://openalex.org/W2062644214
https://openalex.org/W2077851318
https://openalex.org/W2094295434
https://openalex.org/W2107157359
https://openalex.org/W2137489526
https://openalex.org/W2141508435
https://openalex.org/W2142664585
https://openalex.org/W2149867909
https://openalex.org/W2184371779
https://openalex.org/W2184653495
https://openalex.org/W2217993112
https://openalex.org/W2220645290
https://openalex.org/W2233093656
https://openalex.org/W2267102644
https://openalex.org/W2283493402
https://openalex.org/W2315076537
https://openalex.org/W2315992826
https://openalex.org/W2317303254
https://openalex.org/W2317858394
https://openalex.org/W2317922062
https://openalex.org/W2319184284
https://openalex.org/W2319961389
https://openalex.org/W2325568848
https://openalex.org/W2325993297
https://openalex.org/W2326500040
https://openalex.org/W2328610957
https://openalex.org/W2331417788
https://openalex.org/W2332394926
https://openalex.org/W2333543695
https://openalex.org/W2333955703
https://openalex.org/W2337719661
https://openalex.org/W2344018994
https://openalex.org/W2349534939
https://openalex.org/W2359098281
https://openalex.org/W2371447394
https://openalex.org/W2373477517
https://openalex.org/W2405887066
https://openalex.org/W2407615176
https://openalex.org/W2415757038
https://openalex.org/W2422274034
https://openalex.org/W2431110906
https://openalex.org/W2464457670
https://openalex.org/W2468130172
https://openalex.org/W2510178757
https://openalex.org/W2530066325
https://openalex.org/W2537241158
https://openalex.org/W2545113688
https://openalex.org/W2564438417
https://openalex.org/W2591356577
https://openalex.org/W2597001325
https://openalex.org/W2603641313
https://openalex.org/W2618668980
https://openalex.org/W2738149031
https://openalex.org/W2742649986
https://openalex.org/W2747461521
https://openalex.org/W275901448
https://openalex.org/W2899003617
https://openalex.org/W2902859606
https://openalex.org/W2907038745
https://openalex.org/W2945686876
https://openalex.org/W3087072621
https://openalex.org/W3089864842
https://openalex.org/W3151670494
https://openalex.org/W3165424987
https://openalex.org/W3200381409
https://openalex.org/W369738112
https://openalex.org/W4230218503
https://openalex.org/W4248363622
https://openalex.org/W587375063
https://openalex.org/W879806355
https://openalex.org/W983567164
https://openalex.org/W2327185626
https://openalex.org/W788729066
https://openalex.org/W105085683
https://openalex.org/W123736827
https://openalex.org/W2001147697
https://openalex.org/W2394733702
https://openalex.org/W2410014748
https://openalex.org/W2410738844
https://openalex.org/W2415756919
https://openalex.org/W2782003153
https://openalex.org/W2907317770
https://openalex.org/W2970332074
https://openalex.org/W1435228376
https://openalex.org/W2012995390
https://openalex.org/W2022787765
https://openalex.org/W2034406872
https://openalex.org/W2070518971
https://openalex.org/W2205916311
https://openalex.org/W2213210967
https://openalex.org/W2300556683
https://openalex.org/W2303906258
https://openalex.org/W2313026189
https://openalex.org/W2414174124
https://openalex.org/W2469520579
https://openalex.org/W2576094371
https://openalex.org/W2590636132
https://openalex.org/W2599719964
https://openalex.org/W2674365095
https://openalex.org/W2740753843
https://openalex.org/W2753315827
https://openalex.org/W2755657742
https://openalex.org/W2756201860
https://openalex.org/W2765701229
https://openalex.org/W2776203431
https://openalex.org/W2781166026
https://openalex.org/W2782186494
https://openalex.org/W2795887170
https://openalex.org/W2847291733
https://openalex.org/W2903092543
https://openalex.org/W2908106747
https://openalex.org/W2913493322
https://openalex.org/W2937567661
https://openalex.org/W2938080879
https://openalex.org/W2939268678
https://openalex.org/W3019974672
https://openalex.org/W3129569723
https://openalex.org/W4230996587
https://openalex.org/W4249701616
https://openalex.org/W4251521263
https://openalex.org/W4254081976
https://openalex.org/W4254997013
https://openalex.org/W4302421251
https://openalex.org/W130773273
https://openalex.org/W152485582
https://openalex.org/W2395434225
https://openalex.org/W2412359305
https://openalex.org/W2483513285
https://openalex.org/W1474474142
https://openalex.org/W1592446267
https://openalex.org/W1990360471
https://openalex.org/W2004964508
https://openalex.org/W2018627012
https://openalex.org/W2041562294
https://openalex.org/W2262803539
https://openalex.org/W2313937918
https://openalex.org/W2327010368
https://openalex.org/W2330677164
https://openalex.org/W2356222417
https://openalex.org/W2491591601
https://openalex.org/W2560137138
https://openalex.org/W2597925657
https://openalex.org/W2741655700
https://openalex.org/W2949060552
https://openalex.org/W2971492983
https://openalex.org/W3009604021
https://openalex.org/W3025228315
https://openalex.org/W3045650915
https://openalex.org/W3083689190
https://openalex.org/W4206437376
https://openalex.org/W4210396382
https://openalex.org/W4210564917
https://openalex.org/W4210841323
https://openalex.org/W4225305054
https://openalex.org/W4282824709
https://openalex.org/W4283461048
https://openalex.org/W4291288756
https://openalex.org/W4291887952
https://openalex.org/W4296903216
https://openalex.org/W4303628489
https://openalex.org/W4304480117
https://openalex.org/W4304589507
https://openalex.org/W4304693898
https://openalex.org/W4309699550
https://openalex.org/W4310107988
https://openalex.org/W4312358618
https://openalex.org/W4312849730
https://openalex.org/W4323272358
https://openalex.org/W4380361330
https://openalex.org/W4382519639
https://openalex.org/W4389788890
https://openalex.org/W2032816536
https://openalex.org/W2047018483
https://openalex.org/W2093871810
https://openalex.org/W2223582932
https://openalex.org/W2329862210
https://openalex.org/W2410430888
https://openalex.org/W2411079760
https://openalex.org/W2462637717
https://openalex.org/W2470554930
https://openalex.org/W3022304881
https://openalex.org/W4235251376
https://openalex.org/W1419957884
https://openalex.org/W1982850793
https://openalex.org/W2007292043
https://openalex.org/W2056559548
https://openalex.org/W2075031571
https://openalex.org/W2122986241
https://openalex.org/W2287742173
https://openalex.org/W2366788416
https://openalex.org/W2409137150
https://openalex.org/W2409425506
https://openalex.org/W2412057769
https://openalex.org/W2414904885
https://openalex.org/W2418843037
https://openalex.org/W2419487952
https://openalex.org/W2461314385
https://openalex.org/W2525671171
https://openalex.org/W2791400648
https://openalex.org/W2792612021
https://openalex.org/W2809926847
https://openalex.org/W2901543535
https://openalex.org/W2907997884
https://openalex.org/W2913944444
https://openalex.org/W2914612830
https://openalex.org/W2917100142
https://openalex.org/W2922957098
https://openalex.org/W2930069692
https://openalex.org/W2934813582
https://openalex.org/W2940514162
https://openalex.org/W2944598442
https://openalex.org/W2950198654
https://openalex.org/W2950294397
https://openalex.org/W2950626816
https://openalex.org/W2956952298
https://openalex.org/W2958780438
https://openalex.org/W2975093738
https://openalex.org/W2978863251
https://openalex.org/W2981159111
https://openalex.org/W2981485925
https://openalex.org/W2982780893
https://openalex.org/W2985949592
https://openalex.org/W2986602146
https://openalex.org/W2988555761
https://openalex.org/W2989742783
https://openalex.org/W2990271620
https://openalex.org/W3007408892
https://openalex.org/W3008200288
https://openalex.org/W3019479413
https://openalex.org/W3024373869
https://openalex.org/W3189215196
https://openalex.org/W3217037545
https://openalex.org/W4214702616
https://openalex.org/W4230433494
https://openalex.org/W4247751869
https://openalex.org/W4289104982
https://openalex.org/W4394516829
https://openalex.org/W844003668
https://openalex.org/W190976353
https://openalex.org/W2011121552
https://openalex.org/W2045387774
https://openalex.org/W2081950320
https://openalex.org/W2218845332
https://openalex.org/W2401605599
https://openalex.org/W2408155654
https://openalex.org/W2415021154
https://openalex.org/W2417542197
https://openalex.org/W2418103448
https://openalex.org/W2988466809
https://openalex.org/W3150041009
https://openalex.org/W4246636304
https://openalex.org/W4246697132
https://openalex.org/W4252500898
https://openalex.org/W57466191
https://openalex.org/W605870296
https://openalex.org/W94982460
https://openalex.org/W1424999972
https://openalex.org/W2036506433
https://openalex.org/W2037834295
https://openalex.org/W2092799865
https://openalex.org/W2100108071
https://openalex.org/W2149255936
https://openalex.org/W2202408914
https://openalex.org/W2284024701
https://openalex.org/W2359931790
https://openalex.org/W2378122209
https://openalex.org/W2381128696
https://openalex.org/W2400445631
https://openalex.org/W2407449854
https://openalex.org/W2461755863
https://openalex.org/W2462415664
https://openalex.org/W2503140144
https://openalex.org/W2522254808
https://openalex.org/W2526351410
https://openalex.org/W2547171720
https://openalex.org/W2602057406
https://openalex.org/W2621240192
https://openalex.org/W2623734565
https://openalex.org/W2738633477
https://openalex.org/W2743006680
https://openalex.org/W2905347251
https://openalex.org/W2906741105
https://openalex.org/W2959061085
https://openalex.org/W2970695036
https://openalex.org/W2979572598
https://openalex.org/W2984059506
https://openalex.org/W3007399636
https://openalex.org/W3013893678
https://openalex.org/W3016233811
https://openalex.org/W3037217754
https://openalex.org/W3041400130
https://openalex.org/W3041726010
https://openalex.org/W3043652537
https://openalex.org/W3045658882
https://openalex.org/W3047565435
https://openalex.org/W3087665675
https://openalex.org/W3093649051
https://openalex.org/W3094174592
https://openalex.org/W3094591403
https://openalex.org/W3112940118
https://openalex.org/W3125443473
https://openalex.org/W3141854428
https://openalex.org/W3177508230
https://openalex.org/W3185506502
https://openalex.org/W3190790832
https://openalex.org/W4206855509
https://openalex.org/W4206867848
https://openalex.org/W4237341444
https://openalex.org/W4239902039
https://openalex.org/W4240781291
https://openalex.org/W4248497919
https://openalex.org/W4250894274
https://openalex.org/W4285064223
https://openalex.org/W4285876526
https://openalex.org/W4287946409
https://openalex.org/W4299428104
https://openalex.org/W4300860551
https://openalex.org/W4391090076
https://openalex.org/W751149485
https://openalex.org/W865607637
https://openalex.org/W2396476700
https://openalex.org/W2412002934
https://openalex.org/W1443881812
https://openalex.org/W1861931505
https://openalex.org/W2206151422
https://openalex.org/W2268727837
https://openalex.org/W2362396928
https://openalex.org/W2363401471
https://openalex.org/W2400855050
https://openalex.org/W2403388748
https://openalex.org/W2409194738
https://openalex.org/W2411596689
https://openalex.org/W2412023679
https://openalex.org/W2472069606
https://openalex.org/W2621031673
https://openalex.org/W2958636239
https://openalex.org/W2971755128
https://openalex.org/W2981790788
https://openalex.org/W4249086098
https://openalex.org/W1498240911
https://openalex.org/W1917679415
https://openalex.org/W2365225995
https://openalex.org/W2390146416
https://openalex.org/W2411247959
https://openalex.org/W2415275535
https://openalex.org/W2418881089
https://openalex.org/W2785467821
https://openalex.org/W3042698802
https://openalex.org/W3158766519
https://openalex.org/W3173909937
https://openalex.org/W3180166482
https://openalex.org/W3182999182
https://openalex.org/W3184594840
https://openalex.org/W3185400565
https://openalex.org/W3194240608
https://openalex.org/W3194923164
https://openalex.org/W3197590756
https://openalex.org/W3203390153
https://openalex.org/W3206411611
https://openalex.org/W3206588539
https://openalex.org/W3211625079
https://openalex.org/W3211881171
https://openalex.org/W3212795220
https://openalex.org/W3213117180
https://openalex.org/W3216147866
https://openalex.org/W339008788
https://openalex.org/W4200610521
https://openalex.org/W4205275822
https://openalex.org/W4206866823
https://openalex.org/W4213119039
https://openalex.org/W4231311300
https://openalex.org/W4248811579
https://openalex.org/W4288478778
https://openalex.org/W1201145316
https://openalex.org/W1536667343
https://openalex.org/W1604036103
https://openalex.org/W187166551
https://openalex.org/W1960758610
https://openalex.org/W2242804173
https://openalex.org/W2336531381
https://openalex.org/W2343912570
https://openalex.org/W2358623811
https://openalex.org/W2375983555
https://openalex.org/W2409207133
https://openalex.org/W2435238986
https://openalex.org/W2464029013
https://openalex.org/W2478857263
https://openalex.org/W2524721635
https://openalex.org/W2583661187
https://openalex.org/W282773430
https://openalex.org/W2972239382
https://openalex.org/W2993642724
https://openalex.org/W3095664508
https://openalex.org/W3123208688
https://openalex.org/W4229588248
https://openalex.org/W88289871
https://openalex.org/W1511425246
https://openalex.org/W1517580039
https://openalex.org/W2323431314
https://openalex.org/W2402539252
https://openalex.org/W2409535128
https://openalex.org/W2411648128
https://openalex.org/W2414859026
https://openalex.org/W2414982059
https://openalex.org/W2417176454
https://openalex.org/W2418225635
https://openalex.org/W2462603524
https://openalex.org/W2522479746
https://openalex.org/W2568068899
https://openalex.org/W2578593122
https://openalex.org/W322117052
https://openalex.org/W1165045360
https://openalex.org/W169566029
https://openalex.org/W2048830482
https://openalex.org/W2283724963
https://openalex.org/W2352504793
https://openalex.org/W2358257317
https://openalex.org/W2367317402
https://openalex.org/W2382855133
https://openalex.org/W2384078545
https://openalex.org/W2395944393
https://openalex.org/W2405858808
https://openalex.org/W2405898034
https://openalex.org/W2407277478
https://openalex.org/W2409354823
https://openalex.org/W2411188909
https://openalex.org/W2412588504
https://openalex.org/W2412971792
https://openalex.org/W2417234088
https://openalex.org/W2417805542
https://openalex.org/W2419393840
https://openalex.org/W2440755043
https://openalex.org/W2460614251
https://openalex.org/W2463625507
https://openalex.org/W2531704293
https://openalex.org/W2597691541
https://openalex.org/W2619041721
https://openalex.org/W2730562738
https://openalex.org/W2785969912
https://openalex.org/W2786636413
https://openalex.org/W2949847016
https://openalex.org/W2993248936
https://openalex.org/W3133929928
https://openalex.org/W4249970152
https://openalex.org/W4386539885
https://openalex.org/W1023121175
https://openalex.org/W128908403
https://openalex.org/W1531420208
https://openalex.org/W1546355507
https://openalex.org/W1925501600
https://openalex.org/W2017409185
https://openalex.org/W2079046035
https://openalex.org/W2241233392
https://openalex.org/W2255859041
https://openalex.org/W2267908856
https://openalex.org/W2285574288
https://openalex.org/W2404366654
https://openalex.org/W2404552286
https://openalex.org/W2410760263
https://openalex.org/W2413188299
https://openalex.org/W2413296946
https://openalex.org/W2413848753
https://openalex.org/W2419038004
https://openalex.org/W2434398004
https://openalex.org/W2468943840
https://openalex.org/W2471645774
https://openalex.org/W2475110767
https://openalex.org/W2483070759
https://openalex.org/W2526683479
https://openalex.org/W2554689731
https://openalex.org/W2767843094
https://openalex.org/W27817428
https://openalex.org/W2782079584
https://openalex.org/W2916065201
https://openalex.org/W2937428344
https://openalex.org/W3023784273
https://openalex.org/W3111903753
https://openalex.org/W4206641667
https://openalex.org/W4231671356
https://openalex.org/W4238405332
https://openalex.org/W4239471283
https://openalex.org/W76963831
https://openalex.org/W162029669
https://openalex.org/W2060751091
https://openalex.org/W2074239245
https://openalex.org/W2100661821
https://openalex.org/W2184446092
https://openalex.org/W2398778575
https://openalex.org/W2399164661
https://openalex.org/W2407969107
https://openalex.org/W2408651484
https://openalex.org/W2408950799
https://openalex.org/W2410628143
https://openalex.org/W2411376497
https://openalex.org/W2412749827
https://openalex.org/W2432729033
https://openalex.org/W2443100233
https://openalex.org/W2464351073
https://openalex.org/W2466484269
https://openalex.org/W2467213383
https://openalex.org/W2472810409
https://openalex.org/W2513384634
https://openalex.org/W2614567486
https://openalex.org/W2693336030
https://openalex.org/W2992345
https://openalex.org/W31273672
https://openalex.org/W36373994
https://openalex.org/W47318234
https://openalex.org/W999714581
https://openalex.org/W127266433
https://openalex.org/W129836866
https://openalex.org/W151859655
https://openalex.org/W1839496215
https://openalex.org/W188004074
https://openalex.org/W190594545
https://openalex.org/W191242798
https://openalex.org/W1968683753
https://openalex.org/W1989680236
https://openalex.org/W1997272786
https://openalex.org/W2007503581
https://openalex.org/W2053561052
https://openalex.org/W2059211956
https://openalex.org/W2076402460
https://openalex.org/W2129571574
https://openalex.org/W2230516732
https://openalex.org/W2301682314
https://openalex.org/W2322925220
https://openalex.org/W2326288270
https://openalex.org/W2340598385
https://openalex.org/W2396363794
https://openalex.org/W2396572134
https://openalex.org/W2398504525
https://openalex.org/W2403535245
https://openalex.org/W2404785578
https://openalex.org/W2405917802
https://openalex.org/W2406694532
https://openalex.org/W2407849036
https://openalex.org/W2409219648
https://openalex.org/W2409497657
https://openalex.org/W2412155165
https://openalex.org/W2414014120
https://openalex.org/W2417083143
https://openalex.org/W2417196399
https://openalex.org/W2417352003
https://openalex.org/W2418827503
https://openalex.org/W2424099528
https://openalex.org/W2428785806
https://openalex.org/W2437641734
https://openalex.org/W2468557688
https://openalex.org/W2468855492
https://openalex.org/W2470757416
https://openalex.org/W2493493335
https://openalex.org/W2565011637
https://openalex.org/W2580104581
https://openalex.org/W2737709531
https://openalex.org/W2793161186
https://openalex.org/W28076066
https://openalex.org/W28819601
https://openalex.org/W2906091741
https://openalex.org/W3093653839
https://openalex.org/W3145311470
https://openalex.org/W3151053384
https://openalex.org/W4240634379
https://openalex.org/W4240637270
https://openalex.org/W4241474955
https://openalex.org/W4253866824
https://openalex.org/W4386684598
https://openalex.org/W4386684658
https://openalex.org/W646568063
https://openalex.org/W70649607
https://openalex.org/W985982495
https://openalex.org/W2116483002
https://openalex.org/W2000554196
https://openalex.org/W2283572643
https://openalex.org/W2122082665
https://openalex.org/W3106240111
https://openalex.org/W2321262375
https://openalex.org/W2086869132
https://openalex.org/W2033697399
https://openalex.org/W2089740883
https://openalex.org/W2337267487
https://openalex.org/W2123165866
https://openalex.org/W2957974712
https://openalex.org/W2001089762
https://openalex.org/W1547996934
https://openalex.org/W1601066507
https://openalex.org/W1548015278
https://openalex.org/W1971858639
https://openalex.org/W2744254595
https://openalex.org/W11825497
https://openalex.org/W2581925873
https://openalex.org/W2170923742
https://openalex.org/W2766011280
https://openalex.org/W3006001937
https://openalex.org/W3186839920
https://openalex.org/W3023134771
https://openalex.org/W3210973670
https://openalex.org/W4200592593
https://openalex.org/W1978432995
https://openalex.org/W2036840086
https://openalex.org/W2165078795
https://openalex.org/W2046883067
https://openalex.org/W2141088469
https://openalex.org/W1978806968
https://openalex.org/W4247741685
https://openalex.org/W2033660809
https://openalex.org/W2330598934
https://openalex.org/W2143292283
https://openalex.org/W4294576108
https://openalex.org/W2160408217
https://openalex.org/W2170683248
https://openalex.org/W1993065073
https://openalex.org/W2034103297
https://openalex.org/W4249606224
https://openalex.org/W2066502432
https://openalex.org/W2027673360
https://openalex.org/W2169200495
https://openalex.org/W2068632277
https://openalex.org/W2005464779
https://openalex.org/W2114964797
https://openalex.org/W1780148870
https://openalex.org/W2009868142
https://openalex.org/W2148757676
https://openalex.org/W2083850878
https://openalex.org/W1988503739
https://openalex.org/W2067310997
https://openalex.org/W2067831605
https://openalex.org/W2058742122
https://openalex.org/W2889153773
https://openalex.org/W4309169685
https://openalex.org/W2010434522
https://openalex.org/W2149676428
https://openalex.org/W2893022970
https://openalex.org/W1995587501
https://openalex.org/W2572826571
https://openalex.org/W2040926299
https://openalex.org/W2029864630
https://openalex.org/W3118530728
https://openalex.org/W2007094203
https://openalex.org/W2120254591
https://openalex.org/W3017185512
https://openalex.org/W2585532447
https://openalex.org/W1505928801
https://openalex.org/W3083992026
https://openalex.org/W2948602921
https://openalex.org/W3104807102
https://openalex.org/W2968144358
https://openalex.org/W3018868203
https://openalex.org/W3162525804
https://openalex.org/W3014892609
https://openalex.org/W3210318430
https://openalex.org/W4318203686
https://openalex.org/W4300772321
https://openalex.org/W4319028525
https://openalex.org/W4364356383
https://openalex.org/W1977637307
https://openalex.org/W1985396643
https://openalex.org/W1964299460
https://openalex.org/W2022326288
https://openalex.org/W1983473446
https://openalex.org/W2026605553
https://openalex.org/W1969895447
https://openalex.org/W2126744806
https://openalex.org/W2011234847
https://openalex.org/W2120422541
https://openalex.org/W2032243899
https://openalex.org/W2011730449
https://openalex.org/W2024508489
https://openalex.org/W2124467016
https://openalex.org/W2442490972
https://openalex.org/W2064803691
https://openalex.org/W2081821470
https://openalex.org/W2140512327
https://openalex.org/W2213234
https://openalex.org/W2138753037
https://openalex.org/W2168381904
https://openalex.org/W1996315240
https://openalex.org/W2000869574
https://openalex.org/W1497610383
https://openalex.org/W2149550012
https://openalex.org/W2050833459
https://openalex.org/W2001699624
https://openalex.org/W2095961578
https://openalex.org/W1769386305
https://openalex.org/W2063052862
https://openalex.org/W2492139109
https://openalex.org/W2583069492
https://openalex.org/W2897705585
https://openalex.org/W1973129306
https://openalex.org/W1916469768
https://openalex.org/W2042690937
https://openalex.org/W2411726988
https://openalex.org/W2624967769
https://openalex.org/W2946668495
https://openalex.org/W3196841909
https://openalex.org/W3042446616
https://openalex.org/W3120574649
https://openalex.org/W4297523317
https://openalex.org/W4391993630
https://openalex.org/W4393858340
https://openalex.org/W2083639033
https://openalex.org/W1510278246
https://openalex.org/W2092055188
https://openalex.org/W1535960347
https://openalex.org/W1965010788
https://openalex.org/W1976969250
https://openalex.org/W1986600734
https://openalex.org/W2027396499
https://openalex.org/W1998111255
https://openalex.org/W2065952206
https://openalex.org/W2104398866
https://openalex.org/W1978602510
https://openalex.org/W2011247974
https://openalex.org/W2073492611
https://openalex.org/W159631075
https://openalex.org/W2011294024
https://openalex.org/W2409068987
https://openalex.org/W1691453326
https://openalex.org/W2092803180
https://openalex.org/W1997685021
https://openalex.org/W2076732190
https://openalex.org/W2404792235
https://openalex.org/W2258942936
https://openalex.org/W2136469279
https://openalex.org/W2740786533
https://openalex.org/W2509925103
https://openalex.org/W1981820237
https://openalex.org/W2394954607
https://openalex.org/W2400905887
https://openalex.org/W2547953530
https://openalex.org/W2891793904
https://openalex.org/W2316900123
https://openalex.org/W2754217112
https://openalex.org/W2914453787
https://openalex.org/W2967694024
https://openalex.org/W2995884932
https://openalex.org/W3008649502
https://openalex.org/W2983278114
https://openalex.org/W3048342891
https://openalex.org/W3210128751
https://openalex.org/W4297399280
https://openalex.org/W4387809675
https://openalex.org/W4319010134
https://openalex.org/W4323664513
https://openalex.org/W1989791310
https://openalex.org/W2112827179
https://openalex.org/W1997584407
https://openalex.org/W1970461627
https://openalex.org/W2125144067
https://openalex.org/W2010996333
https://openalex.org/W2013586449
https://openalex.org/W2031427260
https://openalex.org/W4293876530
https://openalex.org/W2088483617
https://openalex.org/W129922276
https://openalex.org/W2408015267
https://openalex.org/W4298206568
https://openalex.org/W1616891206
https://openalex.org/W2124682675
https://openalex.org/W2146625369
https://openalex.org/W1572656115
https://openalex.org/W2041084581
https://openalex.org/W1977030642
https://openalex.org/W1977260920
https://openalex.org/W1946526206
https://openalex.org/W2091898181
https://openalex.org/W2114561232
https://openalex.org/W2066398127
https://openalex.org/W161382769
https://openalex.org/W2605948965
https://openalex.org/W2618185802
https://openalex.org/W3123022109
https://openalex.org/W2508480079
https://openalex.org/W1521780487
https://openalex.org/W2981174989
https://openalex.org/W3112171331
https://openalex.org/W2996600731
https://openalex.org/W1972131654
https://openalex.org/W3133676907
https://openalex.org/W4292809811
https://openalex.org/W4200608881
https://openalex.org/W4294131932
https://openalex.org/W4226216633
https://openalex.org/W4310105227
https://openalex.org/W4321367433
https://openalex.org/W4384576222
https://openalex.org/W1969603892
https://openalex.org/W2148333546
https://openalex.org/W2085736987
https://openalex.org/W1997881033
https://openalex.org/W2066067024
https://openalex.org/W2051855563
https://openalex.org/W1996381097
https://openalex.org/W2076415556
https://openalex.org/W1716546301
https://openalex.org/W2085612654
https://openalex.org/W1761322346
https://openalex.org/W2031487916
https://openalex.org/W2138084088
https://openalex.org/W1995074524
https://openalex.org/W2010468784
https://openalex.org/W2088424771
https://openalex.org/W2052998193
https://openalex.org/W2082138080
https://openalex.org/W2158427926
https://openalex.org/W1946802485
https://openalex.org/W2000984629
https://openalex.org/W2413225754
https://openalex.org/W2092690915
https://openalex.org/W2473022211
https://openalex.org/W2086707225
https://openalex.org/W1883339985
https://openalex.org/W2335330747
https://openalex.org/W2140502167
https://openalex.org/W2160848371
https://openalex.org/W2901398166
https://openalex.org/W2026352083
https://openalex.org/W2409442452
https://openalex.org/W2537376804
https://openalex.org/W2545866278
https://openalex.org/W2898567380
https://openalex.org/W2004552360
https://openalex.org/W2568486663
https://openalex.org/W2912115762
https://openalex.org/W2977080500
https://openalex.org/W2978835637
https://openalex.org/W2966647705
https://openalex.org/W3046008909
https://openalex.org/W3196589617
https://openalex.org/W3122194390
https://openalex.org/W4283734208
https://openalex.org/W4291121189
https://openalex.org/W4386799425
https://openalex.org/W2078957940
https://openalex.org/W1842337918
https://openalex.org/W1972920591
https://openalex.org/W1966049163
https://openalex.org/W1971902902
https://openalex.org/W2000225150
https://openalex.org/W2026972574
https://openalex.org/W2088739354
https://openalex.org/W2064259762
https://openalex.org/W2094616118
https://openalex.org/W1622458849
https://openalex.org/W2067649427
https://openalex.org/W2077050552
https://openalex.org/W2044958355
https://openalex.org/W2269038353
https://openalex.org/W1489354008
https://openalex.org/W1519048577
https://openalex.org/W1930230659
https://openalex.org/W2099931845
https://openalex.org/W2406050568
https://openalex.org/W2036434171
https://openalex.org/W1606855407
https://openalex.org/W2018577891
https://openalex.org/W4256315505
https://openalex.org/W1982479381
https://openalex.org/W1711269716
https://openalex.org/W2415715295
https://openalex.org/W2008954055
https://openalex.org/W2751305997
https://openalex.org/W2077920683
https://openalex.org/W2332250447
https://openalex.org/W2409543411
https://openalex.org/W2607075594
https://openalex.org/W2912775979
https://openalex.org/W2801023376
https://openalex.org/W2540994165
https://openalex.org/W2592236000
https://openalex.org/W2794156890
https://openalex.org/W2528815425
https://openalex.org/W2945409980
https://openalex.org/W2955736320
https://openalex.org/W2803617207
https://openalex.org/W2913171504
https://openalex.org/W3001353916
https://openalex.org/W3011881899
https://openalex.org/W2974042866
https://openalex.org/W2998020525
https://openalex.org/W3024624807
https://openalex.org/W3110901970
https://openalex.org/W3161749082
https://openalex.org/W3198422240
https://openalex.org/W3214745707
https://openalex.org/W4282929942
https://openalex.org/W4293089385
https://openalex.org/W4205675201
https://openalex.org/W4225158377
https://openalex.org/W4225265459
https://openalex.org/W4281634686
https://openalex.org/W4380685395
https://openalex.org/W138031834
https://openalex.org/W1876817221
https://openalex.org/W2038812586
https://openalex.org/W2008684851
https://openalex.org/W2049241160
https://openalex.org/W2161750600
https://openalex.org/W1994738270
https://openalex.org/W2000742489
https://openalex.org/W2049275516
https://openalex.org/W2063943714
https://openalex.org/W1751232265
https://openalex.org/W2405311522
https://openalex.org/W4235321568
https://openalex.org/W1510509668
https://openalex.org/W1842883952
https://openalex.org/W2102882518
https://openalex.org/W2465379531
https://openalex.org/W1974338718
https://openalex.org/W2116991342
https://openalex.org/W1530702942
https://openalex.org/W2046118185
https://openalex.org/W2089793581
https://openalex.org/W2412241604
https://openalex.org/W2141286398
https://openalex.org/W2035740891
https://openalex.org/W1974970934
https://openalex.org/W1965354279
https://openalex.org/W2323780020
https://openalex.org/W2476169442
https://openalex.org/W2619380777
https://openalex.org/W2736155802
https://openalex.org/W4255257949
https://openalex.org/W2766218406
https://openalex.org/W1971784841
https://openalex.org/W2809193267
https://openalex.org/W2979867602
https://openalex.org/W3010160190
https://openalex.org/W3101131199
https://openalex.org/W3186749653
https://openalex.org/W4200269991
https://openalex.org/W4200566803
https://openalex.org/W4229003500
https://openalex.org/W4296038456
https://openalex.org/W4387918683
https://openalex.org/W4390519894
https://openalex.org/W4390583846
https://openalex.org/W4390706901
https://openalex.org/W4390755912
https://openalex.org/W4390825979
https://openalex.org/W4391089619
https://openalex.org/W4391344071
https://openalex.org/W4391365567
https://openalex.org/W4391472329
https://openalex.org/W4391519652
https://openalex.org/W4391582851
https://openalex.org/W4391880760
https://openalex.org/W4391897362
https://openalex.org/W4392246401
https://openalex.org/W4392360835
https://openalex.org/W4392370064
https://openalex.org/W4392404749
https://openalex.org/W4392469437
https://openalex.org/W4392594262
https://openalex.org/W4392747387
https://openalex.org/W4392821044
https://openalex.org/W4392922552
https://openalex.org/W4392986811
https://openalex.org/W4393113929
https://openalex.org/W4393260725
https://openalex.org/W4393306649
https://openalex.org/W4393354953
https://openalex.org/W4393863504
https://openalex.org/W4394578201
https://openalex.org/W4394583142
https://openalex.org/W4394601551
https://openalex.org/W4394648154
https://openalex.org/W4394727503
https://openalex.org/W4395070302
https://openalex.org/W4395071314
https://openalex.org/W2010277240
https://openalex.org/W1790382076
https://openalex.org/W2139453713
https://openalex.org/W2142753190
https://openalex.org/W2018375842
https://openalex.org/W1981833947
https://openalex.org/W2000328729
https://openalex.org/W2052771068
https://openalex.org/W1966182065
https://openalex.org/W1971528961
https://openalex.org/W2114465964
https://openalex.org/W2034042056
https://openalex.org/W2282172259
https://openalex.org/W2069966816
https://openalex.org/W1562975309
https://openalex.org/W1981264389
https://openalex.org/W2050955495
https://openalex.org/W2116516825
https://openalex.org/W2045850918
https://openalex.org/W2063599804
https://openalex.org/W1984779943
https://openalex.org/W2065565828
https://openalex.org/W2146575454
https://openalex.org/W1972246876
https://openalex.org/W2073119005
https://openalex.org/W2153107696
https://openalex.org/W1529717968
https://openalex.org/W1969211460
https://openalex.org/W1987843494
https://openalex.org/W2017575259
https://openalex.org/W2172992767
https://openalex.org/W2338147882
https://openalex.org/W1986708691
https://openalex.org/W2010204268
https://openalex.org/W2419488560
https://openalex.org/W2058780570
https://openalex.org/W2078619042
https://openalex.org/W2086026948
https://openalex.org/W2319241100
https://openalex.org/W2775695335
https://openalex.org/W2804765483
https://openalex.org/W2013174492
https://openalex.org/W2532681950
https://openalex.org/W2555689407
https://openalex.org/W2901957842
https://openalex.org/W2991598592
https://openalex.org/W2306354258
https://openalex.org/W2558659366
https://openalex.org/W2913035320
https://openalex.org/W2943113841
https://openalex.org/W2260527176
https://openalex.org/W2921224222
https://openalex.org/W3141504219
https://openalex.org/W4323816868
https://openalex.org/W4366319377
https://openalex.org/W4372311767
https://openalex.org/W4376613634
https://openalex.org/W4385781644
https://openalex.org/W4386253431
https://openalex.org/W4386425855
https://openalex.org/W4389042693
https://openalex.org/W2399063525
https://openalex.org/W2088421779
https://openalex.org/W1988441653
https://openalex.org/W2048147491
https://openalex.org/W2080929024
https://openalex.org/W2322298452
https://openalex.org/W114516800
https://openalex.org/W2001582935
https://openalex.org/W2006563890
https://openalex.org/W2073677466
https://openalex.org/W2128282181
https://openalex.org/W2326311571
https://openalex.org/W1880872626
https://openalex.org/W2014274376
https://openalex.org/W51923445
https://openalex.org/W1853944591
https://openalex.org/W2011184299
https://openalex.org/W35908721
https://openalex.org/W1803247695
https://openalex.org/W3137256953
https://openalex.org/W2045165195
https://openalex.org/W1537057510
https://openalex.org/W1966815210
https://openalex.org/W2143165563
https://openalex.org/W114284305
https://openalex.org/W1967460512
https://openalex.org/W2105200381
https://openalex.org/W1999144913
https://openalex.org/W2074807272
https://openalex.org/W2132639377
https://openalex.org/W2161679472
https://openalex.org/W2169833888
https://openalex.org/W1970482703
https://openalex.org/W2037704002
https://openalex.org/W2054043749
https://openalex.org/W2170658448
https://openalex.org/W2561822944
https://openalex.org/W2340553645
https://openalex.org/W2396089143
https://openalex.org/W2439425285
https://openalex.org/W2498653896
https://openalex.org/W2918824106
https://openalex.org/W2976376107
https://openalex.org/W3090421838
https://openalex.org/W3033638080
https://openalex.org/W3165884263
https://openalex.org/W3176468918
https://openalex.org/W4292661228
https://openalex.org/W1968882113
https://openalex.org/W1997332832
https://openalex.org/W1992545188
https://openalex.org/W2014554085
https://openalex.org/W2136976594
https://openalex.org/W1968630274
https://openalex.org/W2077391876
https://openalex.org/W2101845771
https://openalex.org/W2012201122
https://openalex.org/W2014412078
https://openalex.org/W2040732572
https://openalex.org/W2061809142
https://openalex.org/W1970474210
https://openalex.org/W1976296414
https://openalex.org/W2048539524
https://openalex.org/W2085610801
https://openalex.org/W2060068561
https://openalex.org/W2079081696
https://openalex.org/W2402017390
https://openalex.org/W138652802
https://openalex.org/W2093886112
https://openalex.org/W1896344621
https://openalex.org/W2054840318
https://openalex.org/W1563467222
https://openalex.org/W1983417323
https://openalex.org/W2076320114
https://openalex.org/W2104579877
https://openalex.org/W1589779710
https://openalex.org/W1977328952
https://openalex.org/W2027058666
https://openalex.org/W2080942280
https://openalex.org/W2039517131
https://openalex.org/W2158948834
https://openalex.org/W2299729328
https://openalex.org/W2417622083
https://openalex.org/W2587556787
https://openalex.org/W2590489081
https://openalex.org/W2611992772
https://openalex.org/W1977236113
https://openalex.org/W2033103523
https://openalex.org/W2320188323
https://openalex.org/W2550219759
https://openalex.org/W2612683527
https://openalex.org/W2887313175
https://openalex.org/W2940871995
https://openalex.org/W2963532919
https://openalex.org/W2553576041
https://openalex.org/W2904787430
https://openalex.org/W2956603010
https://openalex.org/W2972981929
https://openalex.org/W2995494438
https://openalex.org/W3003742273
https://openalex.org/W3019033650
https://openalex.org/W3113115138
https://openalex.org/W3130957552
https://openalex.org/W3215897431
https://openalex.org/W4206322119
https://openalex.org/W4224736678
https://openalex.org/W2036860448
https://openalex.org/W2004981124
https://openalex.org/W2033974277
https://openalex.org/W2915244960
https://openalex.org/W2012100404
https://openalex.org/W4233009675
https://openalex.org/W1858933398
https://openalex.org/W2085755346
https://openalex.org/W2218581662
https://openalex.org/W1435333301
https://openalex.org/W2068911343
https://openalex.org/W2089044415
https://openalex.org/W2005307066
https://openalex.org/W2014979454
https://openalex.org/W2018733215
https://openalex.org/W2409030289
https://openalex.org/W4301784083
https://openalex.org/W1968194670
https://openalex.org/W2017223563
https://openalex.org/W2118380231
https://openalex.org/W2255244785
https://openalex.org/W2417028549
https://openalex.org/W2052196350
https://openalex.org/W1985914578
https://openalex.org/W1987067751
https://openalex.org/W2004583337
https://openalex.org/W2044699855
https://openalex.org/W2075593144
https://openalex.org/W2127185845
https://openalex.org/W2130691805
https://openalex.org/W2766093974
https://openalex.org/W2050822691
https://openalex.org/W2181140670
https://openalex.org/W2329791462
https://openalex.org/W1998204922
https://openalex.org/W2954191374
https://openalex.org/W3042211474
https://openalex.org/W3099289122
https://openalex.org/W3164942392
https://openalex.org/W3183104464
https://openalex.org/W3204909328
https://openalex.org/W3207542491
https://openalex.org/W2337024846
https://openalex.org/W2031661008
https://openalex.org/W2093629431
https://openalex.org/W1984977942
https://openalex.org/W1998736568
https://openalex.org/W2005543846
https://openalex.org/W2058437502
https://openalex.org/W2035239464
https://openalex.org/W1477261024
https://openalex.org/W2084235566
https://openalex.org/W2127194507
https://openalex.org/W1554498335
https://openalex.org/W2465089850
https://openalex.org/W1997691957
https://openalex.org/W2026865067
https://openalex.org/W2010293754
https://openalex.org/W3001803603
https://openalex.org/W2409211793
https://openalex.org/W1996258808
https://openalex.org/W2055686929
https://openalex.org/W2077527730
https://openalex.org/W2143366354
https://openalex.org/W2161511151
https://openalex.org/W2993484258
https://openalex.org/W2157119449
https://openalex.org/W2414476727
https://openalex.org/W2909370429
https://openalex.org/W2055604171
https://openalex.org/W2115196855
https://openalex.org/W2201798154
https://openalex.org/W2409108623
https://openalex.org/W2789879257
https://openalex.org/W2791330220
https://openalex.org/W2792514000
https://openalex.org/W2912480272
https://openalex.org/W2030252492
https://openalex.org/W2063127193
https://openalex.org/W2233929352
https://openalex.org/W2980341730
https://openalex.org/W2988432189
https://openalex.org/W3002624366
https://openalex.org/W3038516234
https://openalex.org/W3110257379
https://openalex.org/W3036873686
https://openalex.org/W3105528543
https://openalex.org/W3134419437
https://openalex.org/W3217440202
https://openalex.org/W4200034770
https://openalex.org/W4200539472
https://openalex.org/W4205961661
https://openalex.org/W4225013652
https://openalex.org/W4283700858
https://openalex.org/W4293007204
https://openalex.org/W4309127716
https://openalex.org/W4313332378
https://openalex.org/W4316663549
https://openalex.org/W4318941355
https://openalex.org/W4321609366
https://openalex.org/W4322500866
https://openalex.org/W4361949072
https://openalex.org/W4367182322
https://openalex.org/W4381251467
https://openalex.org/W4382060604
https://openalex.org/W4384493150
https://openalex.org/W4387233491
https://openalex.org/W4390471083
https://openalex.org/W2002774207
https://openalex.org/W2472651661
https://openalex.org/W1746268237
https://openalex.org/W2075408519
https://openalex.org/W1575948191
https://openalex.org/W1893124313
https://openalex.org/W1983106168
https://openalex.org/W2412898273
https://openalex.org/W104505973
https://openalex.org/W119023047
https://openalex.org/W2102143544
https://openalex.org/W2330718972
https://openalex.org/W2061652671
https://openalex.org/W2085105335
https://openalex.org/W2322668854
https://openalex.org/W2417825307
https://openalex.org/W1925986648
https://openalex.org/W2462725568
https://openalex.org/W1574947432
https://openalex.org/W2124269693
https://openalex.org/W2345674759
https://openalex.org/W1986157479
https://openalex.org/W2024634917
https://openalex.org/W2052471915
https://openalex.org/W2055395864
https://openalex.org/W2113293609
https://openalex.org/W2949657919
https://openalex.org/W2071410600
https://openalex.org/W2398562948
https://openalex.org/W80208398
https://openalex.org/W2048874416
https://openalex.org/W2313860529
https://openalex.org/W2409302144
https://openalex.org/W2592592278
https://openalex.org/W2617622913
https://openalex.org/W2039040885
https://openalex.org/W2109859504
https://openalex.org/W2123250819
https://openalex.org/W2127872575
https://openalex.org/W2181139179
https://openalex.org/W2343129279
https://openalex.org/W2591839460
https://openalex.org/W2736064671
https://openalex.org/W2746020571
https://openalex.org/W2946759466
https://openalex.org/W2946833889
https://openalex.org/W2978608680
https://openalex.org/W2995505566
https://openalex.org/W2071289178
https://openalex.org/W2024795394
https://openalex.org/W2026084311
https://openalex.org/W2029873852
https://openalex.org/W2066268631
https://openalex.org/W64368869
https://openalex.org/W2003731219
https://openalex.org/W2015375118
https://openalex.org/W2157802687
https://openalex.org/W1974774460
https://openalex.org/W2094223384
https://openalex.org/W2333479422
https://openalex.org/W3004741032
https://openalex.org/W1971337016
https://openalex.org/W2064161844
https://openalex.org/W2070473570
https://openalex.org/W2073757505
https://openalex.org/W2394763189
https://openalex.org/W3004746245
https://openalex.org/W2324273931
https://openalex.org/W2417107670
https://openalex.org/W2131776599
https://openalex.org/W2133057093
https://openalex.org/W1965917302
https://openalex.org/W2040186185
https://openalex.org/W2130160195
https://openalex.org/W2077025856
https://openalex.org/W2121999321
https://openalex.org/W2130780715
https://openalex.org/W2188013932
https://openalex.org/W1779130099
https://openalex.org/W2032601147
https://openalex.org/W2137523480
https://openalex.org/W2467783814
https://openalex.org/W2614364110
https://openalex.org/W2911108433
https://openalex.org/W2953011768
https://openalex.org/W2982480010
https://openalex.org/W2990437478
https://openalex.org/W3026261812
https://openalex.org/W3083530104
https://openalex.org/W2299738787
https://openalex.org/W2507077674
https://openalex.org/W2548631451
https://openalex.org/W2552417239
https://openalex.org/W2559668690
https://openalex.org/W3158756497
https://openalex.org/W2015668800
https://openalex.org/W2256648060
https://openalex.org/W2049236800
https://openalex.org/W2093115746
https://openalex.org/W2106245668
https://openalex.org/W2058934159
https://openalex.org/W1999235489
https://openalex.org/W2047963616
https://openalex.org/W2064414199
https://openalex.org/W2404832891
https://openalex.org/W128333745
https://openalex.org/W1981133612
https://openalex.org/W2111028899
https://openalex.org/W2115007961
https://openalex.org/W2468546506
https://openalex.org/W111663155
https://openalex.org/W2016105132
https://openalex.org/W2094873331
https://openalex.org/W2033917148
https://openalex.org/W1995956425
https://openalex.org/W2036395701
https://openalex.org/W2052227223
https://openalex.org/W2396371853
https://openalex.org/W1978038002
https://openalex.org/W1996897345
https://openalex.org/W2335142263
https://openalex.org/W2419347957
https://openalex.org/W2100468343
https://openalex.org/W2792702956
https://openalex.org/W2887766003
https://openalex.org/W3123792497
https://openalex.org/W1046736279
https://openalex.org/W2037834591
https://openalex.org/W2070824371
https://openalex.org/W2105987586
https://openalex.org/W2291427921
https://openalex.org/W2324574758
https://openalex.org/W2417458388
https://openalex.org/W2502223599
https://openalex.org/W2508097723
https://openalex.org/W2549703737
https://openalex.org/W2762063769
https://openalex.org/W2765204713
https://openalex.org/W2898126729
https://openalex.org/W2914034000
https://openalex.org/W2979044837
https://openalex.org/W2986622898
https://openalex.org/W3040955980
https://openalex.org/W3047514414
https://openalex.org/W3082710697
https://openalex.org/W3100195404
https://openalex.org/W2030207724
https://openalex.org/W2406697378
https://openalex.org/W3090746193
https://openalex.org/W3134376139
https://openalex.org/W3173463415
https://openalex.org/W4211038994
https://openalex.org/W3198015689
https://openalex.org/W4205810947
https://openalex.org/W4212884699
https://openalex.org/W4300772560
https://openalex.org/W4312094055
https://openalex.org/W139528081
https://openalex.org/W2013428118
https://openalex.org/W2036902149
https://openalex.org/W2135522212
https://openalex.org/W2031466971
https://openalex.org/W2328553062
https://openalex.org/W1999991925
https://openalex.org/W2026158206
https://openalex.org/W2410683529
https://openalex.org/W1984948979
https://openalex.org/W2130039816
https://openalex.org/W1926575250
https://openalex.org/W1983061584
https://openalex.org/W1990460316
https://openalex.org/W2079880069
https://openalex.org/W2330820831
https://openalex.org/W2037228377
https://openalex.org/W646950177
https://openalex.org/W2115338246
https://openalex.org/W2773384329
https://openalex.org/W2894104630
https://openalex.org/W2950964415
https://openalex.org/W1701715332
https://openalex.org/W1924363445
https://openalex.org/W2074332118
https://openalex.org/W2095255325
https://openalex.org/W2099228946
https://openalex.org/W2196359931
https://openalex.org/W2203246249
https://openalex.org/W2507678877
https://openalex.org/W2552585549
https://openalex.org/W3012663752
https://openalex.org/W3035973079
https://openalex.org/W983573687
https://openalex.org/W2471404291
https://openalex.org/W2056123055
https://openalex.org/W1975779672
https://openalex.org/W2276836401
https://openalex.org/W34902359
https://openalex.org/W2282784051
https://openalex.org/W2007574070
https://openalex.org/W2107348622
https://openalex.org/W2150538367
https://openalex.org/W2061064748
https://openalex.org/W112478565
https://openalex.org/W2408664268
https://openalex.org/W4298877273
https://openalex.org/W1980880424
https://openalex.org/W2069785379
https://openalex.org/W2400625342
https://openalex.org/W2100133282
https://openalex.org/W2107816197
https://openalex.org/W2165294125
https://openalex.org/W2181005393
https://openalex.org/W2402156463
https://openalex.org/W2411210229
https://openalex.org/W3193720361
https://openalex.org/W1973401129
https://openalex.org/W1993517792
https://openalex.org/W2032057182
https://openalex.org/W2148156927
https://openalex.org/W2163334910
https://openalex.org/W2613215828
https://openalex.org/W2792420551
https://openalex.org/W2806568417
https://openalex.org/W2890917284
https://openalex.org/W2895558594
https://openalex.org/W2940574655
https://openalex.org/W2957818015
https://openalex.org/W2963535332
https://openalex.org/W999653987
https://openalex.org/W1853087219
https://openalex.org/W188802559
https://openalex.org/W2074540658
https://openalex.org/W2085792996
https://openalex.org/W2185842124
https://openalex.org/W2207346963
https://openalex.org/W2257236689
https://openalex.org/W2291431208
https://openalex.org/W2293766756
https://openalex.org/W2417639862
https://openalex.org/W2468028457
https://openalex.org/W2480930280
https://openalex.org/W2530718518
https://openalex.org/W3119635350
https://openalex.org/W3131003653
https://openalex.org/W3131604759
https://openalex.org/W3158736091
https://openalex.org/W3181482188
https://openalex.org/W3193531566
https://openalex.org/W3214783757
https://openalex.org/W929637776
https://openalex.org/W2050718968
https://openalex.org/W2206295828
https://openalex.org/W1968845675
https://openalex.org/W133713608
https://openalex.org/W1575355622
https://openalex.org/W2417732464
https://openalex.org/W1998591579
https://openalex.org/W2035654384
https://openalex.org/W2131511445
https://openalex.org/W2346728199
https://openalex.org/W2413963400
https://openalex.org/W2418252539
https://openalex.org/W2431477169
https://openalex.org/W2940503949
https://openalex.org/W2043170041
https://openalex.org/W2051466228
https://openalex.org/W2167578166
https://openalex.org/W1979922399
https://openalex.org/W2027767906
https://openalex.org/W2556748945
https://openalex.org/W2594121902
https://openalex.org/W2607042706
https://openalex.org/W2754007237
https://openalex.org/W2883228815
https://openalex.org/W2901470513
https://openalex.org/W2923472467
https://openalex.org/W2951512211
https://openalex.org/W3000450236
https://openalex.org/W3012685824
https://openalex.org/W3024548212
https://openalex.org/W3029188231
https://openalex.org/W3087099621
https://openalex.org/W1558574381
https://openalex.org/W1817711300
https://openalex.org/W2014217834
https://openalex.org/W2068544906
https://openalex.org/W2293325748
https://openalex.org/W2336892748
https://openalex.org/W2460977797
https://openalex.org/W2472779540
https://openalex.org/W2517905567
https://openalex.org/W2525221975
https://openalex.org/W2567224158
https://openalex.org/W2089470241
https://openalex.org/W3211695274
https://openalex.org/W4205180832
https://openalex.org/W4205785305
https://openalex.org/W4224253020
https://openalex.org/W4225263281
https://openalex.org/W4229063491
https://openalex.org/W4283209408
https://openalex.org/W4283814352
https://openalex.org/W4285076901
https://openalex.org/W4296781074
https://openalex.org/W2063169895
https://openalex.org/W2088921595
https://openalex.org/W2090700947
https://openalex.org/W2394937232
https://openalex.org/W2290291412
https://openalex.org/W1993612623
https://openalex.org/W1981795362
https://openalex.org/W2039188644
https://openalex.org/W2160775434
https://openalex.org/W2335460585
https://openalex.org/W2042082019
https://openalex.org/W2105629195
https://openalex.org/W2433884680
https://openalex.org/W1965179427
https://openalex.org/W1973009277
https://openalex.org/W1995920711
https://openalex.org/W2081984271
https://openalex.org/W2137528819
https://openalex.org/W2230852450
https://openalex.org/W2333666952
https://openalex.org/W2337072221
https://openalex.org/W2531654257
https://openalex.org/W2590511789
https://openalex.org/W2001871041
https://openalex.org/W2045825698
https://openalex.org/W2071473134
https://openalex.org/W2080158114
https://openalex.org/W2110744338
https://openalex.org/W2288505279
https://openalex.org/W2403223002
https://openalex.org/W1540172454
https://openalex.org/W1990585355
https://openalex.org/W2083661660
https://openalex.org/W582493086
https://openalex.org/W1983621537
https://openalex.org/W2020817383
https://openalex.org/W2145499540
https://openalex.org/W2599270007
https://openalex.org/W2772952945
https://openalex.org/W2788380388
https://openalex.org/W2891788507
https://openalex.org/W2932420565
https://openalex.org/W2959167533
https://openalex.org/W3012980842
https://openalex.org/W3014670388
https://openalex.org/W3032046991
https://openalex.org/W3037528896
https://openalex.org/W3087439185
https://openalex.org/W3088090278
https://openalex.org/W3088536374
https://openalex.org/W3095226080
https://openalex.org/W3117316532
https://openalex.org/W3123635957
https://openalex.org/W3163259841
https://openalex.org/W3216233508
https://openalex.org/W91382092
https://openalex.org/W1987197663
https://openalex.org/W2207440381
https://openalex.org/W2291370168
https://openalex.org/W2394574319
https://openalex.org/W2416941248
https://openalex.org/W2478374325
https://openalex.org/W2563739335
https://openalex.org/W2591939401
https://openalex.org/W2030292786
https://openalex.org/W2103822931
https://openalex.org/W2153713417
https://openalex.org/W2432613736
https://openalex.org/W2024755436
https://openalex.org/W2083170863
https://openalex.org/W2124164825
https://openalex.org/W2001354035
https://openalex.org/W1489605331
https://openalex.org/W2120725959
https://openalex.org/W2288328356
https://openalex.org/W2121931942
https://openalex.org/W2246458104
https://openalex.org/W1993177662
https://openalex.org/W1993252968
https://openalex.org/W2013201104
https://openalex.org/W2029861000
https://openalex.org/W2049670681
https://openalex.org/W207730272
https://openalex.org/W2144905656
https://openalex.org/W2212531129
https://openalex.org/W2325309976
https://openalex.org/W2399038386
https://openalex.org/W2413037663
https://openalex.org/W2466607355
https://openalex.org/W2530441246
https://openalex.org/W2314189327
https://openalex.org/W3190047577
https://openalex.org/W4313857813
https://openalex.org/W4317620577
https://openalex.org/W4318142392
https://openalex.org/W4321368871
https://openalex.org/W4321369482
https://openalex.org/W4321437496
https://openalex.org/W4322774256
https://openalex.org/W4323041992
https://openalex.org/W4323566336
https://openalex.org/W4328053055
https://openalex.org/W4353071486
https://openalex.org/W4360601176
https://openalex.org/W4361194149
https://openalex.org/W4361880221
https://openalex.org/W4361921187
https://openalex.org/W4361921227
https://openalex.org/W4361921532
https://openalex.org/W4361922017
https://openalex.org/W4361922324
https://openalex.org/W4361945433
https://openalex.org/W4361952044
https://openalex.org/W4361960910
https://openalex.org/W4362402141
https://openalex.org/W4362402677
https://openalex.org/W4362403366
https://openalex.org/W4362403878
https://openalex.org/W4362425938
https://openalex.org/W4362433110
https://openalex.org/W4362630629
https://openalex.org/W4367317371
https://openalex.org/W4376613434
https://openalex.org/W4376613472
https://openalex.org/W4376613671
https://openalex.org/W4376613707
https://openalex.org/W4376613776
https://openalex.org/W4376613933
https://openalex.org/W4376614010
https://openalex.org/W4376614041
https://openalex.org/W4377042844
https://openalex.org/W4378417136
https://openalex.org/W4378770444
https://openalex.org/W4380083149
https://openalex.org/W4383747585
https://openalex.org/W4383998299
https://openalex.org/W4385462682
https://openalex.org/W4385476344
https://openalex.org/W4385619189
https://openalex.org/W4385900897
https://openalex.org/W4386406939
https://openalex.org/W4386602726
https://openalex.org/W4386636415
https://openalex.org/W4386801087
https://openalex.org/W4386838591
https://openalex.org/W4386885036
https://openalex.org/W4387220101
https://openalex.org/W4387407408
https://openalex.org/W4387462810
https://openalex.org/W4387463271
https://openalex.org/W4387574520
https://openalex.org/W4387808534
https://openalex.org/W4387808689
https://openalex.org/W4387809951
https://openalex.org/W4387809957
https://openalex.org/W4387869333
https://openalex.org/W4388047872
https://openalex.org/W4388938168
https://openalex.org/W4390322744
https://openalex.org/W4390418726
https://openalex.org/W4391663437
https://openalex.org/W4393420137
https://openalex.org/W4393461577
https://openalex.org/W4393550885
https://openalex.org/W4393616069
https://openalex.org/W4393827966
https://openalex.org/W4394805394
https://openalex.org/W1964861963
https://openalex.org/W2405706492
https://openalex.org/W4235542606
https://openalex.org/W1898191552
https://openalex.org/W2090737899
https://openalex.org/W1970429256
https://openalex.org/W2183212249
https://openalex.org/W2100148722
https://openalex.org/W2410079809
https://openalex.org/W2091194546
https://openalex.org/W2191750345
https://openalex.org/W2329636938
https://openalex.org/W2419593889
https://openalex.org/W2594114611
https://openalex.org/W2597569536
https://openalex.org/W2625420886
https://openalex.org/W2625455876
https://openalex.org/W2693783263
https://openalex.org/W2083143040
https://openalex.org/W2397618658
https://openalex.org/W2440903467
https://openalex.org/W2613347737
https://openalex.org/W335280468
https://openalex.org/W58413538
https://openalex.org/W2416944477
https://openalex.org/W2471663247
https://openalex.org/W1918794974
https://openalex.org/W1965397638
https://openalex.org/W2017057905
https://openalex.org/W2104559288
https://openalex.org/W2147622200
https://openalex.org/W2551503156
https://openalex.org/W108997379
https://openalex.org/W2039915750
https://openalex.org/W2066714231
https://openalex.org/W2149296184
https://openalex.org/W2403035993
https://openalex.org/W2765712497
https://openalex.org/W2770789223
https://openalex.org/W2777755389
https://openalex.org/W2808527444
https://openalex.org/W2883227473
https://openalex.org/W2921230847
https://openalex.org/W2921638370
https://openalex.org/W2947041238
https://openalex.org/W2959602613
https://openalex.org/W2972501512
https://openalex.org/W2983954410
https://openalex.org/W3016002193
https://openalex.org/W3081576524
https://openalex.org/W3093389186
https://openalex.org/W3116793800
https://openalex.org/W3126967891
https://openalex.org/W3144369661
https://openalex.org/W3153257507
https://openalex.org/W3169260537
https://openalex.org/W3214472760
https://openalex.org/W3215044167
https://openalex.org/W3215191030
https://openalex.org/W4200569818
https://openalex.org/W4287758535
https://openalex.org/W2344141295
https://openalex.org/W2531341991
https://openalex.org/W2560384145
https://openalex.org/W2625262136
https://openalex.org/W3187751478
https://openalex.org/W3203625943
https://openalex.org/W3211086077
https://openalex.org/W4200292140
https://openalex.org/W4211035102
https://openalex.org/W4214530973
https://openalex.org/W4220892622
https://openalex.org/W4224289904
https://openalex.org/W4230633113
https://openalex.org/W4308102577
https://openalex.org/W4361019755
https://openalex.org/W1724191742
https://openalex.org/W1973794683
https://openalex.org/W2057051626
https://openalex.org/W2284862949
https://openalex.org/W2465943715
https://openalex.org/W1998614359
https://openalex.org/W2125802631
https://openalex.org/W1974973512
https://openalex.org/W2036049163
https://openalex.org/W2081908674
https://openalex.org/W2089807364
https://openalex.org/W1502204200
https://openalex.org/W1807001296
https://openalex.org/W1939680643
https://openalex.org/W1976071584
https://openalex.org/W1985500497
https://openalex.org/W2001846334
https://openalex.org/W2013342753
https://openalex.org/W2023981389
https://openalex.org/W2025988784
https://openalex.org/W2038274810
https://openalex.org/W2067120152
https://openalex.org/W2068955686
https://openalex.org/W2080098318
https://openalex.org/W2119236408
https://openalex.org/W2123980137
https://openalex.org/W2154813363
https://openalex.org/W2185008543
https://openalex.org/W2234079814
https://openalex.org/W2254284718
https://openalex.org/W2279012709
https://openalex.org/W2280379552
https://openalex.org/W2286992060
https://openalex.org/W2334254325
https://openalex.org/W2413118209
https://openalex.org/W2483258710
https://openalex.org/W2487497963
https://openalex.org/W2498998574
https://openalex.org/W2499854640
https://openalex.org/W2499927144
https://openalex.org/W2530235796
https://openalex.org/W2748849571
https://openalex.org/W4206375315
https://openalex.org/W4214711279
https://openalex.org/W4226208570
https://openalex.org/W4289866387
https://openalex.org/W4295817409
https://openalex.org/W2474243308
https://openalex.org/W2941653854
https://openalex.org/W4249021833
https://openalex.org/W2162604891
https://openalex.org/W2169759944
https://openalex.org/W1533315760
https://openalex.org/W2003423511
https://openalex.org/W2031956734
https://openalex.org/W2092005291
https://openalex.org/W2217992129
https://openalex.org/W2413535472
https://openalex.org/W2572871883
https://openalex.org/W2574355037
https://openalex.org/W2593058003
https://openalex.org/W2596480510
https://openalex.org/W2607268447
https://openalex.org/W2638119418
https://openalex.org/W2728539006
https://openalex.org/W2760864222
https://openalex.org/W2769249747
https://openalex.org/W2776931251
https://openalex.org/W3014263774
https://openalex.org/W4249226630
https://openalex.org/W957408257
https://openalex.org/W2045152495
https://openalex.org/W2134666561
https://openalex.org/W2215079094
https://openalex.org/W2321314552
https://openalex.org/W2465566398
https://openalex.org/W1855707328
https://openalex.org/W1987288746
https://openalex.org/W2127075852
https://openalex.org/W2371834032
https://openalex.org/W2016694362
https://openalex.org/W2080521585
https://openalex.org/W2115056121
https://openalex.org/W2766150806
https://openalex.org/W2791365467
https://openalex.org/W2791365861
https://openalex.org/W2892548294
https://openalex.org/W2892682101
https://openalex.org/W2894307975
https://openalex.org/W2895107783
https://openalex.org/W2905329910
https://openalex.org/W2907772033
https://openalex.org/W2922269963
https://openalex.org/W2965428624
https://openalex.org/W2999593550
https://openalex.org/W1984054990
https://openalex.org/W2003532701
https://openalex.org/W2033799411
https://openalex.org/W2411966645
https://openalex.org/W2439579682
https://openalex.org/W2483822178
https://openalex.org/W2434018622
https://openalex.org/W2337624321
https://openalex.org/W2364110168
https://openalex.org/W2441416642
https://openalex.org/W2542604397
https://openalex.org/W2942880749
https://openalex.org/W2943651418
https://openalex.org/W2946990387
https://openalex.org/W2954240638
https://openalex.org/W2977736703
https://openalex.org/W2983817298
https://openalex.org/W2990114604
https://openalex.org/W2991513466
https://openalex.org/W2998907002
https://openalex.org/W3003975559
https://openalex.org/W3010982287
https://openalex.org/W3020904041
https://openalex.org/W3026100261
https://openalex.org/W3027725765
https://openalex.org/W3036891372
https://openalex.org/W3042709201
https://openalex.org/W3046295362
https://openalex.org/W3048788524
https://openalex.org/W3088357848
https://openalex.org/W3089217702
https://openalex.org/W3106841775
https://openalex.org/W3109465235
https://openalex.org/W3196651871
https://openalex.org/W4241566849
https://openalex.org/W4377003276
https://openalex.org/W4383118036
https://openalex.org/W149881847
https://openalex.org/W1864189335
https://openalex.org/W1969021954
https://openalex.org/W2029928595
https://openalex.org/W2282295624
https://openalex.org/W2395138869
https://openalex.org/W12083099
https://openalex.org/W14268803
https://openalex.org/W2071148217
https://openalex.org/W2474748061
https://openalex.org/W2747441196
https://openalex.org/W4238633001
https://openalex.org/W1597252958
https://openalex.org/W2020104914
https://openalex.org/W2123949637
https://openalex.org/W2414064204
https://openalex.org/W2418306811
https://openalex.org/W3104558861
https://openalex.org/W3120231449
https://openalex.org/W3153165976
https://openalex.org/W3155481622
https://openalex.org/W3158458707
https://openalex.org/W3175552825
https://openalex.org/W3176688487
https://openalex.org/W3180791866
https://openalex.org/W3197410080
https://openalex.org/W3198333097
https://openalex.org/W3207319057
https://openalex.org/W3208767028
https://openalex.org/W3209982370
https://openalex.org/W3212173936
https://openalex.org/W4200193247
https://openalex.org/W4200514917
https://openalex.org/W4205231358
https://openalex.org/W4206344757
https://openalex.org/W2041960605
https://openalex.org/W205516133
https://openalex.org/W2161762619
https://openalex.org/W2415648785
https://openalex.org/W2472841712
https://openalex.org/W4243736596
https://openalex.org/W73867643
https://openalex.org/W1699192961
https://openalex.org/W1946222767
https://openalex.org/W1958438807
https://openalex.org/W2085930180
https://openalex.org/W2141873641
https://openalex.org/W2210972239
https://openalex.org/W1993038400
https://openalex.org/W2040175633
https://openalex.org/W2172205704
https://openalex.org/W2273784647
https://openalex.org/W2416229859
https://openalex.org/W1417081869
https://openalex.org/W1541168229
https://openalex.org/W1769140262
https://openalex.org/W1936225582
https://openalex.org/W1951907523
https://openalex.org/W1965200646
https://openalex.org/W1991160879
https://openalex.org/W1992733722
https://openalex.org/W2018706209
https://openalex.org/W2058657974
https://openalex.org/W2073225934
https://openalex.org/W2087996904
https://openalex.org/W2131701357
https://openalex.org/W2151199204
https://openalex.org/W2242495244
https://openalex.org/W2258253775
https://openalex.org/W2258426828
https://openalex.org/W2326905259
https://openalex.org/W2365172564
https://openalex.org/W2401699927
https://openalex.org/W2407281221
https://openalex.org/W2476383612
https://openalex.org/W2478378913
https://openalex.org/W2478621734
https://openalex.org/W2479710432
https://openalex.org/W2480022615
https://openalex.org/W2480113977
https://openalex.org/W2480980536
https://openalex.org/W2483015447
https://openalex.org/W2490071134
https://openalex.org/W2490958193
https://openalex.org/W2491375679
https://openalex.org/W2492331396
https://openalex.org/W2492855486
https://openalex.org/W2493739828
https://openalex.org/W2494134998
https://openalex.org/W2494382263
https://openalex.org/W2494758023
https://openalex.org/W2497176392
https://openalex.org/W2501112609
https://openalex.org/W2509108505
https://openalex.org/W2527994129
https://openalex.org/W2528521127
https://openalex.org/W2530351184
https://openalex.org/W2530589682
https://openalex.org/W2540940331
https://openalex.org/W2540965093
https://openalex.org/W2541070809
https://openalex.org/W2541251745
https://openalex.org/W2544474323
https://openalex.org/W2550521178
https://openalex.org/W2555159649
https://openalex.org/W2566907825
https://openalex.org/W2586700637
https://openalex.org/W2587762164
https://openalex.org/W2587983483
https://openalex.org/W2592877773
https://openalex.org/W2606594465
https://openalex.org/W2612478640
https://openalex.org/W2737009678
https://openalex.org/W2737647005
https://openalex.org/W2738484992
https://openalex.org/W2739173237
https://openalex.org/W2741670922
https://openalex.org/W2752675044
https://openalex.org/W2753072082
https://openalex.org/W2901573077
https://openalex.org/W2964336392
https://openalex.org/W2966041777
https://openalex.org/W2979024750
https://openalex.org/W3161396805
https://openalex.org/W4229910641
https://openalex.org/W4231615337
https://openalex.org/W4238854145
https://openalex.org/W4248859214
https://openalex.org/W4291216732
https://openalex.org/W4296279883
https://openalex.org/W4300662129
https://openalex.org/W4301108453
https://openalex.org/W4395198446
https://openalex.org/W2017122758
https://openalex.org/W2051847933
https://openalex.org/W2221825771
https://openalex.org/W2315552177
https://openalex.org/W2369181554
https://openalex.org/W2436534617
https://openalex.org/W186035818
https://openalex.org/W2014959585
https://openalex.org/W2400734173
https://openalex.org/W2408248319
https://openalex.org/W2410386827
https://openalex.org/W2465693242
https://openalex.org/W1166286170
https://openalex.org/W1263877300
https://openalex.org/W1485316270
https://openalex.org/W1514434867
https://openalex.org/W1551814526
https://openalex.org/W1590017498
https://openalex.org/W1594347191
https://openalex.org/W1779785010
https://openalex.org/W1831195469
https://openalex.org/W1899275861
https://openalex.org/W1908088128
https://openalex.org/W1973578999
https://openalex.org/W1993396903
https://openalex.org/W1995657124
https://openalex.org/W1998512403
https://openalex.org/W1999958984
https://openalex.org/W2003826350
https://openalex.org/W2004224611
https://openalex.org/W2004955830
https://openalex.org/W2005203308
https://openalex.org/W2022601582
https://openalex.org/W2027822735
https://openalex.org/W2044630559
https://openalex.org/W2053972460
https://openalex.org/W2073816448
https://openalex.org/W2077243973
https://openalex.org/W2078885574
https://openalex.org/W2096514453
https://openalex.org/W2108585976
https://openalex.org/W2138435694
https://openalex.org/W2184824193
https://openalex.org/W2187357313
https://openalex.org/W2189482649
https://openalex.org/W2200662820
https://openalex.org/W2211382851
https://openalex.org/W2229283910
https://openalex.org/W2267518619
https://openalex.org/W2277056886
https://openalex.org/W2317721896
https://openalex.org/W2345215106
https://openalex.org/W2370377029
https://openalex.org/W2377985220
https://openalex.org/W2383830854
https://openalex.org/W2386446705
https://openalex.org/W2409915662
https://openalex.org/W2414083485
https://openalex.org/W2467059273
https://openalex.org/W2481937237
https://openalex.org/W27206900
https://openalex.org/W2738260094
https://openalex.org/W2802414610
https://openalex.org/W2960357942
https://openalex.org/W2979255402
https://openalex.org/W3116061422
https://openalex.org/W3175063813
https://openalex.org/W332733998
https://openalex.org/W378265014
https://openalex.org/W381754268
https://openalex.org/W4232936755
https://openalex.org/W4238876429
https://openalex.org/W4255695878
https://openalex.org/W4298188926
https://openalex.org/W600608497
https://openalex.org/W6191949
https://openalex.org/W1984930311
https://openalex.org/W2025587179
https://openalex.org/W2345474525
https://openalex.org/W2408134269
https://openalex.org/W1521396226
https://openalex.org/W1554160220
https://openalex.org/W1967586338
https://openalex.org/W1976897853
https://openalex.org/W2046497281
https://openalex.org/W2071276431
https://openalex.org/W2086448995
https://openalex.org/W2264436804
https://openalex.org/W2407953374
https://openalex.org/W2413190480
https://openalex.org/W2416787810
https://openalex.org/W2492891959
https://openalex.org/W4213047486
https://openalex.org/W111837622
https://openalex.org/W1482388441
https://openalex.org/W1487138210
https://openalex.org/W1511991506
https://openalex.org/W1524004196
https://openalex.org/W1536553860
https://openalex.org/W1546130254
https://openalex.org/W1564329358
https://openalex.org/W1564899135
https://openalex.org/W1579110604
https://openalex.org/W1581223155
https://openalex.org/W1588674472
https://openalex.org/W1608133422
https://openalex.org/W1640188728
https://openalex.org/W1835891865
https://openalex.org/W1851472901
https://openalex.org/W1877404467
https://openalex.org/W1904943807
https://openalex.org/W1929252620
https://openalex.org/W2001951754
https://openalex.org/W2002807044
https://openalex.org/W2090985170
https://openalex.org/W2095685258
https://openalex.org/W2103462009
https://openalex.org/W2114249579
https://openalex.org/W2154855315
https://openalex.org/W2293676037
https://openalex.org/W2339840942
https://openalex.org/W2354631012
https://openalex.org/W2362422777
https://openalex.org/W2410836778
https://openalex.org/W2468216253
https://openalex.org/W2592386375
https://openalex.org/W2592387405
https://openalex.org/W2592627332
https://openalex.org/W2593705942
https://openalex.org/W2593976839
https://openalex.org/W2594515291
https://openalex.org/W2594695281
https://openalex.org/W2594837758
https://openalex.org/W2594865295
https://openalex.org/W2597361612
https://openalex.org/W2607243434
https://openalex.org/W2619670572
https://openalex.org/W2624266723
https://openalex.org/W2725347205
https://openalex.org/W2737786833
https://openalex.org/W2741278249
https://openalex.org/W2744911771
https://openalex.org/W2750566447
https://openalex.org/W2752565177
https://openalex.org/W2764332199
https://openalex.org/W2765873800
https://openalex.org/W2766897583
https://openalex.org/W2782684124
https://openalex.org/W2794753772
https://openalex.org/W2840603650
https://openalex.org/W2900557933
https://openalex.org/W2920170451
https://openalex.org/W2972768061
https://openalex.org/W3014436778
https://openalex.org/W3025280701
https://openalex.org/W3027981738
https://openalex.org/W3028787128
https://openalex.org/W3123566752
https://openalex.org/W3157966552
https://openalex.org/W3210477428
https://openalex.org/W4210392584
https://openalex.org/W4235752740
https://openalex.org/W4242267817
https://openalex.org/W4245495600
https://openalex.org/W2066410382
https://openalex.org/W2078444321
https://openalex.org/W2210607551
https://openalex.org/W2411855250
https://openalex.org/W1122208787
https://openalex.org/W1570787729
https://openalex.org/W1982017624
https://openalex.org/W2053906919
https://openalex.org/W2086662421
https://openalex.org/W2328360843
https://openalex.org/W2335233036
https://openalex.org/W2374757929
https://openalex.org/W2407161350
https://openalex.org/W2517253789
https://openalex.org/W2736311661
https://openalex.org/W2743694303
https://openalex.org/W3033174720
https://openalex.org/W3039856554
https://openalex.org/W3109608313
https://openalex.org/W3116784157
https://openalex.org/W3173396643
https://openalex.org/W3188066161
https://openalex.org/W3189526886
https://openalex.org/W3194246816
https://openalex.org/W3199357913
https://openalex.org/W3202321113
https://openalex.org/W3207441762
https://openalex.org/W4206557021
https://openalex.org/W4210899849
https://openalex.org/W4212972538
https://openalex.org/W4213206575
https://openalex.org/W4220831874
https://openalex.org/W4220880125
https://openalex.org/W4221005317
https://openalex.org/W4221052877
https://openalex.org/W4223472218
https://openalex.org/W4223892182
https://openalex.org/W4223964444
https://openalex.org/W4225070358
https://openalex.org/W4225285117
https://openalex.org/W4225408486
https://openalex.org/W4225793531
https://openalex.org/W4226256137
https://openalex.org/W4226367030
https://openalex.org/W4229082381
https://openalex.org/W4281740374
https://openalex.org/W4281756346
https://openalex.org/W4282559630
https://openalex.org/W4283207436
https://openalex.org/W4283639687
https://openalex.org/W4285817537
https://openalex.org/W4286500357
https://openalex.org/W4294218848
https://openalex.org/W4294740428
https://openalex.org/W4295592476
https://openalex.org/W4295817077
https://openalex.org/W4295847190
https://openalex.org/W4296109051
https://openalex.org/W4296109939
https://openalex.org/W4296110096
https://openalex.org/W4296110262
https://openalex.org/W4296110749
https://openalex.org/W4296111015
https://openalex.org/W4296111495
https://openalex.org/W4296111584
https://openalex.org/W4296111599
https://openalex.org/W4296111649
https://openalex.org/W4296111650
https://openalex.org/W4296111661
https://openalex.org/W4296111813
https://openalex.org/W4296111878
https://openalex.org/W4296112418
https://openalex.org/W4296112687
https://openalex.org/W4296113208
https://openalex.org/W4297820955
https://openalex.org/W4297834151
https://openalex.org/W4302014307
https://openalex.org/W4306147258
https://openalex.org/W4306250920
https://openalex.org/W4307965010
https://openalex.org/W4308075489
https://openalex.org/W4308309136
https://openalex.org/W4308394845
https://openalex.org/W4312057361
https://openalex.org/W4312282551
https://openalex.org/W4312698043
https://openalex.org/W4327875758
https://openalex.org/W4328027298
https://openalex.org/W4328027768
https://openalex.org/W4328027804
https://openalex.org/W4328029101
https://openalex.org/W4361020174
https://openalex.org/W4389376666
https://openalex.org/W4393512037
https://openalex.org/W4393616473
https://openalex.org/W4393788336
https://openalex.org/W4394166506
https://openalex.org/W2029605333
https://openalex.org/W2034212075
https://openalex.org/W2046093580
https://openalex.org/W2400441812
https://openalex.org/W2405446839
https://openalex.org/W2414917272
https://openalex.org/W29630555
https://openalex.org/W4241118465
https://openalex.org/W4246408061
https://openalex.org/W1991804723
https://openalex.org/W2002560021
https://openalex.org/W2022620210
https://openalex.org/W2038166500
https://openalex.org/W2040566111
https://openalex.org/W2041783871
https://openalex.org/W2047975493
https://openalex.org/W2055937940
https://openalex.org/W2077675781
https://openalex.org/W2286002461
https://openalex.org/W2362059970
https://openalex.org/W2366860861
https://openalex.org/W2400345471
https://openalex.org/W2407083021
https://openalex.org/W2408950845
https://openalex.org/W2418149352
https://openalex.org/W2620074585
https://openalex.org/W2742556369
https://openalex.org/W2769155191
https://openalex.org/W2770701305
https://openalex.org/W2782281115
https://openalex.org/W2784192488
https://openalex.org/W2789899300
https://openalex.org/W2791775517
https://openalex.org/W2792081770
https://openalex.org/W2792493015
https://openalex.org/W2794611978
https://openalex.org/W2795081038
https://openalex.org/W2807251335
https://openalex.org/W2809637844
https://openalex.org/W2888930211
https://openalex.org/W2890701943
https://openalex.org/W2891849967
https://openalex.org/W2891956979
https://openalex.org/W2894914623
https://openalex.org/W2897046288
https://openalex.org/W2898140271
https://openalex.org/W2903437097
https://openalex.org/W2906451011
https://openalex.org/W2908183059
https://openalex.org/W2908441283
https://openalex.org/W2909429134
https://openalex.org/W2910169813
https://openalex.org/W2912570671
https://openalex.org/W2914309964
https://openalex.org/W2914870607
https://openalex.org/W2917769747
https://openalex.org/W2922963166
https://openalex.org/W2942283743
https://openalex.org/W2942702500
https://openalex.org/W2944261132
https://openalex.org/W2944862893
https://openalex.org/W2945946109
https://openalex.org/W2947284657
https://openalex.org/W2947685733
https://openalex.org/W2948098122
https://openalex.org/W2950484581
https://openalex.org/W2951562519
https://openalex.org/W2951693687
https://openalex.org/W2954564691
https://openalex.org/W2955432966
https://openalex.org/W2955484182
https://openalex.org/W2955875916
https://openalex.org/W2957769999
https://openalex.org/W2966467921
https://openalex.org/W2966624436
https://openalex.org/W2967299438
https://openalex.org/W2974966950
https://openalex.org/W2982076490
https://openalex.org/W2985988221
https://openalex.org/W2990407896
https://openalex.org/W2990479954
https://openalex.org/W2991772658
https://openalex.org/W2992113504
https://openalex.org/W2992367300
https://openalex.org/W2995404451
https://openalex.org/W3005725276
https://openalex.org/W3009475818
https://openalex.org/W3009889244
https://openalex.org/W3010743062
https://openalex.org/W3013775871
https://openalex.org/W3028735671
https://openalex.org/W3032038697
https://openalex.org/W3033419791
https://openalex.org/W3035716254
https://openalex.org/W3081252340
https://openalex.org/W3093203244
https://openalex.org/W3148037983
https://openalex.org/W3155996825
https://openalex.org/W3163900316
https://openalex.org/W3209028333
https://openalex.org/W335414227
https://openalex.org/W4237803180
https://openalex.org/W4238900287
https://openalex.org/W4244760341
https://openalex.org/W4245580079
https://openalex.org/W4250168238
https://openalex.org/W4286761127
https://openalex.org/W4288320576
https://openalex.org/W4293086552
https://openalex.org/W4393627928
https://openalex.org/W4394302650
https://openalex.org/W1507865185
https://openalex.org/W1977903173
https://openalex.org/W2237749158
https://openalex.org/W2399043505
https://openalex.org/W2415081237
https://openalex.org/W2417697898
https://openalex.org/W2434401181
https://openalex.org/W2460539450
https://openalex.org/W572094158
https://openalex.org/W1460818159
https://openalex.org/W229898498
https://openalex.org/W2335648715
https://openalex.org/W2337411504
https://openalex.org/W2532915257
https://openalex.org/W2736635698
https://openalex.org/W2737751177
https://openalex.org/W2738264940
https://openalex.org/W2738351062
https://openalex.org/W2738779312
https://openalex.org/W2739576546
https://openalex.org/W2739635855
https://openalex.org/W2740915178
https://openalex.org/W2741246318
https://openalex.org/W2742094120
https://openalex.org/W2745342516
https://openalex.org/W2944916300
https://openalex.org/W2945801543
https://openalex.org/W2946756604
https://openalex.org/W2993500846
https://openalex.org/W2994725465
https://openalex.org/W2997153228
https://openalex.org/W3003310366
https://openalex.org/W3004133964
https://openalex.org/W3004909043
https://openalex.org/W3005189315
https://openalex.org/W3007939271
https://openalex.org/W3012024152
https://openalex.org/W3020945007
https://openalex.org/W3025829291
https://openalex.org/W3026623292
https://openalex.org/W3027457810
https://openalex.org/W3028721526
https://openalex.org/W3030146907
https://openalex.org/W3031239377
https://openalex.org/W3031589534
https://openalex.org/W3037767631
https://openalex.org/W3066645181
https://openalex.org/W3081539624
https://openalex.org/W3088869677
https://openalex.org/W3093813625
https://openalex.org/W3094059989
https://openalex.org/W3094061368
https://openalex.org/W3094200252
https://openalex.org/W3094518284
https://openalex.org/W3094520272
https://openalex.org/W3102163698
https://openalex.org/W3102750082
https://openalex.org/W3107194034
https://openalex.org/W3109074235
https://openalex.org/W3114881940
https://openalex.org/W3119771730
https://openalex.org/W3137647815
https://openalex.org/W3160052726
https://openalex.org/W3165493456
https://openalex.org/W3177493978
https://openalex.org/W4238146589
https://openalex.org/W4239154010
https://openalex.org/W4256422044
https://openalex.org/W4287871496
https://openalex.org/W81817033
https://openalex.org/W1977231577
https://openalex.org/W2411561229
https://openalex.org/W2466879928
https://openalex.org/W2516258823
https://openalex.org/W1965990035
https://openalex.org/W1968130129
https://openalex.org/W1971035811
https://openalex.org/W1974989469
https://openalex.org/W2047718375
https://openalex.org/W2053424009
https://openalex.org/W2177394056
https://openalex.org/W2413402878
https://openalex.org/W2413605430
https://openalex.org/W2435225005
https://openalex.org/W2437441723
https://openalex.org/W2440887311
https://openalex.org/W2472001270
https://openalex.org/W2472087735
https://openalex.org/W2528429690
https://openalex.org/W258728616
https://openalex.org/W2612255896
https://openalex.org/W2731866410
https://openalex.org/W2737461179
https://openalex.org/W2739078314
https://openalex.org/W2742172984
https://openalex.org/W2745237142
https://openalex.org/W2891090663
https://openalex.org/W4250245714
https://openalex.org/W4252774911
https://openalex.org/W189852211
https://openalex.org/W1975836900
https://openalex.org/W1988344666
https://openalex.org/W2012107895
https://openalex.org/W2047907169
https://openalex.org/W2145505845
https://openalex.org/W2400559494
https://openalex.org/W2412947521
https://openalex.org/W2951422903
https://openalex.org/W2952486999
https://openalex.org/W2959853213
https://openalex.org/W2991274370
https://openalex.org/W3081436005
https://openalex.org/W3088068911
https://openalex.org/W3116476409
https://openalex.org/W3118155678
https://openalex.org/W3129252602
https://openalex.org/W3130649394
https://openalex.org/W3133468235
https://openalex.org/W3133584731
https://openalex.org/W3138965798
https://openalex.org/W3157126897
https://openalex.org/W3157237276
https://openalex.org/W3157830120
https://openalex.org/W3158890692
https://openalex.org/W3159821937
https://openalex.org/W3159867854
https://openalex.org/W3160805598
https://openalex.org/W3161293145
https://openalex.org/W3162207355
https://openalex.org/W3162807454
https://openalex.org/W3167870440
https://openalex.org/W3173945305
https://openalex.org/W3174007659
https://openalex.org/W3174243583
https://openalex.org/W3176657431
https://openalex.org/W3180260061
https://openalex.org/W3186281380
https://openalex.org/W3193264997
https://openalex.org/W3199243611
https://openalex.org/W3200885269
https://openalex.org/W3201496101
https://openalex.org/W3201971998
https://openalex.org/W3203238436
https://openalex.org/W3203825157
https://openalex.org/W3205715079
https://openalex.org/W3207512629
https://openalex.org/W3208245821
https://openalex.org/W3208436244
https://openalex.org/W3208591803
https://openalex.org/W3209340660
https://openalex.org/W3209917819
https://openalex.org/W3212645816
https://openalex.org/W3212701457
https://openalex.org/W3214939860
https://openalex.org/W3215380454
https://openalex.org/W3216445442
https://openalex.org/W3217144400
https://openalex.org/W4200413055
https://openalex.org/W4200558036
https://openalex.org/W4200591322
https://openalex.org/W4205684849
https://openalex.org/W4226090355
https://openalex.org/W4230995713
https://openalex.org/W4231039704
https://openalex.org/W4234492081
https://openalex.org/W4238816084
https://openalex.org/W4240304657
https://openalex.org/W4241292361
https://openalex.org/W4242422092
https://openalex.org/W4243121709
https://openalex.org/W4243179196
https://openalex.org/W4243689560
https://openalex.org/W4244310202
https://openalex.org/W4246304455
https://openalex.org/W4246477821
https://openalex.org/W4246847635
https://openalex.org/W4248188724
https://openalex.org/W4248475645
https://openalex.org/W4248494607
https://openalex.org/W4248817825
https://openalex.org/W4249682155
https://openalex.org/W4251179130
https://openalex.org/W4252668712
https://openalex.org/W4254847881
https://openalex.org/W4256418775
https://openalex.org/W4286939951
https://openalex.org/W4287327358
https://openalex.org/W4386660864
https://openalex.org/W4387866139
https://openalex.org/W4393471826
https://openalex.org/W4393672897
https://openalex.org/W4393846682
https://openalex.org/W51882172
https://openalex.org/W934516959
https://openalex.org/W97351657
https://openalex.org/W1997368427
https://openalex.org/W2028563456
https://openalex.org/W2065932117
https://openalex.org/W2067520163
https://openalex.org/W2080037025
https://openalex.org/W2102160944
https://openalex.org/W2321845499
https://openalex.org/W2410973130
https://openalex.org/W2568117977
https://openalex.org/W2606413455
https://openalex.org/W2737284464
https://openalex.org/W2737364584
https://openalex.org/W2737402627
https://openalex.org/W2739640638
https://openalex.org/W2804778240
https://openalex.org/W4230404408
https://openalex.org/W4248825386
https://openalex.org/W2031432910
https://openalex.org/W2037787349
https://openalex.org/W2066741295
https://openalex.org/W2268390642
https://openalex.org/W2296710122
https://openalex.org/W2399204276
https://openalex.org/W2404606704
https://openalex.org/W2405413448
https://openalex.org/W2415343937
https://openalex.org/W2415347996
https://openalex.org/W2464561220
https://openalex.org/W2606661901
https://openalex.org/W2952662634
https://openalex.org/W31091620
https://openalex.org/W4236480079
https://openalex.org/W4246754560
https://openalex.org/W187313506
https://openalex.org/W1990630378
https://openalex.org/W1991118843
https://openalex.org/W1991805391
https://openalex.org/W2025565495
https://openalex.org/W2045704856
https://openalex.org/W2077992088
https://openalex.org/W2287588154
https://openalex.org/W2321541511
https://openalex.org/W2360492360
https://openalex.org/W2401622962
https://openalex.org/W2406592833
https://openalex.org/W2409117705
https://openalex.org/W2412360279
https://openalex.org/W2413446387
https://openalex.org/W2413496395
https://openalex.org/W2414734131
https://openalex.org/W2416865107
https://openalex.org/W2417984123
https://openalex.org/W2429641822
https://openalex.org/W2463128013
https://openalex.org/W2512472485
https://openalex.org/W2744548250
https://openalex.org/W2746096887
https://openalex.org/W2750941308
https://openalex.org/W2751665197
https://openalex.org/W2940966826
https://openalex.org/W2949327538
https://openalex.org/W3128755856
https://openalex.org/W4210547920
https://openalex.org/W4232442842
https://openalex.org/W4298246029
https://openalex.org/W1009261598
https://openalex.org/W1971768659
https://openalex.org/W1994257291
https://openalex.org/W199436868
https://openalex.org/W2016970945
https://openalex.org/W2033443332
https://openalex.org/W2035659979
https://openalex.org/W2061633958
https://openalex.org/W2082620166
https://openalex.org/W2131989123
https://openalex.org/W2320344754
https://openalex.org/W2366840522
https://openalex.org/W2409653883
https://openalex.org/W2416068040
https://openalex.org/W2416126305
https://openalex.org/W2416398394
https://openalex.org/W2421236528
https://openalex.org/W2427997131
https://openalex.org/W2435409578
https://openalex.org/W2438580595
https://openalex.org/W2441667471
https://openalex.org/W2460730115
https://openalex.org/W2473585832
https://openalex.org/W2611252232
https://openalex.org/W2736460244
https://openalex.org/W2747775741
https://openalex.org/W2761610464
https://openalex.org/W2950246197
https://openalex.org/W2951870824
https://openalex.org/W2952523198
https://openalex.org/W3027696589
https://openalex.org/W3142258373
https://openalex.org/W3150220795
https://openalex.org/W3156302660
https://openalex.org/W4233042642
https://openalex.org/W4239213068
https://openalex.org/W4300429235
https://openalex.org/W993939781
https://openalex.org/W1998595038
https://openalex.org/W2011060344
https://openalex.org/W2018085872
https://openalex.org/W2179929155
https://openalex.org/W2244822993
https://openalex.org/W2312548159
https://openalex.org/W2385741565
https://openalex.org/W2407884588
https://openalex.org/W2412899120
https://openalex.org/W2413092965
https://openalex.org/W2413542926
https://openalex.org/W2413752510
https://openalex.org/W2416213975
https://openalex.org/W2417346208
https://openalex.org/W2460867040
https://openalex.org/W2604580469
https://openalex.org/W2738880556
https://openalex.org/W2739595434
https://openalex.org/W2742941890
https://openalex.org/W2950251767
https://openalex.org/W2951115456
https://openalex.org/W2952315265
https://openalex.org/W369952524
https://openalex.org/W4232153642
https://openalex.org/W4234079956
https://openalex.org/W4241720148
https://openalex.org/W4243556727
https://openalex.org/W1174787152
https://openalex.org/W1903062352
https://openalex.org/W1969282486
https://openalex.org/W1981530028
https://openalex.org/W1990955185
https://openalex.org/W2017184429
https://openalex.org/W2023181788
https://openalex.org/W2036656992
https://openalex.org/W2069545289
https://openalex.org/W2072764094
https://openalex.org/W2127884773
https://openalex.org/W2160963528
https://openalex.org/W2201916234
https://openalex.org/W2209177409
https://openalex.org/W2236529235
https://openalex.org/W2255270992
https://openalex.org/W2260489059
https://openalex.org/W2266921607
https://openalex.org/W2273523387
https://openalex.org/W2278280763
https://openalex.org/W2327068148
https://openalex.org/W2401341304
https://openalex.org/W2401752440
https://openalex.org/W2408101626
https://openalex.org/W2408650792
https://openalex.org/W2410940219
https://openalex.org/W2411051606
https://openalex.org/W2411293499
https://openalex.org/W2415216924
https://openalex.org/W2419313054
https://openalex.org/W2470508012
https://openalex.org/W2471995580
https://openalex.org/W2473561708
https://openalex.org/W2500086236
https://openalex.org/W253440853
https://openalex.org/W2547685890
https://openalex.org/W268986433
https://openalex.org/W2735158110
https://openalex.org/W2888789648
https://openalex.org/W2942294739
https://openalex.org/W2949319430
https://openalex.org/W2949510901
https://openalex.org/W2949836249
https://openalex.org/W2949988498
https://openalex.org/W2951298067
https://openalex.org/W2952714408
https://openalex.org/W4235551415
https://openalex.org/W4236474300
https://openalex.org/W4239705716
https://openalex.org/W4243971229
https://openalex.org/W4250294460
https://openalex.org/W4256423842
https://openalex.org/W4290194628
https://openalex.org/W43541956
https://openalex.org/W4385657714
https://openalex.org/W47266913
https://openalex.org/W568451308
https://openalex.org/W614486731
https://openalex.org/W783711980
https://openalex.org/W1990221500
https://openalex.org/W2792253747
https://openalex.org/W2081555343
https://openalex.org/W2021752782
https://openalex.org/W1996458817
https://openalex.org/W1966512215
https://openalex.org/W2132543781
https://openalex.org/W2126258567
https://openalex.org/W2170289272
https://openalex.org/W2791282478
https://openalex.org/W1595570412
https://openalex.org/W1991799868
https://openalex.org/W2996218203
https://openalex.org/W2028562213
https://openalex.org/W2538503382
https://openalex.org/W4210795660
https://openalex.org/W2128797609
https://openalex.org/W2160276669
https://openalex.org/W3087254484
https://openalex.org/W2105599654
https://openalex.org/W2794397815
https://openalex.org/W4376595873
https://openalex.org/W2147818769
https://openalex.org/W2086258274
https://openalex.org/W2093345655
https://openalex.org/W1992131853
https://openalex.org/W2075299521
https://openalex.org/W2064567333
https://openalex.org/W2963532493
https://openalex.org/W4247945146
https://openalex.org/W2792630444
https://openalex.org/W2997939766
https://openalex.org/W2015948328
https://openalex.org/W2043145184
https://openalex.org/W2884571905
https://openalex.org/W2165276747
https://openalex.org/W2885267457
https://openalex.org/W3016124517
https://openalex.org/W1999273813
https://openalex.org/W1853486167
https://openalex.org/W2804016196
https://openalex.org/W4205613112
https://openalex.org/W2017370657
https://openalex.org/W2141019129
https://openalex.org/W2949965588
https://openalex.org/W2618908670
https://openalex.org/W2782372894
https://openalex.org/W3006460280
https://openalex.org/W3033197225
https://openalex.org/W3044043940
https://openalex.org/W2977320570
https://openalex.org/W2937401959
https://openalex.org/W3096825194
https://openalex.org/W3119614414
https://openalex.org/W4214514116
https://openalex.org/W3113311499
https://openalex.org/W4226372122
https://openalex.org/W3138279939
https://openalex.org/W2947574218
https://openalex.org/W4295763011
https://openalex.org/W3213486136
https://openalex.org/W4302029115
https://openalex.org/W4220922761
https://openalex.org/W3197203804
https://openalex.org/W4304892810
https://openalex.org/W1928962676
https://openalex.org/W1973539614
https://openalex.org/W1984426470
https://openalex.org/W2168467282
https://openalex.org/W2048445979
https://openalex.org/W2123562583
https://openalex.org/W2088373804
https://openalex.org/W2130661484
https://openalex.org/W2009550135
https://openalex.org/W1969004206
https://openalex.org/W2116618769
https://openalex.org/W2151255932
https://openalex.org/W161910285
https://openalex.org/W2084936031
https://openalex.org/W2109141600
https://openalex.org/W2128801193
https://openalex.org/W2071963339
https://openalex.org/W2092726661
https://openalex.org/W2789385111
https://openalex.org/W2029845629
https://openalex.org/W2058977905
https://openalex.org/W2019596684
https://openalex.org/W1873879833
https://openalex.org/W2140329965
https://openalex.org/W2083519365
https://openalex.org/W2054188610
https://openalex.org/W2171969189
https://openalex.org/W2231806170
https://openalex.org/W2560830527
https://openalex.org/W2035733505
https://openalex.org/W1987224751
https://openalex.org/W2346823077
https://openalex.org/W2020490222
https://openalex.org/W1905939051
https://openalex.org/W2007012481
https://openalex.org/W2171217524
https://openalex.org/W2145113311
https://openalex.org/W2050344928
https://openalex.org/W2793445666
https://openalex.org/W1533146036
https://openalex.org/W2277881910
https://openalex.org/W2750396513
https://openalex.org/W2319422264
https://openalex.org/W2066557259
https://openalex.org/W1990717499
https://openalex.org/W2626767529
https://openalex.org/W1937861904
https://openalex.org/W2028801450
https://openalex.org/W2933142470
https://openalex.org/W2759154761
https://openalex.org/W2797101289
https://openalex.org/W1940954830
https://openalex.org/W2898743138
https://openalex.org/W2073613575
https://openalex.org/W1983435230
https://openalex.org/W2338675929
https://openalex.org/W3005205195
https://openalex.org/W3083495030
https://openalex.org/W2909750297
https://openalex.org/W2219308370
https://openalex.org/W2899144056
https://openalex.org/W3082102730
https://openalex.org/W2580055511
https://openalex.org/W2619614676
https://openalex.org/W2896259702
https://openalex.org/W3013475891
https://openalex.org/W3124327645
https://openalex.org/W3154647049
https://openalex.org/W2955735313
https://openalex.org/W2991225010
https://openalex.org/W3199343094
https://openalex.org/W3097197566
https://openalex.org/W3119707952
https://openalex.org/W3155500391
https://openalex.org/W3217782915
https://openalex.org/W4214577662
https://openalex.org/W4280628749
https://openalex.org/W4200222218
https://openalex.org/W4294859246
https://openalex.org/W4313454857
https://openalex.org/W4323662361
https://openalex.org/W4362522303
https://openalex.org/W4387849472
https://openalex.org/W4388793948
https://openalex.org/W4391469624
https://openalex.org/W2011683958
https://openalex.org/W2076810039
https://openalex.org/W1502977666
https://openalex.org/W2791838784
https://openalex.org/W2030170914
https://openalex.org/W2105735510
https://openalex.org/W1968671826
https://openalex.org/W1975661903
https://openalex.org/W1506649573
https://openalex.org/W2038561061
https://openalex.org/W2510632509
https://openalex.org/W2141985518
https://openalex.org/W2117488580
https://openalex.org/W2022140257
https://openalex.org/W1545897042
https://openalex.org/W2073715302
https://openalex.org/W2110594280
https://openalex.org/W2090534735
https://openalex.org/W2153541105
https://openalex.org/W2338601269
https://openalex.org/W1979352379
https://openalex.org/W2071252658
https://openalex.org/W2167667331
https://openalex.org/W2135532464
https://openalex.org/W2160528845
https://openalex.org/W1998271618
https://openalex.org/W2127868542
https://openalex.org/W2134089290
https://openalex.org/W2071216578
https://openalex.org/W2138313740
https://openalex.org/W2093356024
https://openalex.org/W305404681
https://openalex.org/W2060219565
https://openalex.org/W2104542133
https://openalex.org/W2002168029
https://openalex.org/W1971229130
https://openalex.org/W1990218608
https://openalex.org/W2088663215
https://openalex.org/W1502564160
https://openalex.org/W2116393277
https://openalex.org/W2053080779
https://openalex.org/W207291124
https://openalex.org/W2054627500
https://openalex.org/W2151811440
https://openalex.org/W2170937115
https://openalex.org/W2024379604
https://openalex.org/W2057085518
https://openalex.org/W1466108707
https://openalex.org/W202063378
https://openalex.org/W2135589411
https://openalex.org/W2761522093
https://openalex.org/W2164476637
https://openalex.org/W2793033519
https://openalex.org/W1764986600
https://openalex.org/W2161309901
https://openalex.org/W2592551887
https://openalex.org/W1909553413
https://openalex.org/W2790825889
https://openalex.org/W2612028429
https://openalex.org/W2978747179
https://openalex.org/W2964838438
https://openalex.org/W3080954319
https://openalex.org/W3024864585
https://openalex.org/W3011797989
https://openalex.org/W3083985503
https://openalex.org/W3088822235
https://openalex.org/W3163823432
https://openalex.org/W3164905451
https://openalex.org/W4200625020
https://openalex.org/W4282915875
https://openalex.org/W3186106732
https://openalex.org/W4309517761
https://openalex.org/W4322505777
https://openalex.org/W4385382064
https://openalex.org/W4387128069
https://openalex.org/W4387208421
https://openalex.org/W4390510064
https://openalex.org/W4390706799
https://openalex.org/W4391282192
https://openalex.org/W4391359803
https://openalex.org/W4391849012
https://openalex.org/W2051701238
https://openalex.org/W2166712131
https://openalex.org/W2017069147
https://openalex.org/W4233107852
https://openalex.org/W2168541903
https://openalex.org/W1592452327
https://openalex.org/W2008951761
https://openalex.org/W1990942301
https://openalex.org/W2087300029
https://openalex.org/W2100067024
https://openalex.org/W2110901686
https://openalex.org/W2126123219
https://openalex.org/W1971695836
https://openalex.org/W2008304231
https://openalex.org/W2022722777
https://openalex.org/W2098307303
https://openalex.org/W1975702776
https://openalex.org/W2117596960
https://openalex.org/W1981704039
https://openalex.org/W2019882340
https://openalex.org/W2330175601
https://openalex.org/W1885286373
https://openalex.org/W2063353685
https://openalex.org/W1538137511
https://openalex.org/W2027959814
https://openalex.org/W2000013475
https://openalex.org/W2024461935
https://openalex.org/W2065601639
https://openalex.org/W2165495269
https://openalex.org/W2067183747
https://openalex.org/W4251337046
https://openalex.org/W1989488835
https://openalex.org/W2060739751
https://openalex.org/W2144150179
https://openalex.org/W2057162432
https://openalex.org/W2790788075
https://openalex.org/W2139725956
https://openalex.org/W4233707858
https://openalex.org/W1972632334
https://openalex.org/W2031205467
https://openalex.org/W1982100982
https://openalex.org/W2072819559
https://openalex.org/W2068049076
https://openalex.org/W2131369384
https://openalex.org/W2120766289
https://openalex.org/W2036761974
https://openalex.org/W2074437707
https://openalex.org/W55297967
https://openalex.org/W2028970786
https://openalex.org/W2048052169
https://openalex.org/W2035415659
https://openalex.org/W2142929184
https://openalex.org/W2085340612
https://openalex.org/W2738246554
https://openalex.org/W2027860381
https://openalex.org/W2187775989
https://openalex.org/W2475553393
https://openalex.org/W2074460413
https://openalex.org/W2562250407
https://openalex.org/W2585282541
https://openalex.org/W2885654368
https://openalex.org/W2564157693
https://openalex.org/W2742781971
https://openalex.org/W2807931405
https://openalex.org/W2982593386
https://openalex.org/W2040881496
https://openalex.org/W2906871018
https://openalex.org/W3100787394
https://openalex.org/W3112850584
https://openalex.org/W2992225224
https://openalex.org/W3092407458
https://openalex.org/W3195952824
https://openalex.org/W3153386101
https://openalex.org/W3203907021
https://openalex.org/W3210282353
https://openalex.org/W3186247838
https://openalex.org/W4320496949
https://openalex.org/W4327702499
https://openalex.org/W4382677414
https://openalex.org/W4379112998
https://openalex.org/W4385619785
https://openalex.org/W4387773323
https://openalex.org/W4254290149
https://openalex.org/W2081068229
https://openalex.org/W2004418538
https://openalex.org/W2064526009
https://openalex.org/W1998176304
https://openalex.org/W2118689166
https://openalex.org/W1965479880
https://openalex.org/W1984943087
https://openalex.org/W2139317981
https://openalex.org/W2009267257
https://openalex.org/W2792088818
https://openalex.org/W2013201295
https://openalex.org/W2137472929
https://openalex.org/W2120068348
https://openalex.org/W2163857913
https://openalex.org/W2060830620
https://openalex.org/W2923345826
https://openalex.org/W2789578766
https://openalex.org/W1998330104
https://openalex.org/W2029239209
https://openalex.org/W1966987158
https://openalex.org/W2019327684
https://openalex.org/W2052728214
https://openalex.org/W1507857421
https://openalex.org/W1605969617
https://openalex.org/W2087529838
https://openalex.org/W1983836223
https://openalex.org/W2103623643
https://openalex.org/W2030657577
https://openalex.org/W19306611
https://openalex.org/W1988292749
https://openalex.org/W2032949584
https://openalex.org/W2053670653
https://openalex.org/W2117256665
https://openalex.org/W2173517310
https://openalex.org/W2017259661
https://openalex.org/W2140992293
https://openalex.org/W2322212915
https://openalex.org/W2803475741
https://openalex.org/W3105301803
https://openalex.org/W1824904918
https://openalex.org/W2301304172
https://openalex.org/W2342425351
https://openalex.org/W2553202791
https://openalex.org/W2808282344
https://openalex.org/W2942717461
https://openalex.org/W2023920174
https://openalex.org/W2940360602
https://openalex.org/W2998218392
https://openalex.org/W3014618848
https://openalex.org/W3037747524
https://openalex.org/W2991098221
https://openalex.org/W3018838142
https://openalex.org/W3039770450
https://openalex.org/W3155438409
https://openalex.org/W3211018934
https://openalex.org/W3131588886
https://openalex.org/W3214873970
https://openalex.org/W3187038585
https://openalex.org/W4220921928
https://openalex.org/W4221087354
https://openalex.org/W4280590115
https://openalex.org/W4294131787
https://openalex.org/W4281559521
https://openalex.org/W4308499552
https://openalex.org/W4380987093
https://openalex.org/W4385874565
https://openalex.org/W4386484116
https://openalex.org/W4387395213
https://openalex.org/W4387666593
https://openalex.org/W2105989276
https://openalex.org/W2055517480
https://openalex.org/W2120160464
https://openalex.org/W2045127742
https://openalex.org/W2093705335
https://openalex.org/W2037836630
https://openalex.org/W2483713550
https://openalex.org/W1987323847
https://openalex.org/W1998207149
https://openalex.org/W1930059586
https://openalex.org/W1991829072
https://openalex.org/W2126518071
https://openalex.org/W2088006123
https://openalex.org/W2055978469
https://openalex.org/W2103035675
https://openalex.org/W1983456088
https://openalex.org/W2016624078
https://openalex.org/W2049841310
https://openalex.org/W2140356409
https://openalex.org/W2050934970
https://openalex.org/W2040672210
https://openalex.org/W2007849709
https://openalex.org/W1506346853
https://openalex.org/W2008471071
https://openalex.org/W2793749464
https://openalex.org/W2057460309
https://openalex.org/W2061461699
https://openalex.org/W2172178282
https://openalex.org/W2046355768
https://openalex.org/W1989454590
https://openalex.org/W2113853857
https://openalex.org/W2300261559
https://openalex.org/W2106603393
https://openalex.org/W2045516689
https://openalex.org/W1970127395
https://openalex.org/W2026723658
https://openalex.org/W2079326669
https://openalex.org/W2793105826
https://openalex.org/W2134856263
https://openalex.org/W2600974329
https://openalex.org/W2809282405
https://openalex.org/W2303049215
https://openalex.org/W2508352490
https://openalex.org/W2910013709
https://openalex.org/W2938461759
https://openalex.org/W2943903329
https://openalex.org/W2938091887
https://openalex.org/W3018426427
https://openalex.org/W3024234073
https://openalex.org/W3045461893
https://openalex.org/W3010910120
https://openalex.org/W3012710975
https://openalex.org/W3092605722
https://openalex.org/W3082911896
https://openalex.org/W3118580053
https://openalex.org/W3101532899
https://openalex.org/W3150707709
https://openalex.org/W3090876648
https://openalex.org/W3163048119
https://openalex.org/W3216975336
https://openalex.org/W4200474472
https://openalex.org/W4213047368
https://openalex.org/W4306929717
https://openalex.org/W2073761400
https://openalex.org/W2790560407
https://openalex.org/W2031704539
https://openalex.org/W2064769049
https://openalex.org/W1580125512
https://openalex.org/W2007347608
https://openalex.org/W2050917381
https://openalex.org/W2099441610
https://openalex.org/W2089324198
https://openalex.org/W2099038691
https://openalex.org/W2027068519
https://openalex.org/W2469885885
https://openalex.org/W73970761
https://openalex.org/W2126866084
https://openalex.org/W2137645251
https://openalex.org/W1964952835
https://openalex.org/W2061824144
https://openalex.org/W2036426355
https://openalex.org/W2085858039
https://openalex.org/W2128303326
https://openalex.org/W1990638020
https://openalex.org/W1977880285
https://openalex.org/W1587367028
https://openalex.org/W2791739630
https://openalex.org/W2017256277
https://openalex.org/W4242382466
https://openalex.org/W2053463509
https://openalex.org/W3190328188
https://openalex.org/W1969571168
https://openalex.org/W2012508358
https://openalex.org/W1979410414
https://openalex.org/W1985189063
https://openalex.org/W2053946624
https://openalex.org/W2120378261
https://openalex.org/W2021317119
https://openalex.org/W2046552403
https://openalex.org/W2084763821
https://openalex.org/W2106917039
https://openalex.org/W2110807898
https://openalex.org/W2332382970
https://openalex.org/W1999414705
https://openalex.org/W1981757004
https://openalex.org/W2127513787
https://openalex.org/W2169644590
https://openalex.org/W2464427767
https://openalex.org/W1790533692
https://openalex.org/W2568434305
https://openalex.org/W2969874257
https://openalex.org/W2288860949
https://openalex.org/W1992212499
https://openalex.org/W2329702101
https://openalex.org/W2919758885
https://openalex.org/W2938552958
https://openalex.org/W3042552879
https://openalex.org/W3083132809
https://openalex.org/W3005588523
https://openalex.org/W3040718443
https://openalex.org/W3151642283
https://openalex.org/W3176317267
https://openalex.org/W3206715146
https://openalex.org/W3207813999
https://openalex.org/W4303579667
https://openalex.org/W4283258970
https://openalex.org/W4285494659
https://openalex.org/W4291710896
https://openalex.org/W4312140372
https://openalex.org/W4313530454
https://openalex.org/W4366751868
https://openalex.org/W4380049605
https://openalex.org/W4381190668
https://openalex.org/W4385980017
https://openalex.org/W2055376538
https://openalex.org/W2082328799
https://openalex.org/W2116003036
https://openalex.org/W2136327372
https://openalex.org/W69847529
https://openalex.org/W2043829705
https://openalex.org/W2054623490
https://openalex.org/W2095443776
https://openalex.org/W2398598272
https://openalex.org/W2790605534
https://openalex.org/W2049299458
https://openalex.org/W2096530811
https://openalex.org/W4236187162
https://openalex.org/W2162978625
https://openalex.org/W2317568659
https://openalex.org/W1997086647
https://openalex.org/W2056819936
https://openalex.org/W2114578372
https://openalex.org/W26316895
https://openalex.org/W2093864156
https://openalex.org/W2466819471
https://openalex.org/W2073598322
https://openalex.org/W2035317165
https://openalex.org/W2091946169
https://openalex.org/W2793921983
https://openalex.org/W1968035334
https://openalex.org/W2010127567
https://openalex.org/W1533481325
https://openalex.org/W2919897291
https://openalex.org/W1797727881
https://openalex.org/W2081890991
https://openalex.org/W60457335
https://openalex.org/W2021262697
https://openalex.org/W2137832271
https://openalex.org/W2088174469
https://openalex.org/W2008994598
https://openalex.org/W2043204393
https://openalex.org/W2071759292
https://openalex.org/W2080794645
https://openalex.org/W2119314842
https://openalex.org/W1984974805
https://openalex.org/W2007083960
https://openalex.org/W2044353158
https://openalex.org/W1830429961
https://openalex.org/W1979375533
https://openalex.org/W1989972330
https://openalex.org/W2041899352
https://openalex.org/W2576122746
https://openalex.org/W2767173674
https://openalex.org/W2085350065
https://openalex.org/W2130389536
https://openalex.org/W2151791501
https://openalex.org/W2512320725
https://openalex.org/W2531599769
https://openalex.org/W2744419184
https://openalex.org/W2797410362
https://openalex.org/W2189647121
https://openalex.org/W2269995127
https://openalex.org/W2614527015
https://openalex.org/W2792405482
https://openalex.org/W2297024015
https://openalex.org/W2807643585
https://openalex.org/W2905037802
https://openalex.org/W2912328715
https://openalex.org/W2971594663
https://openalex.org/W2988239675
https://openalex.org/W3089746208
https://openalex.org/W3013656590
https://openalex.org/W3048372779
https://openalex.org/W3047536838
https://openalex.org/W3203971263
https://openalex.org/W3123236692
https://openalex.org/W3152385374
https://openalex.org/W4211039871
https://openalex.org/W4309035138
https://openalex.org/W4313332809
https://openalex.org/W4388336936
https://openalex.org/W4389097317
https://openalex.org/W4390937335
https://openalex.org/W4390975182
https://openalex.org/W4390979296
https://openalex.org/W4391012466
https://openalex.org/W4391037869
https://openalex.org/W4391117336
https://openalex.org/W4391233125
https://openalex.org/W4391239702
https://openalex.org/W4391352371
https://openalex.org/W4391353517
https://openalex.org/W4391358428
https://openalex.org/W4391403438
https://openalex.org/W4391451418
https://openalex.org/W4391469677
https://openalex.org/W4391780003
https://openalex.org/W4391821463
https://openalex.org/W4392056318
https://openalex.org/W4392292690
https://openalex.org/W4392544367
https://openalex.org/W4392657930
https://openalex.org/W4392770859
https://openalex.org/W4392796761
https://openalex.org/W4392816172
https://openalex.org/W4392848224
https://openalex.org/W4393072723
https://openalex.org/W4393087698
https://openalex.org/W4393096526
https://openalex.org/W4393352572
https://openalex.org/W4393856402
https://openalex.org/W4394572435
https://openalex.org/W4394598093
https://openalex.org/W4394599065
https://openalex.org/W4394758434
https://openalex.org/W4395463767
https://openalex.org/W4396561851
https://openalex.org/W1985733838
https://openalex.org/W2016636882
https://openalex.org/W1998481811
https://openalex.org/W2132581844
https://openalex.org/W2075472187
https://openalex.org/W2088468409
https://openalex.org/W2473165856
https://openalex.org/W1973348026
https://openalex.org/W1977093875
https://openalex.org/W2024267064
https://openalex.org/W2058283011
https://openalex.org/W2013356317
https://openalex.org/W2168825777
https://openalex.org/W2079898817
https://openalex.org/W1967907463
https://openalex.org/W1977537003
https://openalex.org/W1982750966
https://openalex.org/W2037505903
https://openalex.org/W2790647688
https://openalex.org/W192355139
https://openalex.org/W1963681324
https://openalex.org/W1991854471
https://openalex.org/W2491373129
https://openalex.org/W1989744906
https://openalex.org/W2792857101
https://openalex.org/W2092605786
https://openalex.org/W2081911939
https://openalex.org/W2969419390
https://openalex.org/W1973198455
https://openalex.org/W2046488010
https://openalex.org/W2050960950
https://openalex.org/W2057846392
https://openalex.org/W1968258982
https://openalex.org/W2027177102
https://openalex.org/W2071016409
https://openalex.org/W986342838
https://openalex.org/W3187190419
https://openalex.org/W2792654485
https://openalex.org/W2793703636
https://openalex.org/W1996768496
https://openalex.org/W2068301603
https://openalex.org/W2086495170
https://openalex.org/W1977881904
https://openalex.org/W2003330760
https://openalex.org/W2072646650
https://openalex.org/W2028484609
https://openalex.org/W2051102716
https://openalex.org/W2070001966
https://openalex.org/W2407470221
https://openalex.org/W1981105372
https://openalex.org/W2412912194
https://openalex.org/W2608275260
https://openalex.org/W2233483070
https://openalex.org/W2750543323
https://openalex.org/W2100578795
https://openalex.org/W2227052527
https://openalex.org/W2317119952
https://openalex.org/W2593547138
https://openalex.org/W2625708887
https://openalex.org/W2791540394
https://openalex.org/W2966465520
https://openalex.org/W4300760165
https://openalex.org/W2907244809
https://openalex.org/W2966373871
https://openalex.org/W3026203610
https://openalex.org/W3134017027
https://openalex.org/W3151106673
https://openalex.org/W4297989829
https://openalex.org/W4308148114
https://openalex.org/W4312018953
https://openalex.org/W4313531705
https://openalex.org/W4313641043
https://openalex.org/W4380303079
https://openalex.org/W4381893277
https://openalex.org/W4384406564
https://openalex.org/W4385349210
https://openalex.org/W4386380359
https://openalex.org/W4386579108
https://openalex.org/W4386950261
https://openalex.org/W4387010249
https://openalex.org/W1971260150
https://openalex.org/W2072751225
https://openalex.org/W2057160548
https://openalex.org/W1978411204
https://openalex.org/W1991030303
https://openalex.org/W2045005273
https://openalex.org/W2088798194
https://openalex.org/W1995277147
https://openalex.org/W1995388488
https://openalex.org/W2006482794
https://openalex.org/W2017032835
https://openalex.org/W2128928116
https://openalex.org/W2113029818
https://openalex.org/W259889470
https://openalex.org/W2051747377
https://openalex.org/W2014952559
https://openalex.org/W2791642175
https://openalex.org/W2043773163
https://openalex.org/W2050777709
https://openalex.org/W2110066345
https://openalex.org/W2173467289
https://openalex.org/W1971736804
https://openalex.org/W1991323019
https://openalex.org/W2171966838
https://openalex.org/W2060580958
https://openalex.org/W2790916967
https://openalex.org/W1975948885
https://openalex.org/W2039857738
https://openalex.org/W1982727229
https://openalex.org/W1977435141
https://openalex.org/W2007547275
https://openalex.org/W2129284531
https://openalex.org/W867083017
https://openalex.org/W2060023743
https://openalex.org/W4234149673
https://openalex.org/W2333658749
https://openalex.org/W1790165665
https://openalex.org/W1980246693
https://openalex.org/W2124098888
https://openalex.org/W2622487782
https://openalex.org/W2702599067
https://openalex.org/W2795819404
https://openalex.org/W4249992953
https://openalex.org/W1895533261
https://openalex.org/W2024595915
https://openalex.org/W2257062857
https://openalex.org/W2506133295
https://openalex.org/W2607293821
https://openalex.org/W2729828972
https://openalex.org/W2747940397
https://openalex.org/W2766942892
https://openalex.org/W2893523954
https://openalex.org/W2896039586
https://openalex.org/W2907048268
https://openalex.org/W2933342565
https://openalex.org/W2985624634
https://openalex.org/W2986205003
https://openalex.org/W2014149334
https://openalex.org/W3034732540
https://openalex.org/W1586243044
https://openalex.org/W3194853530
https://openalex.org/W4205246010
https://openalex.org/W4213271042
https://openalex.org/W4214572018
https://openalex.org/W4290851213
https://openalex.org/W4296162889
https://openalex.org/W1887174779
https://openalex.org/W192322703
https://openalex.org/W2032929679
https://openalex.org/W2069516878
https://openalex.org/W2020381610
https://openalex.org/W2103928165
https://openalex.org/W1907773046
https://openalex.org/W2009893670
https://openalex.org/W2127043687
https://openalex.org/W2029084549
https://openalex.org/W2145110511
https://openalex.org/W2478952385
https://openalex.org/W2005958523
https://openalex.org/W1969194377
https://openalex.org/W2049693053
https://openalex.org/W2051994098
https://openalex.org/W2791202483
https://openalex.org/W2791755208
https://openalex.org/W28920396
https://openalex.org/W1985739579
https://openalex.org/W2037275002
https://openalex.org/W4251529244
https://openalex.org/W2046555683
https://openalex.org/W1970893126
https://openalex.org/W2039712582
https://openalex.org/W2066167914
https://openalex.org/W2104813866
https://openalex.org/W2415275102
https://openalex.org/W2041452628
https://openalex.org/W2007772081
https://openalex.org/W2025862226
https://openalex.org/W1977134752
https://openalex.org/W1979500948
https://openalex.org/W2085637763
https://openalex.org/W2098408173
https://openalex.org/W2094526214
https://openalex.org/W2395188927
https://openalex.org/W2612433656
https://openalex.org/W1562726031
https://openalex.org/W1915850729
https://openalex.org/W2294494905
https://openalex.org/W2768915477
https://openalex.org/W2903112071
https://openalex.org/W2953028964
https://openalex.org/W2958738245
https://openalex.org/W2974383186
https://openalex.org/W2912616038
https://openalex.org/W4238921544
https://openalex.org/W2982164646
https://openalex.org/W3003644179
https://openalex.org/W3031517910
https://openalex.org/W3083037605
https://openalex.org/W3087044605
https://openalex.org/W3087794154
https://openalex.org/W3091571219
https://openalex.org/W3092595730
https://openalex.org/W3119469400
https://openalex.org/W3137992846
https://openalex.org/W3149425885
https://openalex.org/W4214864097
https://openalex.org/W4281790432
https://openalex.org/W4285097501
https://openalex.org/W4295088173
https://openalex.org/W4296781470
https://openalex.org/W4307903184
https://openalex.org/W4310258584
https://openalex.org/W4318027810
https://openalex.org/W171830581
https://openalex.org/W4249798572
https://openalex.org/W2017567970
https://openalex.org/W2045054130
https://openalex.org/W2523919409
https://openalex.org/W1978256695
https://openalex.org/W2001456836
https://openalex.org/W2032789442
https://openalex.org/W2048046469
https://openalex.org/W1971495216
https://openalex.org/W2083909070
https://openalex.org/W2074468779
https://openalex.org/W2080293253
https://openalex.org/W2070303542
https://openalex.org/W2146321315
https://openalex.org/W1852765118
https://openalex.org/W2001946934
https://openalex.org/W2169884066
https://openalex.org/W3154695758
https://openalex.org/W1978747723
https://openalex.org/W1997065112
https://openalex.org/W2046851117
https://openalex.org/W2086179103
https://openalex.org/W2790258263
https://openalex.org/W2793308342
https://openalex.org/W2025516021
https://openalex.org/W2059627129
https://openalex.org/W2002814645
https://openalex.org/W2059976910
https://openalex.org/W2081478317
https://openalex.org/W2148485716
https://openalex.org/W2159187672
https://openalex.org/W1984977136
https://openalex.org/W2022413818
https://openalex.org/W2171909301
https://openalex.org/W2315309082
https://openalex.org/W2060362746
https://openalex.org/W2025463839
https://openalex.org/W2032878814
https://openalex.org/W2004706472
https://openalex.org/W2017202492
https://openalex.org/W1966453506
https://openalex.org/W2012005083
https://openalex.org/W2626659913
https://openalex.org/W2755208956
https://openalex.org/W2905484367
https://openalex.org/W2056565338
https://openalex.org/W2294230416
https://openalex.org/W2770005699
https://openalex.org/W2778903411
https://openalex.org/W2781654719
https://openalex.org/W2896716946
https://openalex.org/W2901493724
https://openalex.org/W2955485780
https://openalex.org/W2972669392
https://openalex.org/W2119561319
https://openalex.org/W2591568528
https://openalex.org/W3033588576
https://openalex.org/W4212834484
https://openalex.org/W2328526879
https://openalex.org/W3011902675
https://openalex.org/W3081685117
https://openalex.org/W3110818495
https://openalex.org/W3119050313
https://openalex.org/W3138194076
https://openalex.org/W3162459212
https://openalex.org/W3180836468
https://openalex.org/W3198550063
https://openalex.org/W3211591127
https://openalex.org/W2080770669
https://openalex.org/W2042595590
https://openalex.org/W2791316251
https://openalex.org/W1965513638
https://openalex.org/W2116890918
https://openalex.org/W2018295481
https://openalex.org/W2019838809
https://openalex.org/W2052184324
https://openalex.org/W2107507790
https://openalex.org/W2108445759
https://openalex.org/W191510307
https://openalex.org/W1967505640
https://openalex.org/W2076467956
https://openalex.org/W1524132056
https://openalex.org/W2002167525
https://openalex.org/W1995490002
https://openalex.org/W1998684350
https://openalex.org/W2013736421
https://openalex.org/W2120141293
https://openalex.org/W2134522875
https://openalex.org/W2139037753
https://openalex.org/W1967230726
https://openalex.org/W1997799830
https://openalex.org/W2064454561
https://openalex.org/W2155406261
https://openalex.org/W2326135574
https://openalex.org/W2090289878
https://openalex.org/W2322197174
https://openalex.org/W2591575904
https://openalex.org/W2598782826
https://openalex.org/W2885517443
https://openalex.org/W2033892561
https://openalex.org/W2087441980
https://openalex.org/W2910853244
https://openalex.org/W2970229697
https://openalex.org/W3118907581
https://openalex.org/W3122140351
https://openalex.org/W3122877209
https://openalex.org/W3149773588
https://openalex.org/W3159890978
https://openalex.org/W3186356932
https://openalex.org/W3197537534
https://openalex.org/W4206603736
https://openalex.org/W4221075500
https://openalex.org/W4224995209
https://openalex.org/W4229443079
https://openalex.org/W4280574710
https://openalex.org/W4280603438
https://openalex.org/W4285404704
https://openalex.org/W4291972361
https://openalex.org/W4293193252
https://openalex.org/W4297965108
https://openalex.org/W4310461477
https://openalex.org/W4312094787
https://openalex.org/W4315705893
https://openalex.org/W4316038959
https://openalex.org/W4317368442
https://openalex.org/W4317733688
https://openalex.org/W4322745674
https://openalex.org/W4328048495
https://openalex.org/W4366448890
https://openalex.org/W4377248182
https://openalex.org/W4378085981
https://openalex.org/W4378782451
https://openalex.org/W4379376812
https://openalex.org/W4382133860
https://openalex.org/W4382723829
https://openalex.org/W4383740686
https://openalex.org/W4387393405
https://openalex.org/W4387765129
https://openalex.org/W4393646573
https://openalex.org/W2038246648
https://openalex.org/W2073001918
https://openalex.org/W2036116482
https://openalex.org/W2049182925
https://openalex.org/W2794023833
https://openalex.org/W2046704579
https://openalex.org/W2054330198
https://openalex.org/W1985381598
https://openalex.org/W1991027772
https://openalex.org/W2042676635
https://openalex.org/W2047071240
https://openalex.org/W2327437902
https://openalex.org/W2010862528
https://openalex.org/W2012280223
https://openalex.org/W2149526832
https://openalex.org/W2167139576
https://openalex.org/W2404401254
https://openalex.org/W1993091268
https://openalex.org/W1994702484
https://openalex.org/W1998219667
https://openalex.org/W2064273554
https://openalex.org/W1499623199
https://openalex.org/W1992692887
https://openalex.org/W1997984873
https://openalex.org/W2014860661
https://openalex.org/W2043352208
https://openalex.org/W2092427356
https://openalex.org/W1721709968
https://openalex.org/W2068168159
https://openalex.org/W2170897140
https://openalex.org/W2394503124
https://openalex.org/W2020687583
https://openalex.org/W2088593078
https://openalex.org/W2169207794
https://openalex.org/W1973972487
https://openalex.org/W1997525177
https://openalex.org/W1998612528
https://openalex.org/W2007989253
https://openalex.org/W2070633987
https://openalex.org/W2753230711
https://openalex.org/W2792023766
https://openalex.org/W1773880600
https://openalex.org/W2017931189
https://openalex.org/W2254267711
https://openalex.org/W2274135995
https://openalex.org/W2486367013
https://openalex.org/W2538949698
https://openalex.org/W2542409978
https://openalex.org/W2748180436
https://openalex.org/W2937666825
https://openalex.org/W2955488139
https://openalex.org/W2104833744
https://openalex.org/W2014472960
https://openalex.org/W2021961217
https://openalex.org/W2062491664
https://openalex.org/W1975429241
https://openalex.org/W1978924655
https://openalex.org/W2047928042
https://openalex.org/W2086022449
https://openalex.org/W2095451347
https://openalex.org/W2791123108
https://openalex.org/W2791534893
https://openalex.org/W2088575583
https://openalex.org/W2075697575
https://openalex.org/W2789364796
https://openalex.org/W2792547514
https://openalex.org/W2318552178
https://openalex.org/W2793874161
https://openalex.org/W1486863561
https://openalex.org/W1987630083
https://openalex.org/W1989186000
https://openalex.org/W2082033102
https://openalex.org/W2323178839
https://openalex.org/W2075840241
https://openalex.org/W59011065
https://openalex.org/W1771087350
https://openalex.org/W2064769321
https://openalex.org/W1985188135
https://openalex.org/W2340432075
https://openalex.org/W4247064794
https://openalex.org/W2091765529
https://openalex.org/W2775577877
https://openalex.org/W2003261361
https://openalex.org/W2051466046
https://openalex.org/W2078303592
https://openalex.org/W2587598387
https://openalex.org/W2759844697
https://openalex.org/W2890948368
https://openalex.org/W2897944401
https://openalex.org/W3088521438
https://openalex.org/W3108326009
https://openalex.org/W3114189267
https://openalex.org/W2195706456
https://openalex.org/W3136733981
https://openalex.org/W3142554000
https://openalex.org/W3153951687
https://openalex.org/W3154484214
https://openalex.org/W3172943104
https://openalex.org/W2063841199
https://openalex.org/W2439938328
https://openalex.org/W1993798225
https://openalex.org/W2071864969
https://openalex.org/W2471781625
https://openalex.org/W2008967466
https://openalex.org/W2065250594
https://openalex.org/W2068810807
https://openalex.org/W2021698936
https://openalex.org/W1987532605
https://openalex.org/W2019781222
https://openalex.org/W2050094980
https://openalex.org/W2072285491
https://openalex.org/W2162631145
https://openalex.org/W2410979903
https://openalex.org/W2793172655
https://openalex.org/W2000847122
https://openalex.org/W2072258059
https://openalex.org/W2029192091
https://openalex.org/W2036030734
https://openalex.org/W2108762047
https://openalex.org/W1982408197
https://openalex.org/W1995094007
https://openalex.org/W2014923015
https://openalex.org/W2056341794
https://openalex.org/W2079081884
https://openalex.org/W2173933662
https://openalex.org/W4232205849
https://openalex.org/W1844936695
https://openalex.org/W2083585793
https://openalex.org/W1984668674
https://openalex.org/W2049600445
https://openalex.org/W2068121144
https://openalex.org/W2066693804
https://openalex.org/W3102712879
https://openalex.org/W2059546944
https://openalex.org/W2081872560
https://openalex.org/W2318776569
https://openalex.org/W2468983747
https://openalex.org/W2794296437
https://openalex.org/W1983577729
https://openalex.org/W2069531337
https://openalex.org/W2117140845
https://openalex.org/W2474853834
https://openalex.org/W2586943617
https://openalex.org/W2943445309
https://openalex.org/W2975765838
https://openalex.org/W2986857474
https://openalex.org/W896737671
https://openalex.org/W3211558258
https://openalex.org/W4206360472
https://openalex.org/W4223971400
https://openalex.org/W4224313872
https://openalex.org/W4281729344
https://openalex.org/W4282840272
https://openalex.org/W4283768322
https://openalex.org/W4284973705
https://openalex.org/W4285395630
https://openalex.org/W4307775063
https://openalex.org/W4308263314
https://openalex.org/W4308477179
https://openalex.org/W4313410145
https://openalex.org/W2054553974
https://openalex.org/W2147919610
https://openalex.org/W618932581
https://openalex.org/W1986644545
https://openalex.org/W1993610228
https://openalex.org/W2045588237
https://openalex.org/W2063048330
https://openalex.org/W2790044139
https://openalex.org/W2791126911
https://openalex.org/W2792376090
https://openalex.org/W2144994182
https://openalex.org/W2901143561
https://openalex.org/W1975922927
https://openalex.org/W2052728552
https://openalex.org/W2094966735
https://openalex.org/W2521485168
https://openalex.org/W2792207436
https://openalex.org/W2793341341
https://openalex.org/W1738035971
https://openalex.org/W2040679336
https://openalex.org/W2789662224
https://openalex.org/W4250632306
https://openalex.org/W4253879025
https://openalex.org/W143661387
https://openalex.org/W1875510086
https://openalex.org/W2020485620
https://openalex.org/W2038205584
https://openalex.org/W2041175997
https://openalex.org/W2049404856
https://openalex.org/W2051594589
https://openalex.org/W2110449866
https://openalex.org/W2142167108
https://openalex.org/W2323751190
https://openalex.org/W2793013140
https://openalex.org/W2002837387
https://openalex.org/W2159062788
https://openalex.org/W2504785010
https://openalex.org/W1985328196
https://openalex.org/W1985350859
https://openalex.org/W1971706995
https://openalex.org/W2141977271
https://openalex.org/W2148703979
https://openalex.org/W2312263042
https://openalex.org/W2888125404
https://openalex.org/W2321191434
https://openalex.org/W2404603538
https://openalex.org/W2559407814
https://openalex.org/W2892116425
https://openalex.org/W3044379589
https://openalex.org/W3117794427
https://openalex.org/W867023561
https://openalex.org/W1995440695
https://openalex.org/W1996216117
https://openalex.org/W2519692368
https://openalex.org/W110550091
https://openalex.org/W1976248820
https://openalex.org/W2004231837
https://openalex.org/W2010076135
https://openalex.org/W2083205628
https://openalex.org/W2102630168
https://openalex.org/W2462832136
https://openalex.org/W271550426
https://openalex.org/W2790010071
https://openalex.org/W2331693927
https://openalex.org/W2071599385
https://openalex.org/W2090121984
https://openalex.org/W2794045908
https://openalex.org/W1974099586
https://openalex.org/W1967405199
https://openalex.org/W2042342867
https://openalex.org/W2024326306
https://openalex.org/W2029282236
https://openalex.org/W2105319546
https://openalex.org/W2612850907
https://openalex.org/W2797899607
https://openalex.org/W2904445293
https://openalex.org/W2988345956
https://openalex.org/W2389032388
https://openalex.org/W2466924548
https://openalex.org/W3124293769
https://openalex.org/W3138495246
https://openalex.org/W3162126064
https://openalex.org/W3165138129
https://openalex.org/W3189873062
https://openalex.org/W4200625855
https://openalex.org/W2038689073
https://openalex.org/W2794364827
https://openalex.org/W1509201904
https://openalex.org/W2115409243
https://openalex.org/W2161615059
https://openalex.org/W2789947917
https://openalex.org/W2070971913
https://openalex.org/W2331764297
https://openalex.org/W2003424839
https://openalex.org/W2325831910
https://openalex.org/W2346544779
https://openalex.org/W2401985984
https://openalex.org/W182791638
https://openalex.org/W2130425667
https://openalex.org/W2165960020
https://openalex.org/W2436004922
https://openalex.org/W28039718
https://openalex.org/W175439694
https://openalex.org/W1995548443
https://openalex.org/W2043988057
https://openalex.org/W2616447375
https://openalex.org/W2888431852
https://openalex.org/W2905601995
https://openalex.org/W2949561739
https://openalex.org/W2990028288
https://openalex.org/W2999692034
https://openalex.org/W3048618400
https://openalex.org/W3081693874
https://openalex.org/W3106943016
https://openalex.org/W3111563551
https://openalex.org/W2517252566
https://openalex.org/W2545473424
https://openalex.org/W2552158811
https://openalex.org/W2565459315
https://openalex.org/W2566557192
https://openalex.org/W3193417817
https://openalex.org/W4200626438
https://openalex.org/W4210448151
https://openalex.org/W4220760251
https://openalex.org/W4221068775
https://openalex.org/W4224982640
https://openalex.org/W4225833438
https://openalex.org/W4226444272
https://openalex.org/W4284994930
https://openalex.org/W4285741014
https://openalex.org/W4306404394
https://openalex.org/W4306931664
https://openalex.org/W4312114947
https://openalex.org/W1988308235
https://openalex.org/W1994072955
https://openalex.org/W2505906356
https://openalex.org/W2789931729
https://openalex.org/W2791278420
https://openalex.org/W1556585475
https://openalex.org/W1963518094
https://openalex.org/W2034483429
https://openalex.org/W2099578172
https://openalex.org/W2141534623
https://openalex.org/W2793949213
https://openalex.org/W4243547835
https://openalex.org/W2064247872
https://openalex.org/W2790664844
https://openalex.org/W4388384688
https://openalex.org/W2050384480
https://openalex.org/W2320861841
https://openalex.org/W2415549697
https://openalex.org/W2078550228
https://openalex.org/W347528257
https://openalex.org/W1970979207
https://openalex.org/W2106837513
https://openalex.org/W2134013235
https://openalex.org/W1965133952
https://openalex.org/W2019332919
https://openalex.org/W2053896947
https://openalex.org/W2137736431
https://openalex.org/W2753935411
https://openalex.org/W3190505778
https://openalex.org/W117917225
https://openalex.org/W2066039770
https://openalex.org/W2505155814
https://openalex.org/W2527618265
https://openalex.org/W2094891116
https://openalex.org/W2421093642
https://openalex.org/W2018012979
https://openalex.org/W2122034553
https://openalex.org/W2151216714
https://openalex.org/W2161672743
https://openalex.org/W2789919994
https://openalex.org/W91367123
https://openalex.org/W2028437577
https://openalex.org/W2323091819
https://openalex.org/W2417299686
https://openalex.org/W1598448519
https://openalex.org/W1992739898
https://openalex.org/W324321186
https://openalex.org/W2001210643
https://openalex.org/W2095415343
https://openalex.org/W2498824171
https://openalex.org/W2588389388
https://openalex.org/W2723953060
https://openalex.org/W2738983927
https://openalex.org/W2808082577
https://openalex.org/W2982105274
https://openalex.org/W2990079821
https://openalex.org/W3006227556
https://openalex.org/W3043153620
https://openalex.org/W3118781458
https://openalex.org/W3125327133
https://openalex.org/W3168717638
https://openalex.org/W3197410601
https://openalex.org/W3200530489
https://openalex.org/W3203957599
https://openalex.org/W3204604197
https://openalex.org/W4300523303
https://openalex.org/W2519490572
https://openalex.org/W4379797225
https://openalex.org/W4383217786
https://openalex.org/W4386471544
https://openalex.org/W4393429844
https://openalex.org/W4393455982
https://openalex.org/W4393637562
https://openalex.org/W4393688303
https://openalex.org/W2008497068
https://openalex.org/W2023353142
https://openalex.org/W2609219019
https://openalex.org/W2792753078
https://openalex.org/W1981299300
https://openalex.org/W1992414109
https://openalex.org/W2009676054
https://openalex.org/W2017639874
https://openalex.org/W2121141715
https://openalex.org/W2068325802
https://openalex.org/W2789483915
https://openalex.org/W2790983322
https://openalex.org/W4298377599
https://openalex.org/W1981806917
https://openalex.org/W2005027405
https://openalex.org/W2139201265
https://openalex.org/W2140040716
https://openalex.org/W2323164005
https://openalex.org/W4296670002
https://openalex.org/W2062983446
https://openalex.org/W4253453423
https://openalex.org/W4296755681
https://openalex.org/W2033425908
https://openalex.org/W2064117162
https://openalex.org/W2108138419
https://openalex.org/W2279614775
https://openalex.org/W2316793899
https://openalex.org/W2319967281
https://openalex.org/W2410169969
https://openalex.org/W4200415240
https://openalex.org/W4235926190
https://openalex.org/W2398856929
https://openalex.org/W2753677547
https://openalex.org/W4311967289
https://openalex.org/W4318071618
https://openalex.org/W4318762439
https://openalex.org/W4319242437
https://openalex.org/W4320351840
https://openalex.org/W4321004106
https://openalex.org/W4322577033
https://openalex.org/W4323519565
https://openalex.org/W4323538931
https://openalex.org/W4323797090
https://openalex.org/W4324308158
https://openalex.org/W4327545255
https://openalex.org/W4327974775
https://openalex.org/W4360944009
https://openalex.org/W4361190276
https://openalex.org/W4361220161
https://openalex.org/W4361234511
https://openalex.org/W4361234513
https://openalex.org/W4361234515
https://openalex.org/W4361234538
https://openalex.org/W4361234543
https://openalex.org/W4361234552
https://openalex.org/W4361234561
https://openalex.org/W4361234566
https://openalex.org/W4361234572
https://openalex.org/W4361234579
https://openalex.org/W4361234585
https://openalex.org/W4361234620
https://openalex.org/W4361234681
https://openalex.org/W4361234713
https://openalex.org/W4361234745
https://openalex.org/W4361234752
https://openalex.org/W4361234766
https://openalex.org/W4361234768
https://openalex.org/W4361234770
https://openalex.org/W4361234818
https://openalex.org/W4361234820
https://openalex.org/W4361234825
https://openalex.org/W4361234834
https://openalex.org/W4361234842
https://openalex.org/W4361234854
https://openalex.org/W4361234867
https://openalex.org/W4361234874
https://openalex.org/W4361234877
https://openalex.org/W4361234917
https://openalex.org/W4361234934
https://openalex.org/W4362543696
https://openalex.org/W4366523497
https://openalex.org/W4366976580
https://openalex.org/W4367296292
https://openalex.org/W4367296532
https://openalex.org/W4367296543
https://openalex.org/W4367296959
https://openalex.org/W4367303378
https://openalex.org/W4367304204
https://openalex.org/W4367331812
https://openalex.org/W4376954019
https://openalex.org/W4377015778
https://openalex.org/W4377015946
https://openalex.org/W4377233308
https://openalex.org/W4378219596
https://openalex.org/W4378781336
https://openalex.org/W4380047092
https://openalex.org/W4380447652
https://openalex.org/W4382999964
https://openalex.org/W4383501623
https://openalex.org/W4384338567
https://openalex.org/W4384947169
https://openalex.org/W4385280497
https://openalex.org/W4385567135
https://openalex.org/W4385641647
https://openalex.org/W4385664844
https://openalex.org/W4385689601
https://openalex.org/W4385845408
https://openalex.org/W4386013119
https://openalex.org/W4386318092
https://openalex.org/W4386362162
https://openalex.org/W4386505289
https://openalex.org/W4386757113
https://openalex.org/W4386854030
https://openalex.org/W4386877948
https://openalex.org/W4386905165
https://openalex.org/W4387001790
https://openalex.org/W4387574923
https://openalex.org/W4387653450
https://openalex.org/W4387952652
https://openalex.org/W4387965379
https://openalex.org/W4388048326
https://openalex.org/W4388189252
https://openalex.org/W4388281457
https://openalex.org/W4388539992
https://openalex.org/W4388647699
https://openalex.org/W4389055597
https://openalex.org/W4389068872
https://openalex.org/W4389703544
https://openalex.org/W4390465071
https://openalex.org/W4390466088
https://openalex.org/W2111336889
https://openalex.org/W625478243
https://openalex.org/W2145255730
https://openalex.org/W2413206132
https://openalex.org/W2789441320
https://openalex.org/W2033239922
https://openalex.org/W2048550150
https://openalex.org/W2790937964
https://openalex.org/W2005970726
https://openalex.org/W2025019373
https://openalex.org/W2088144559
https://openalex.org/W2090702100
https://openalex.org/W2280064588
https://openalex.org/W2320698087
https://openalex.org/W2342780217
https://openalex.org/W4296661838
https://openalex.org/W2045237922
https://openalex.org/W1983775288
https://openalex.org/W2480427371
https://openalex.org/W2605667806
https://openalex.org/W2618039954
https://openalex.org/W3058168112
https://openalex.org/W2545431179
https://openalex.org/W1485452549
https://openalex.org/W2066601803
https://openalex.org/W2125307669
https://openalex.org/W2523828118
https://openalex.org/W2794205601
https://openalex.org/W1972727738
https://openalex.org/W2793317786
https://openalex.org/W2793794279
https://openalex.org/W3178461063
https://openalex.org/W4244664769
https://openalex.org/W195558327
https://openalex.org/W1968057393
https://openalex.org/W4237631040
https://openalex.org/W90811532
https://openalex.org/W1617670203
https://openalex.org/W1988740923
https://openalex.org/W2036235456
https://openalex.org/W2792945859
https://openalex.org/W2803256184
https://openalex.org/W2896181113
https://openalex.org/W3001880985
https://openalex.org/W3036500625
https://openalex.org/W3083409622
https://openalex.org/W3089212680
https://openalex.org/W3136888697
https://openalex.org/W3195399438
https://openalex.org/W3207869732
https://openalex.org/W3211262165
https://openalex.org/W3214606280
https://openalex.org/W4200416291
https://openalex.org/W4200541648
https://openalex.org/W4299944991
https://openalex.org/W1530710577
https://openalex.org/W1997507928
https://openalex.org/W2343789175
https://openalex.org/W2410605476
https://openalex.org/W2509299007
https://openalex.org/W2548750586
https://openalex.org/W3216857417
https://openalex.org/W4220679937
https://openalex.org/W4220732490
https://openalex.org/W4280547627
https://openalex.org/W4281676941
https://openalex.org/W4283782944
https://openalex.org/W4283784197
https://openalex.org/W4286435206
https://openalex.org/W4286560175
https://openalex.org/W4297318888
https://openalex.org/W4308295777
https://openalex.org/W4309335016
https://openalex.org/W2016971432
https://openalex.org/W2069346458
https://openalex.org/W2073530976
https://openalex.org/W2406153018
https://openalex.org/W2793326344
https://openalex.org/W1992537786
https://openalex.org/W2042313313
https://openalex.org/W2789418613
https://openalex.org/W2791674827
https://openalex.org/W4251609676
https://openalex.org/W2001448435
https://openalex.org/W2216261664
https://openalex.org/W2410651190
https://openalex.org/W2414210397
https://openalex.org/W2789596461
https://openalex.org/W2790479950
https://openalex.org/W182189102
https://openalex.org/W2008181387
https://openalex.org/W2412308717
https://openalex.org/W2489436618
https://openalex.org/W2789278853
https://openalex.org/W2792465211
https://openalex.org/W4296664973
https://openalex.org/W2068335545
https://openalex.org/W2792675737
https://openalex.org/W3171955306
https://openalex.org/W1168502340
https://openalex.org/W1612517611
https://openalex.org/W2010191783
https://openalex.org/W2055527085
https://openalex.org/W2064344876
https://openalex.org/W2070822458
https://openalex.org/W2109090491
https://openalex.org/W2141798909
https://openalex.org/W2319844696
https://openalex.org/W2323561463
https://openalex.org/W2336001520
https://openalex.org/W2460132229
https://openalex.org/W2564559197
https://openalex.org/W2690453125
https://openalex.org/W2741608415
https://openalex.org/W2746934790
https://openalex.org/W3171852046
https://openalex.org/W4211068018
https://openalex.org/W4223585846
https://openalex.org/W4235537608
https://openalex.org/W4246218923
https://openalex.org/W4281397187
https://openalex.org/W4292567119
https://openalex.org/W1587799673
https://openalex.org/W2052441298
https://openalex.org/W2146890011
https://openalex.org/W2792252704
https://openalex.org/W2793442544
https://openalex.org/W8598190
https://openalex.org/W133190274
https://openalex.org/W2041628545
https://openalex.org/W2046462186
https://openalex.org/W220518092
https://openalex.org/W2790030290
https://openalex.org/W2793857980
https://openalex.org/W2086803205
https://openalex.org/W2793571997
https://openalex.org/W3048830943
https://openalex.org/W327603325
https://openalex.org/W2040866291
https://openalex.org/W2050276784
https://openalex.org/W2062980001
https://openalex.org/W2079902716
https://openalex.org/W2083073911
https://openalex.org/W2084452289
https://openalex.org/W4296669905
https://openalex.org/W4296670263
https://openalex.org/W1980258833
https://openalex.org/W2335105596
https://openalex.org/W2613699090
https://openalex.org/W2899759721
https://openalex.org/W2951064415
https://openalex.org/W2319525269
https://openalex.org/W2400368347
https://openalex.org/W2520197469
https://openalex.org/W2790935394
https://openalex.org/W2077225163
https://openalex.org/W2502211530
https://openalex.org/W2791706699
https://openalex.org/W2793418600
https://openalex.org/W2091316417
https://openalex.org/W4296664974
https://openalex.org/W1616963576
https://openalex.org/W2021866041
https://openalex.org/W2801386790
https://openalex.org/W2885888061
https://openalex.org/W2997793321
https://openalex.org/W3005051372
https://openalex.org/W4211213484
https://openalex.org/W4296675545
https://openalex.org/W4313383633
https://openalex.org/W2477304718
https://openalex.org/W2792116391
https://openalex.org/W2792149993
https://openalex.org/W2014356739
https://openalex.org/W2018350912
https://openalex.org/W2403619942
https://openalex.org/W2406203569
https://openalex.org/W2789532727
https://openalex.org/W2789614138
https://openalex.org/W53296316
https://openalex.org/W1990286305
https://openalex.org/W2231310254
https://openalex.org/W2789737933
https://openalex.org/W2791867402
https://openalex.org/W4234961613
https://openalex.org/W4254958147
https://openalex.org/W2885962132
https://openalex.org/W3001501825
https://openalex.org/W3083869895
https://openalex.org/W3104133394
https://openalex.org/W3108310195
https://openalex.org/W3116290625
https://openalex.org/W3125823509
https://openalex.org/W1982120111
https://openalex.org/W2062976033
https://openalex.org/W2130718662
https://openalex.org/W2410562403
https://openalex.org/W2521018789
https://openalex.org/W2792805132
https://openalex.org/W2792961386
https://openalex.org/W2793139279
https://openalex.org/W2793765953
https://openalex.org/W1979915217
https://openalex.org/W1982011350
https://openalex.org/W2056227066
https://openalex.org/W2317209371
https://openalex.org/W2395745048
https://openalex.org/W2471042788
https://openalex.org/W2771744224
https://openalex.org/W2790285120
https://openalex.org/W2791640759
https://openalex.org/W2791687293
https://openalex.org/W2791768583
https://openalex.org/W2794181151
https://openalex.org/W306676169
https://openalex.org/W3148434210
https://openalex.org/W1968513192
https://openalex.org/W2060199859
https://openalex.org/W2314621779
https://openalex.org/W3119783063
https://openalex.org/W3168897668
https://openalex.org/W3173167351
https://openalex.org/W3184530048
https://openalex.org/W3201224245
https://openalex.org/W3206243816
https://openalex.org/W4245098952
https://openalex.org/W2212473605
https://openalex.org/W2409195361
https://openalex.org/W2495162496
https://openalex.org/W2563490501
https://openalex.org/W2760099634
https://openalex.org/W2902751010
https://openalex.org/W1492208875
https://openalex.org/W1999441108
https://openalex.org/W2122388999
https://openalex.org/W2518114679
https://openalex.org/W2792138946
https://openalex.org/W1982178932
https://openalex.org/W2007515154
https://openalex.org/W2032883736
https://openalex.org/W2045354962
https://openalex.org/W2789451505
https://openalex.org/W1971158784
https://openalex.org/W1989945853
https://openalex.org/W2003991217
https://openalex.org/W2038524159
https://openalex.org/W2057433287
https://openalex.org/W2065035880
https://openalex.org/W2122054986
https://openalex.org/W2323398430
https://openalex.org/W2406982178
https://openalex.org/W3010587382
https://openalex.org/W4236455347
https://openalex.org/W197576874
https://openalex.org/W2032985063
https://openalex.org/W2046121866
https://openalex.org/W1589001246
https://openalex.org/W1976706913
https://openalex.org/W2006125322
https://openalex.org/W2017087461
https://openalex.org/W2035275632
https://openalex.org/W2052098694
https://openalex.org/W2337618577
https://openalex.org/W2417023350
https://openalex.org/W2471999457
https://openalex.org/W2522140690
https://openalex.org/W2794375963
https://openalex.org/W373152938
https://openalex.org/W4252366483
https://openalex.org/W564895268
https://openalex.org/W78973919
https://openalex.org/W2053632291
https://openalex.org/W2791615431
https://openalex.org/W4231425451
https://openalex.org/W4231607281
https://openalex.org/W4299953855
https://openalex.org/W1607638618
https://openalex.org/W1785822406
https://openalex.org/W2265543850
https://openalex.org/W2270192851
https://openalex.org/W2284975572
https://openalex.org/W2286328081
https://openalex.org/W2287301439
https://openalex.org/W2292961499
https://openalex.org/W2298536845
https://openalex.org/W2301909709
https://openalex.org/W2315078622
https://openalex.org/W2331724038
https://openalex.org/W2396979789
https://openalex.org/W2410450750
https://openalex.org/W2470075895
https://openalex.org/W2501739876
https://openalex.org/W2519944925
https://openalex.org/W2550742610
https://openalex.org/W2550851456
https://openalex.org/W2551520349
https://openalex.org/W2553376275
https://openalex.org/W2553444315
https://openalex.org/W2561568887
https://openalex.org/W2571382948
https://openalex.org/W2588849742
https://openalex.org/W2607998537
https://openalex.org/W2612818893
https://openalex.org/W2625476412
https://openalex.org/W2689541026
https://openalex.org/W2725012103
https://openalex.org/W2729001076
https://openalex.org/W2732875812
https://openalex.org/W2777035096
https://openalex.org/W2794270580
https://openalex.org/W2805859153
https://openalex.org/W2884367026
https://openalex.org/W2950807687
https://openalex.org/W2951704368
https://openalex.org/W2990540639
https://openalex.org/W3041915520
https://openalex.org/W3042123589
https://openalex.org/W3134701347
https://openalex.org/W4211237812
https://openalex.org/W4231879458
https://openalex.org/W4237327292
https://openalex.org/W4239485098
https://openalex.org/W4242401861
https://openalex.org/W4244134432
https://openalex.org/W4248217738
https://openalex.org/W4251162980
https://openalex.org/W4394065643
https://openalex.org/W4394077731
https://openalex.org/W4394084558
https://openalex.org/W4394092007
https://openalex.org/W4394097147
https://openalex.org/W4394099477
https://openalex.org/W4394103362
https://openalex.org/W4394114203
https://openalex.org/W4394115618
https://openalex.org/W4394135332
https://openalex.org/W4394135765
https://openalex.org/W4394144101
https://openalex.org/W4394146225
https://openalex.org/W4394154913
https://openalex.org/W4394162200
https://openalex.org/W4394164424
https://openalex.org/W4394196979
https://openalex.org/W4394201658
https://openalex.org/W4394207403
https://openalex.org/W4394220114
https://openalex.org/W4394224352
https://openalex.org/W4394225979
https://openalex.org/W4394228947
https://openalex.org/W4394230322
https://openalex.org/W4394237499
https://openalex.org/W4394239696
https://openalex.org/W4394243765
https://openalex.org/W4394254712
https://openalex.org/W4394273725
https://openalex.org/W4394293729
https://openalex.org/W4394306136
https://openalex.org/W4394306425
https://openalex.org/W4394307244
https://openalex.org/W4394313194
https://openalex.org/W4394326468
https://openalex.org/W4394331414
https://openalex.org/W4394336092
https://openalex.org/W4394346354
https://openalex.org/W4394350397
https://openalex.org/W4394358511
https://openalex.org/W4394371216
https://openalex.org/W4394377458
https://openalex.org/W4394402201
https://openalex.org/W4394404286
https://openalex.org/W4394405019
https://openalex.org/W4394410337
https://openalex.org/W4394419556
https://openalex.org/W4394442458
https://openalex.org/W4394463426
https://openalex.org/W4394470125
https://openalex.org/W4394471897
https://openalex.org/W4394472285
https://openalex.org/W4394480552
https://openalex.org/W4394487235
https://openalex.org/W4394496583
https://openalex.org/W4394503687
https://openalex.org/W4394505137
https://openalex.org/W4394520226
https://openalex.org/W4394523941
https://openalex.org/W4394532290
https://openalex.org/W4394544891
https://openalex.org/W4394555997
https://openalex.org/W4394562512
https://openalex.org/W1506407934
https://openalex.org/W2020459664
https://openalex.org/W2050020488
https://openalex.org/W2095397927
https://openalex.org/W2340013284
https://openalex.org/W2404290510
https://openalex.org/W2525662892
https://openalex.org/W2790459213
https://openalex.org/W2791517516
https://openalex.org/W2792390779
https://openalex.org/W2792482421
https://openalex.org/W306437937
https://openalex.org/W4243213375
https://openalex.org/W4250490191
https://openalex.org/W47305173
https://openalex.org/W66281123
https://openalex.org/W2054233374
https://openalex.org/W2059519358
https://openalex.org/W2121818959
https://openalex.org/W2319881824
https://openalex.org/W2790157878
https://openalex.org/W4235888067
https://openalex.org/W4245736332
https://openalex.org/W1513844708
https://openalex.org/W1527090261
https://openalex.org/W1639247792
https://openalex.org/W167056516
https://openalex.org/W185155113
https://openalex.org/W2002519028
https://openalex.org/W2079919238
https://openalex.org/W2111082921
https://openalex.org/W2143394206
https://openalex.org/W2147143288
https://openalex.org/W2187278529
https://openalex.org/W2204532987
https://openalex.org/W2226155322
https://openalex.org/W2227689264
https://openalex.org/W2233482652
https://openalex.org/W2233521569
https://openalex.org/W2239628484
https://openalex.org/W2244196862
https://openalex.org/W2307718259
https://openalex.org/W2311004976
https://openalex.org/W2319500557
https://openalex.org/W2327086645
https://openalex.org/W2327229968
https://openalex.org/W2412204819
https://openalex.org/W2423121991
https://openalex.org/W2461012020
https://openalex.org/W2909007956
https://openalex.org/W2949852207
https://openalex.org/W2951806343
https://openalex.org/W3012670439
https://openalex.org/W3021256552
https://openalex.org/W3041831597
https://openalex.org/W3115799108
https://openalex.org/W3130508960
https://openalex.org/W3131182063
https://openalex.org/W3167352734
https://openalex.org/W3210612293
https://openalex.org/W431237778
https://openalex.org/W4386816763
https://openalex.org/W634954198
https://openalex.org/W658045315
https://openalex.org/W777912452
https://openalex.org/W795183826
https://openalex.org/W2047566242
https://openalex.org/W2070193216
https://openalex.org/W2071426052
https://openalex.org/W2095048270
https://openalex.org/W2125510181
https://openalex.org/W2496344809
https://openalex.org/W2791027571
https://openalex.org/W2791355413
https://openalex.org/W2793601088
https://openalex.org/W2794150608
https://openalex.org/W3117709880
https://openalex.org/W1981802696
https://openalex.org/W2017786403
https://openalex.org/W2018352516
https://openalex.org/W2055621674
https://openalex.org/W2098928085
https://openalex.org/W2324134197
https://openalex.org/W2793383468
https://openalex.org/W4238365808
https://openalex.org/W4250404162
https://openalex.org/W4250770005
https://openalex.org/W2031537995
https://openalex.org/W2032276928
https://openalex.org/W2033139855
https://openalex.org/W2034628751
https://openalex.org/W2041370869
https://openalex.org/W204738356
https://openalex.org/W2047696321
https://openalex.org/W2100947269
https://openalex.org/W2160696926
https://openalex.org/W2188053595
https://openalex.org/W2314097510
https://openalex.org/W2321048282
https://openalex.org/W2410841056
https://openalex.org/W249152483
https://openalex.org/W2591196624
https://openalex.org/W2717956012
https://openalex.org/W2735511863
https://openalex.org/W2754713608
https://openalex.org/W2756566953
https://openalex.org/W2778329296
https://openalex.org/W2779992523
https://openalex.org/W2790044165
https://openalex.org/W2921664691
https://openalex.org/W2951985774
https://openalex.org/W2952216790
https://openalex.org/W2988505169
https://openalex.org/W3004013964
https://openalex.org/W4214771935
https://openalex.org/W4238347882
https://openalex.org/W4243769738
https://openalex.org/W4297878251
https://openalex.org/W4297878409
https://openalex.org/W4299816447
https://openalex.org/W101967099
https://openalex.org/W119787949
https://openalex.org/W1551513805
https://openalex.org/W1986869960
https://openalex.org/W2189352644
https://openalex.org/W2272001795
https://openalex.org/W2301214186
https://openalex.org/W2328136270
https://openalex.org/W2793420740
https://openalex.org/W2793894026
https://openalex.org/W1607486801
https://openalex.org/W1627444019
https://openalex.org/W1986412632
https://openalex.org/W2001992913
https://openalex.org/W2043034479
https://openalex.org/W2062517325
https://openalex.org/W2075761016
https://openalex.org/W2089616728
https://openalex.org/W2131703187
https://openalex.org/W2331706158
https://openalex.org/W2338212236
https://openalex.org/W2410475505
https://openalex.org/W2604564579
https://openalex.org/W2889386724
https://openalex.org/W294590261
https://openalex.org/W2946952386
https://openalex.org/W2952376231
https://openalex.org/W2960199978
https://openalex.org/W3043378579
https://openalex.org/W3081770747
https://openalex.org/W3090439420
https://openalex.org/W3091978330
https://openalex.org/W3103823623
https://openalex.org/W3136775000
https://openalex.org/W3195176337
https://openalex.org/W3209774440
https://openalex.org/W3209842734
https://openalex.org/W3211055596
https://openalex.org/W4206205683
https://openalex.org/W4212916751
https://openalex.org/W4213142901
https://openalex.org/W4220705798
https://openalex.org/W4220751273
https://openalex.org/W4220777604
https://openalex.org/W4220828973
https://openalex.org/W4220954183
https://openalex.org/W4221028997
https://openalex.org/W4223974993
https://openalex.org/W4224929149
https://openalex.org/W4225144563
https://openalex.org/W42771766
https://openalex.org/W4280603763
https://openalex.org/W4281263493
https://openalex.org/W4281555527
https://openalex.org/W4282931775
https://openalex.org/W4282977303
https://openalex.org/W4283457511
https://openalex.org/W4283822047
https://openalex.org/W4285197309
https://openalex.org/W4285587340
https://openalex.org/W4293078259
https://openalex.org/W4296669956
https://openalex.org/W4297995489
https://openalex.org/W4298121784
https://openalex.org/W4301373826
https://openalex.org/W4303984018
https://openalex.org/W4307440047
https://openalex.org/W4308376800
https://openalex.org/W4309264917
https://openalex.org/W4311977092
https://openalex.org/W4312620075
https://openalex.org/W4312744388
https://openalex.org/W4312772309
https://openalex.org/W4313018712
https://openalex.org/W4324118278
https://openalex.org/W4389373832
https://openalex.org/W4389411150
https://openalex.org/W4393597969
https://openalex.org/W4394178416
https://openalex.org/W4394194996
https://openalex.org/W4394216583
https://openalex.org/W4394373184
https://openalex.org/W4394376314
https://openalex.org/W4394477345
https://openalex.org/W600470841
https://openalex.org/W623254094
https://openalex.org/W74050002
https://openalex.org/W2021701765
https://openalex.org/W2034326491
https://openalex.org/W2087366573
https://openalex.org/W240607008
https://openalex.org/W2411114803
https://openalex.org/W2416973368
https://openalex.org/W2489711921
https://openalex.org/W2521193707
https://openalex.org/W2790089797
https://openalex.org/W2790354586
https://openalex.org/W2791442064
https://openalex.org/W2791497819
https://openalex.org/W2792483354
https://openalex.org/W2793347570
https://openalex.org/W4231534628
https://openalex.org/W4241699205
https://openalex.org/W4247447753
https://openalex.org/W1974956673
https://openalex.org/W1999731000
https://openalex.org/W2005952695
https://openalex.org/W2017132237
https://openalex.org/W2020767723
https://openalex.org/W2067498927
https://openalex.org/W2075896219
https://openalex.org/W2223301199
https://openalex.org/W2789513239
https://openalex.org/W2794565512
https://openalex.org/W2885726167
https://openalex.org/W2890269025
https://openalex.org/W2893708293
https://openalex.org/W2898453030
https://openalex.org/W2901415617
https://openalex.org/W2908092817
https://openalex.org/W2909627136
https://openalex.org/W2911388107
https://openalex.org/W2911839433
https://openalex.org/W2912395803
https://openalex.org/W2944786212
https://openalex.org/W2948006001
https://openalex.org/W2964620696
https://openalex.org/W2968661303
https://openalex.org/W2991145260
https://openalex.org/W2993005606
https://openalex.org/W2995027665
https://openalex.org/W2995356118
https://openalex.org/W2996170714
https://openalex.org/W3007836980
https://openalex.org/W3025838405
https://openalex.org/W3112765480
https://openalex.org/W3164472890
https://openalex.org/W3210918426
https://openalex.org/W3212891882
https://openalex.org/W369676185
https://openalex.org/W4237865927
https://openalex.org/W4238713578
https://openalex.org/W4240602790
https://openalex.org/W4242430711
https://openalex.org/W4243714189
https://openalex.org/W4244195528
https://openalex.org/W4247468605
https://openalex.org/W4248207651
https://openalex.org/W4249864838
https://openalex.org/W4250822542
https://openalex.org/W4254986617
https://openalex.org/W4389465299
https://openalex.org/W117942714
https://openalex.org/W1992374196
https://openalex.org/W2057524029
https://openalex.org/W2057915351
https://openalex.org/W2060423364
https://openalex.org/W2069076001
https://openalex.org/W2070036625
https://openalex.org/W2077750465
https://openalex.org/W2789318492
https://openalex.org/W2789720432
https://openalex.org/W2789729665
https://openalex.org/W2790313004
https://openalex.org/W2792182479
https://openalex.org/W2792826932
https://openalex.org/W2794004049
https://openalex.org/W2794403631
https://openalex.org/W279584162
https://openalex.org/W284279482
https://openalex.org/W4210257949
https://openalex.org/W4244765504
https://openalex.org/W5485612
https://openalex.org/W1596775815
https://openalex.org/W188895001
https://openalex.org/W1963887027
https://openalex.org/W1979035724
https://openalex.org/W1998541111
https://openalex.org/W2005246261
https://openalex.org/W2006772450
https://openalex.org/W2083807280
https://openalex.org/W2092993768
https://openalex.org/W2324545107
https://openalex.org/W2330084715
https://openalex.org/W2402195792
https://openalex.org/W2409208431
https://openalex.org/W2409470528
https://openalex.org/W2792775590
https://openalex.org/W2953245906
https://openalex.org/W2964184586
https://openalex.org/W3016310398
https://openalex.org/W3021984845
https://openalex.org/W3024547841
https://openalex.org/W3035678116
https://openalex.org/W3039367145
https://openalex.org/W3047062516
https://openalex.org/W3082396774
https://openalex.org/W3094694269
https://openalex.org/W3110812839
https://openalex.org/W3113711923
https://openalex.org/W3118081090
https://openalex.org/W3134511312
https://openalex.org/W3141195574
https://openalex.org/W3156124265
https://openalex.org/W3160433463
https://openalex.org/W3202701020
https://openalex.org/W4230714647
https://openalex.org/W4231180040
https://openalex.org/W4232247181
https://openalex.org/W4239547536
https://openalex.org/W4241534768
https://openalex.org/W4241842051
https://openalex.org/W4246849760
https://openalex.org/W4246872829
https://openalex.org/W4247442454
https://openalex.org/W4250594786
https://openalex.org/W4255693869
https://openalex.org/W4296667180
https://openalex.org/W4302367856
https://openalex.org/W4389449979
https://openalex.org/W4394227112
https://openalex.org/W169415860
https://openalex.org/W1741114940
https://openalex.org/W2001880232
https://openalex.org/W205250719
https://openalex.org/W2315097785
https://openalex.org/W2331977821
https://openalex.org/W2471085191
https://openalex.org/W2503233242
https://openalex.org/W2790686667
https://openalex.org/W3041288208
https://openalex.org/W1139029106
https://openalex.org/W2036780629
https://openalex.org/W2052946745
https://openalex.org/W2054944681
https://openalex.org/W2056329034
https://openalex.org/W2064204322
https://openalex.org/W2099225201
https://openalex.org/W2113896516
https://openalex.org/W2152790300
https://openalex.org/W2158981193
https://openalex.org/W2325587773
https://openalex.org/W2396629465
https://openalex.org/W2402539912
https://openalex.org/W2409526762
https://openalex.org/W2411372425
https://openalex.org/W2544399377
https://openalex.org/W2975353449
https://openalex.org/W3000647179
https://openalex.org/W3027512859
https://openalex.org/W3163017238
https://openalex.org/W317600678
https://openalex.org/W4233095419
https://openalex.org/W4235749697
https://openalex.org/W4240077708
https://openalex.org/W4242310011
https://openalex.org/W4244934805
https://openalex.org/W4251004306
https://openalex.org/W65975190
https://openalex.org/W1968925309
https://openalex.org/W2039499169
https://openalex.org/W2095653956
https://openalex.org/W2237873805
https://openalex.org/W2317543457
https://openalex.org/W2323816368
https://openalex.org/W2379603516
https://openalex.org/W2403405538
https://openalex.org/W2469260411
https://openalex.org/W2470671398
https://openalex.org/W2478723814
https://openalex.org/W2487866432
https://openalex.org/W2491241962
https://openalex.org/W2497943798
https://openalex.org/W2509240069
https://openalex.org/W2559660567
https://openalex.org/W2703138239
https://openalex.org/W2790386170
https://openalex.org/W2790580806
https://openalex.org/W2793183360
https://openalex.org/W2793433277
https://openalex.org/W3124817201
https://openalex.org/W3127105682
https://openalex.org/W3128030372
https://openalex.org/W3136588739
https://openalex.org/W3138805851
https://openalex.org/W3153777050
https://openalex.org/W3156702660
https://openalex.org/W3157446694
https://openalex.org/W3166661301
https://openalex.org/W3174066614
https://openalex.org/W3174471990
https://openalex.org/W3175181032
https://openalex.org/W3182786238
https://openalex.org/W3185128098
https://openalex.org/W3185338316
https://openalex.org/W3190796068
https://openalex.org/W3192919857
https://openalex.org/W3199367334
https://openalex.org/W3200491300
https://openalex.org/W3203697740
https://openalex.org/W3208894736
https://openalex.org/W3210149596
https://openalex.org/W3216515679
https://openalex.org/W4200085033
https://openalex.org/W4200199139
https://openalex.org/W4200411009
https://openalex.org/W4200419753
https://openalex.org/W4206629298
https://openalex.org/W4207011217
https://openalex.org/W4207069636
https://openalex.org/W4226080058
https://openalex.org/W4231184863
https://openalex.org/W4249261478
https://openalex.org/W4251236438
https://openalex.org/W4286849949
https://openalex.org/W4296664630
https://openalex.org/W4389448684
https://openalex.org/W969109289
https://openalex.org/W1984233274
https://openalex.org/W2037618127
https://openalex.org/W2039702674
https://openalex.org/W2083189069
https://openalex.org/W2095630535
https://openalex.org/W2155467044
https://openalex.org/W2244665017
https://openalex.org/W2256968365
https://openalex.org/W2394889761
https://openalex.org/W2409331021
https://openalex.org/W2414339904
https://openalex.org/W2510054405
https://openalex.org/W267543057
https://openalex.org/W2789412624
https://openalex.org/W2789457475
https://openalex.org/W2789799748
https://openalex.org/W2790013351
https://openalex.org/W2790293072
https://openalex.org/W2791356360
https://openalex.org/W2792706045
https://openalex.org/W2793785189
https://openalex.org/W2793916172
https://openalex.org/W2911711283
https://openalex.org/W2953244323
https://openalex.org/W332848025
https://openalex.org/W4238596403
https://openalex.org/W4241350106
https://openalex.org/W118636077
https://openalex.org/W1545484916
https://openalex.org/W194528264
https://openalex.org/W1970468079
https://openalex.org/W1985963667
https://openalex.org/W2009144610
https://openalex.org/W2017706261
https://openalex.org/W2024275084
https://openalex.org/W2054315541
https://openalex.org/W2094798573
https://openalex.org/W2141946305
https://openalex.org/W2223452171
https://openalex.org/W2404027842
https://openalex.org/W2408870033
https://openalex.org/W2421927089
https://openalex.org/W2601022781
https://openalex.org/W348475780
https://openalex.org/W580147288
https://openalex.org/W585289952
https://openalex.org/W600599330
https://openalex.org/W83278580
https://openalex.org/W963519326
https://openalex.org/W102004062
https://openalex.org/W123261952
https://openalex.org/W143093295
https://openalex.org/W1560403821
https://openalex.org/W158691853
https://openalex.org/W181172624
https://openalex.org/W19127312
https://openalex.org/W1976877366
https://openalex.org/W197800244
https://openalex.org/W2007604324
https://openalex.org/W2014502630
https://openalex.org/W2026575262
https://openalex.org/W2032365240
https://openalex.org/W203426478
https://openalex.org/W2038581042
https://openalex.org/W20526473
https://openalex.org/W2064046603
https://openalex.org/W2071276945
https://openalex.org/W2074779767
https://openalex.org/W2076565609
https://openalex.org/W2083454349
https://openalex.org/W2092831669
https://openalex.org/W2147965301
https://openalex.org/W2168750087
https://openalex.org/W2188642537
https://openalex.org/W2268530888
https://openalex.org/W2333723664
https://openalex.org/W2397966981
https://openalex.org/W2401759308
https://openalex.org/W2409952289
https://openalex.org/W2411874724
https://openalex.org/W2413401147
https://openalex.org/W2430296628
https://openalex.org/W2462837331
https://openalex.org/W2465393072
https://openalex.org/W2467664746
https://openalex.org/W2469140632
https://openalex.org/W2490403094
https://openalex.org/W253900568
https://openalex.org/W2729161545
https://openalex.org/W2790581052
https://openalex.org/W2791125993
https://openalex.org/W2791130560
https://openalex.org/W2793298101
https://openalex.org/W2794149311
https://openalex.org/W2950845778
https://openalex.org/W2997997051
https://openalex.org/W3196062803
https://openalex.org/W362288503
https://openalex.org/W38287644
https://openalex.org/W4210648849
https://openalex.org/W4232707056
https://openalex.org/W4233123277
https://openalex.org/W4234829077
https://openalex.org/W4235965261
https://openalex.org/W4236117773
https://openalex.org/W4237889772
https://openalex.org/W4242492323
https://openalex.org/W4249412175
https://openalex.org/W4250173240
https://openalex.org/W648776255
https://openalex.org/W66265414
https://openalex.org/W72066986
https://openalex.org/W760938
https://openalex.org/W87432443
https://openalex.org/W942864309
https://openalex.org/W103835033
https://openalex.org/W132081558
https://openalex.org/W1515087780
https://openalex.org/W153946207
https://openalex.org/W159222907
https://openalex.org/W177521585
https://openalex.org/W1806116498
https://openalex.org/W1856721803
https://openalex.org/W190240903
https://openalex.org/W1955448033
https://openalex.org/W1969267527
https://openalex.org/W1981516259
https://openalex.org/W1982499115
https://openalex.org/W2002303010
https://openalex.org/W2006805282
https://openalex.org/W2012491047
https://openalex.org/W2013816929
https://openalex.org/W2032721651
https://openalex.org/W2035227380
https://openalex.org/W2059190638
https://openalex.org/W2060481291
https://openalex.org/W2081473459
https://openalex.org/W2088294129
https://openalex.org/W2127938879
https://openalex.org/W2230033011
https://openalex.org/W2232660015
https://openalex.org/W2252925662
https://openalex.org/W22750987
https://openalex.org/W2324285591
https://openalex.org/W2329461432
https://openalex.org/W2330812480
https://openalex.org/W2404092447
https://openalex.org/W2405183983
https://openalex.org/W2406453502
https://openalex.org/W24097264
https://openalex.org/W2410654191
https://openalex.org/W2412546282
https://openalex.org/W2412896857
https://openalex.org/W2413361446
https://openalex.org/W2471255690
https://openalex.org/W2475295362
https://openalex.org/W2494020909
https://openalex.org/W2511291409
https://openalex.org/W2613060653
https://openalex.org/W2749742722
https://openalex.org/W2785832697
https://openalex.org/W2789368564
https://openalex.org/W2789397850
https://openalex.org/W2789433412
https://openalex.org/W2789921137
https://openalex.org/W2790267885
https://openalex.org/W2792095908
https://openalex.org/W2792099414
https://openalex.org/W2792581113
https://openalex.org/W2793465137
https://openalex.org/W2794171288
https://openalex.org/W2794272219
https://openalex.org/W2884113634
https://openalex.org/W3190379890
https://openalex.org/W4211011281
https://openalex.org/W4230097651
https://openalex.org/W4235488644
https://openalex.org/W4239151472
https://openalex.org/W4240311085
https://openalex.org/W4244819174
https://openalex.org/W43432159
https://openalex.org/W49147071
https://openalex.org/W51495151
https://openalex.org/W51949468
https://openalex.org/W602579950
https://openalex.org/W604892308
https://openalex.org/W637905324
https://openalex.org/W646032972
https://openalex.org/W66182506
https://openalex.org/W85331351
https://openalex.org/W92125184
https://openalex.org/W98244017
https://openalex.org/W101507635
https://openalex.org/W110993967
https://openalex.org/W121925417
https://openalex.org/W130440857
https://openalex.org/W136860379
https://openalex.org/W139816186
https://openalex.org/W144732772
https://openalex.org/W153301024
https://openalex.org/W1534823519
https://openalex.org/W1572933276
https://openalex.org/W164101897
https://openalex.org/W180840229
https://openalex.org/W188547244
https://openalex.org/W1982183321
https://openalex.org/W200247075
https://openalex.org/W2004227676
https://openalex.org/W2022376990
https://openalex.org/W2043310757
https://openalex.org/W2046765390
https://openalex.org/W2065783161
https://openalex.org/W207226628
https://openalex.org/W2081128295
https://openalex.org/W2111240818
https://openalex.org/W2273750486
https://openalex.org/W2298663900
https://openalex.org/W2328912531
https://openalex.org/W2400490065
https://openalex.org/W2409507050
https://openalex.org/W2410483196
https://openalex.org/W2438757371
https://openalex.org/W2473606401
https://openalex.org/W24746228
https://openalex.org/W2475333536
https://openalex.org/W2507359353
https://openalex.org/W2507666217
https://openalex.org/W2516526941
https://openalex.org/W2528879538
https://openalex.org/W2737188253
https://openalex.org/W2753365332
https://openalex.org/W2790817092
https://openalex.org/W2792701336
https://openalex.org/W2793090076
https://openalex.org/W2793673185
https://openalex.org/W2794039444
https://openalex.org/W2952039094
https://openalex.org/W2979746400
https://openalex.org/W2980905207
https://openalex.org/W2994902663
https://openalex.org/W3098076354
https://openalex.org/W3099426136
https://openalex.org/W3104611470
https://openalex.org/W310557579
https://openalex.org/W3145877456
https://openalex.org/W32448466
https://openalex.org/W33929690
https://openalex.org/W414194833
https://openalex.org/W4231375818
https://openalex.org/W4235331005
https://openalex.org/W4236461032
https://openalex.org/W4238488312
https://openalex.org/W4245889020
https://openalex.org/W4254324376
https://openalex.org/W569694684
https://openalex.org/W604657747
https://openalex.org/W618852583
https://openalex.org/W653226929
https://openalex.org/W77800735
https://openalex.org/W91084191
https://openalex.org/W111102103
https://openalex.org/W11702747
https://openalex.org/W117255767
https://openalex.org/W121911059
https://openalex.org/W125225072
https://openalex.org/W125743692
https://openalex.org/W137464729
https://openalex.org/W1425144488
https://openalex.org/W147236811
https://openalex.org/W148957033
https://openalex.org/W149090316
https://openalex.org/W1493017420
https://openalex.org/W1496539357
https://openalex.org/W1508860822
https://openalex.org/W154715648
https://openalex.org/W160853155
https://openalex.org/W162283452
https://openalex.org/W16700629
https://openalex.org/W168530067
https://openalex.org/W186513602
https://openalex.org/W1899837677
https://openalex.org/W19796409
https://openalex.org/W1991288717
https://openalex.org/W2017637837
https://openalex.org/W2042273747
https://openalex.org/W2058667804
https://openalex.org/W2059833306
https://openalex.org/W2059961201
https://openalex.org/W2062281790
https://openalex.org/W2082226625
https://openalex.org/W2082316541
https://openalex.org/W2185451827
https://openalex.org/W2206379887
https://openalex.org/W22225315
https://openalex.org/W2239718261
https://openalex.org/W2243180788
https://openalex.org/W2313477614
https://openalex.org/W2318405674
https://openalex.org/W2322402564
https://openalex.org/W2324709586
https://openalex.org/W2326638167
https://openalex.org/W2331657602
https://openalex.org/W2333483477
https://openalex.org/W2333523382
https://openalex.org/W2395994896
https://openalex.org/W2397888016
https://openalex.org/W2407423992
https://openalex.org/W2419207574
https://openalex.org/W2462041542
https://openalex.org/W2464358820
https://openalex.org/W2480481567
https://openalex.org/W2491868737
https://openalex.org/W2512456993
https://openalex.org/W2574113692
https://openalex.org/W2610626814
https://openalex.org/W2619614467
https://openalex.org/W2745787088
https://openalex.org/W2757663738
https://openalex.org/W277911780
https://openalex.org/W2784598305
https://openalex.org/W2789379690
https://openalex.org/W2789414934
https://openalex.org/W2789423701
https://openalex.org/W2789616612
https://openalex.org/W2789618057
https://openalex.org/W2789933306
https://openalex.org/W2790420969
https://openalex.org/W2790841617
https://openalex.org/W2791029508
https://openalex.org/W2791030121
https://openalex.org/W2791667603
https://openalex.org/W2792074678
https://openalex.org/W2792301932
https://openalex.org/W2792350148
https://openalex.org/W2792661187
https://openalex.org/W2792778398
https://openalex.org/W2792897810
https://openalex.org/W2793331333
https://openalex.org/W2793512800
https://openalex.org/W2793799705
https://openalex.org/W2793939868
https://openalex.org/W2794146428
https://openalex.org/W2794217102
https://openalex.org/W2819751
https://openalex.org/W2922471874
https://openalex.org/W3043684593
https://openalex.org/W3104006828
https://openalex.org/W3105464381
https://openalex.org/W4205569064
https://openalex.org/W4231346830
https://openalex.org/W4233352708
https://openalex.org/W4238682089
https://openalex.org/W4240742109
https://openalex.org/W4240961484
https://openalex.org/W4243326981
https://openalex.org/W4243986582
https://openalex.org/W4248933393
https://openalex.org/W4249268428
https://openalex.org/W4299496677
https://openalex.org/W4387388462
https://openalex.org/W561884700
https://openalex.org/W591235754
https://openalex.org/W605439725
https://openalex.org/W625095241
https://openalex.org/W64932458
https://openalex.org/W79923791
https://openalex.org/W82052744
https://openalex.org/W87562207
https://openalex.org/W89412397
https://openalex.org/W1914843938
https://openalex.org/W2153213062
https://openalex.org/W2014343076
https://openalex.org/W2923282967
https://openalex.org/W1974924765
https://openalex.org/W2070151882
https://openalex.org/W1980727586
https://openalex.org/W2139391117
https://openalex.org/W2034638449
https://openalex.org/W1838323527
https://openalex.org/W2338075801
https://openalex.org/W1997111661
https://openalex.org/W2109877650
https://openalex.org/W2027719558
https://openalex.org/W2010891658
https://openalex.org/W1979835159
https://openalex.org/W2125832432
https://openalex.org/W2779215932
https://openalex.org/W2029733822
https://openalex.org/W2341328186
https://openalex.org/W2027954001
https://openalex.org/W2021886276
https://openalex.org/W1480967779
https://openalex.org/W1968321483
https://openalex.org/W2015215826
https://openalex.org/W2044319399
https://openalex.org/W2326281136
https://openalex.org/W2900538153
https://openalex.org/W1544123057
https://openalex.org/W2948389078
https://openalex.org/W1907168917
https://openalex.org/W2621863554
https://openalex.org/W3080158422
https://openalex.org/W2635658300
https://openalex.org/W2315535560
https://openalex.org/W2725911379
https://openalex.org/W2977837642
https://openalex.org/W4318071643
https://openalex.org/W4206228529
https://openalex.org/W4226170144
https://openalex.org/W4225346668
https://openalex.org/W2975374540
https://openalex.org/W2130785878
https://openalex.org/W2062154829
https://openalex.org/W2122342463
https://openalex.org/W1540311945
https://openalex.org/W2090614132
https://openalex.org/W2007000922
https://openalex.org/W1969217470
https://openalex.org/W2096803044
https://openalex.org/W4237774983
https://openalex.org/W1970875306
https://openalex.org/W1980757056
https://openalex.org/W2120878271
https://openalex.org/W1953502506
https://openalex.org/W2118705731
https://openalex.org/W1979056417
https://openalex.org/W2001862498
https://openalex.org/W2120797965
https://openalex.org/W2072452325
https://openalex.org/W2160143581
https://openalex.org/W2026451153
https://openalex.org/W2167226244
https://openalex.org/W4380869248
https://openalex.org/W2027727136
https://openalex.org/W2151788406
https://openalex.org/W1836613078
https://openalex.org/W2016076695
https://openalex.org/W2017801042
https://openalex.org/W2026926750
https://openalex.org/W2120304420
https://openalex.org/W2020391401
https://openalex.org/W2094676257
https://openalex.org/W2051897407
https://openalex.org/W2077847856
https://openalex.org/W2103052212
https://openalex.org/W2395687972
https://openalex.org/W2070849214
https://openalex.org/W4244614789
https://openalex.org/W2124641284
https://openalex.org/W2167418555
https://openalex.org/W2081354245
https://openalex.org/W2018690912
https://openalex.org/W2133242434
https://openalex.org/W2082116872
https://openalex.org/W2162519017
https://openalex.org/W2058307954
https://openalex.org/W2041865725
https://openalex.org/W2114735794
https://openalex.org/W2064895409
https://openalex.org/W2124613059
https://openalex.org/W1539847993
https://openalex.org/W2162543706
https://openalex.org/W2169450336
https://openalex.org/W1969155412
https://openalex.org/W1981838662
https://openalex.org/W2202173306
https://openalex.org/W2018156316
https://openalex.org/W2735751179
https://openalex.org/W1982951202
https://openalex.org/W2478810563
https://openalex.org/W1967114774
https://openalex.org/W1987562666
https://openalex.org/W2068575893
https://openalex.org/W2075547289
https://openalex.org/W2075366612
https://openalex.org/W1999850259
https://openalex.org/W2759635061
https://openalex.org/W2000145003
https://openalex.org/W2087016406
https://openalex.org/W2623885102
https://openalex.org/W2060904586
https://openalex.org/W2954882956
https://openalex.org/W2141508633
https://openalex.org/W2105999805
https://openalex.org/W2154755886
https://openalex.org/W2729098679
https://openalex.org/W2122113495
https://openalex.org/W2608508808
https://openalex.org/W3101302243
https://openalex.org/W2791738640
https://openalex.org/W1962251849
https://openalex.org/W2005256132
https://openalex.org/W2130983324
https://openalex.org/W2062322378
https://openalex.org/W2900340903
https://openalex.org/W2204234552
https://openalex.org/W2550344328
https://openalex.org/W2505326305
https://openalex.org/W2287543955
https://openalex.org/W2601607063
https://openalex.org/W2895527791
https://openalex.org/W3045029728
https://openalex.org/W2289943677
https://openalex.org/W2793063391
https://openalex.org/W2792696458
https://openalex.org/W3015807187
https://openalex.org/W2745436792
https://openalex.org/W2796139282
https://openalex.org/W2955681834
https://openalex.org/W3026748380
https://openalex.org/W3095145521
https://openalex.org/W3081855355
https://openalex.org/W3130499904
https://openalex.org/W4280652567
https://openalex.org/W4361852834
https://openalex.org/W4362588097
https://openalex.org/W4313560189
https://openalex.org/W4362466320
https://openalex.org/W4366579486
https://openalex.org/W2153757743
https://openalex.org/W2029633874
https://openalex.org/W2071393144
https://openalex.org/W1968765419
https://openalex.org/W2031440204
https://openalex.org/W1995080830
https://openalex.org/W1491990881
https://openalex.org/W2061380278
https://openalex.org/W1570002333
https://openalex.org/W1517645528
https://openalex.org/W2262115732
https://openalex.org/W1643989040
https://openalex.org/W2087807597
https://openalex.org/W2089074580
https://openalex.org/W2137619660
https://openalex.org/W2018698153
https://openalex.org/W2156821262
https://openalex.org/W2021097999
https://openalex.org/W2070496838
https://openalex.org/W2090916937
https://openalex.org/W2019240518
https://openalex.org/W2044448523
https://openalex.org/W1910373999
https://openalex.org/W2120736045
https://openalex.org/W2046295426
https://openalex.org/W2144293056
https://openalex.org/W2049385054
https://openalex.org/W1946943529
https://openalex.org/W1991468394
https://openalex.org/W2147391243
https://openalex.org/W2004779385
https://openalex.org/W2073839461
https://openalex.org/W2045793781
https://openalex.org/W2101661624
https://openalex.org/W2093685015
https://openalex.org/W2094507760
https://openalex.org/W2054251137
https://openalex.org/W2146578241
https://openalex.org/W2172227256
https://openalex.org/W1968511657
https://openalex.org/W2061460086
https://openalex.org/W2071817844
https://openalex.org/W2323577237
https://openalex.org/W2105544198
https://openalex.org/W2137026998
https://openalex.org/W2032585855
https://openalex.org/W2026846735
https://openalex.org/W2496455078
https://openalex.org/W2079196112
https://openalex.org/W2063332447
https://openalex.org/W2086436258
https://openalex.org/W2118881777
https://openalex.org/W2120331439
https://openalex.org/W2018379779
https://openalex.org/W2060095214
https://openalex.org/W2137518197
https://openalex.org/W2156597719
https://openalex.org/W1977601147
https://openalex.org/W2016266442
https://openalex.org/W2019222409
https://openalex.org/W2038078060
https://openalex.org/W1992822313
https://openalex.org/W2030287613
https://openalex.org/W2031162042
https://openalex.org/W2093413497
https://openalex.org/W2095174248
https://openalex.org/W2285214357
https://openalex.org/W1536696269
https://openalex.org/W1923518430
https://openalex.org/W437429109
https://openalex.org/W2017257307
https://openalex.org/W2791027581
https://openalex.org/W1995400213
https://openalex.org/W2099307955
https://openalex.org/W1983531390
https://openalex.org/W2278513493
https://openalex.org/W2285812509
https://openalex.org/W2555971849
https://openalex.org/W2608295459
https://openalex.org/W2756232840
https://openalex.org/W2090045675
https://openalex.org/W2550645704
https://openalex.org/W1827311264
https://openalex.org/W2276943409
https://openalex.org/W2901414222
https://openalex.org/W2986126401
https://openalex.org/W2337612537
https://openalex.org/W2907152535
https://openalex.org/W2593519573
https://openalex.org/W2967953886
https://openalex.org/W2732660461
https://openalex.org/W2788049756
https://openalex.org/W3080103166
https://openalex.org/W2995865783
https://openalex.org/W3000476738
https://openalex.org/W3168040613
https://openalex.org/W3122992840
https://openalex.org/W4289595176
https://openalex.org/W4214903121
https://openalex.org/W4286008638
https://openalex.org/W3206771624
https://openalex.org/W4210437886
https://openalex.org/W4307657653
https://openalex.org/W4365452855
https://openalex.org/W4390431347
https://openalex.org/W4390972198
https://openalex.org/W4391781223
https://openalex.org/W2002575476
https://openalex.org/W2086445767
https://openalex.org/W2051410899
https://openalex.org/W177277541
https://openalex.org/W2016891490
https://openalex.org/W2014353150
https://openalex.org/W1545943327
https://openalex.org/W2088369830
https://openalex.org/W1996061162
https://openalex.org/W2055752072
https://openalex.org/W2056405061
https://openalex.org/W2071776707
https://openalex.org/W2090073482
https://openalex.org/W2148522112
https://openalex.org/W1967760577
https://openalex.org/W2070491572
https://openalex.org/W1977484952
https://openalex.org/W1969094978
https://openalex.org/W2006050320
https://openalex.org/W2027357507
https://openalex.org/W2046146400
https://openalex.org/W2046377104
https://openalex.org/W2126984055
https://openalex.org/W2167429840
https://openalex.org/W2169512683
https://openalex.org/W2013282377
https://openalex.org/W2043100540
https://openalex.org/W1991034520
https://openalex.org/W2118549365
https://openalex.org/W2011348492
https://openalex.org/W2047452153
https://openalex.org/W2021837540
https://openalex.org/W1807153222
https://openalex.org/W2012537392
https://openalex.org/W2049453824
https://openalex.org/W1973216217
https://openalex.org/W1984133668
https://openalex.org/W2090134411
https://openalex.org/W1934336367
https://openalex.org/W2040692893
https://openalex.org/W1993534474
https://openalex.org/W2082140626
https://openalex.org/W2151095808
https://openalex.org/W2106870738
https://openalex.org/W67619362
https://openalex.org/W2032535087
https://openalex.org/W2120313167
https://openalex.org/W2025524206
https://openalex.org/W2144040793
https://openalex.org/W2020221913
https://openalex.org/W2117241206
https://openalex.org/W2164141852
https://openalex.org/W2059137324
https://openalex.org/W2112093506
https://openalex.org/W2027343085
https://openalex.org/W2040785752
https://openalex.org/W1970009509
https://openalex.org/W2138080054
https://openalex.org/W38497166
https://openalex.org/W1969571169
https://openalex.org/W2029565899
https://openalex.org/W2050579082
https://openalex.org/W2053525289
https://openalex.org/W1984420834
https://openalex.org/W2064843243
https://openalex.org/W2041124538
https://openalex.org/W2128415200
https://openalex.org/W2044809172
https://openalex.org/W2109846148
https://openalex.org/W1978577346
https://openalex.org/W2096349295
https://openalex.org/W2099413773
https://openalex.org/W2041734060
https://openalex.org/W2060391198
https://openalex.org/W2071533498
https://openalex.org/W1503929075
https://openalex.org/W2009997759
https://openalex.org/W2056415813
https://openalex.org/W2467197906
https://openalex.org/W2029413471
https://openalex.org/W2164998323
https://openalex.org/W1775530563
https://openalex.org/W1986060387
https://openalex.org/W2068632444
https://openalex.org/W2106066757
https://openalex.org/W2016211892
https://openalex.org/W2081523440
https://openalex.org/W2514518664
https://openalex.org/W2753620278
https://openalex.org/W2133730469
https://openalex.org/W2165332123
https://openalex.org/W2178183339
https://openalex.org/W2334627411
https://openalex.org/W2093364628
https://openalex.org/W1997616539
https://openalex.org/W2093178517
https://openalex.org/W1987776251
https://openalex.org/W2109370095
https://openalex.org/W2498915393
https://openalex.org/W2265761849
https://openalex.org/W2606904422
https://openalex.org/W2803814809
https://openalex.org/W2252702933
https://openalex.org/W2557877616
https://openalex.org/W2767113283
https://openalex.org/W2418951660
https://openalex.org/W2298563684
https://openalex.org/W2185471782
https://openalex.org/W2546817603
https://openalex.org/W2797076456
https://openalex.org/W2971951748
https://openalex.org/W2948042786
https://openalex.org/W2757648159
https://openalex.org/W2896365419
https://openalex.org/W2920475580
https://openalex.org/W2920813333
https://openalex.org/W3107406511
https://openalex.org/W4200338042
https://openalex.org/W3081386967
https://openalex.org/W4320726784
https://openalex.org/W2120110372
https://openalex.org/W2036782130
https://openalex.org/W2048223993
https://openalex.org/W2064426541
https://openalex.org/W2070346559
https://openalex.org/W2086169523
https://openalex.org/W2006207821
https://openalex.org/W2042605674
https://openalex.org/W1522695491
https://openalex.org/W2043357802
https://openalex.org/W2953044697
https://openalex.org/W1525157376
https://openalex.org/W1550460684
https://openalex.org/W1977225265
https://openalex.org/W2139300484
https://openalex.org/W2087944014
https://openalex.org/W2140059890
https://openalex.org/W2479869798
https://openalex.org/W2141359385
https://openalex.org/W2168521589
https://openalex.org/W2003056292
https://openalex.org/W2035542393
https://openalex.org/W2056123287
https://openalex.org/W17809366
https://openalex.org/W2081214517
https://openalex.org/W2001879552
https://openalex.org/W2002414581
https://openalex.org/W2057175829
https://openalex.org/W2094737433
https://openalex.org/W1981119376
https://openalex.org/W1982651318
https://openalex.org/W2022263795
https://openalex.org/W2024877835
https://openalex.org/W2118300133
https://openalex.org/W2265263148
https://openalex.org/W1980146808
https://openalex.org/W1993410845
https://openalex.org/W2023963607
https://openalex.org/W1988848095
https://openalex.org/W2036548382
https://openalex.org/W2070014285
https://openalex.org/W2070644845
https://openalex.org/W1979669212
https://openalex.org/W2003519215
https://openalex.org/W2019542408
https://openalex.org/W2045773278
https://openalex.org/W2149999303
https://openalex.org/W1964946996
https://openalex.org/W1971402676
https://openalex.org/W1953498369
https://openalex.org/W2014663131
https://openalex.org/W2115424310
https://openalex.org/W2001239607
https://openalex.org/W2016424327
https://openalex.org/W2093673234
https://openalex.org/W2114875299
https://openalex.org/W1991177827
https://openalex.org/W2004126015
https://openalex.org/W1982624875
https://openalex.org/W1978248217
https://openalex.org/W1980198353
https://openalex.org/W2050516487
https://openalex.org/W2063068348
https://openalex.org/W2077383382
https://openalex.org/W2104875121
https://openalex.org/W2022336413
https://openalex.org/W1581812859
https://openalex.org/W1966090049
https://openalex.org/W1996981260
https://openalex.org/W2016883373
https://openalex.org/W2118811650
https://openalex.org/W2129586712
https://openalex.org/W2147592594
https://openalex.org/W2162771077
https://openalex.org/W2081439637
https://openalex.org/W2151391643
https://openalex.org/W2178947582
https://openalex.org/W1578042005
https://openalex.org/W2010461682
https://openalex.org/W2070562642
https://openalex.org/W2070735350
https://openalex.org/W2116337539
https://openalex.org/W1812191961
https://openalex.org/W2128434849
https://openalex.org/W2331093033
https://openalex.org/W2469858350
https://openalex.org/W2506597011
https://openalex.org/W2559893719
https://openalex.org/W2189922912
https://openalex.org/W2506117179
https://openalex.org/W1570992371
https://openalex.org/W2191752016
https://openalex.org/W2312755033
https://openalex.org/W2071310144
https://openalex.org/W2479956451
https://openalex.org/W2581020164
https://openalex.org/W2500859092
https://openalex.org/W2796282997
https://openalex.org/W2896969106
https://openalex.org/W2963280649
https://openalex.org/W2973309540
https://openalex.org/W2891630562
https://openalex.org/W2911282011
https://openalex.org/W3093541989
https://openalex.org/W3016516191
https://openalex.org/W3019126055
https://openalex.org/W3007504240
https://openalex.org/W3008395351
https://openalex.org/W3163150802
https://openalex.org/W3209448691
https://openalex.org/W1039231731
https://openalex.org/W2316538335
https://openalex.org/W2319837013
https://openalex.org/W4220655779
https://openalex.org/W4220774473
https://openalex.org/W4224216470
https://openalex.org/W2124769140
https://openalex.org/W4313626913
https://openalex.org/W4319224849
https://openalex.org/W4320033865
https://openalex.org/W4366587929
https://openalex.org/W112883492
https://openalex.org/W2491165905
https://openalex.org/W2080161833
https://openalex.org/W2142221826
https://openalex.org/W2066033781
https://openalex.org/W2038468368
https://openalex.org/W2127375672
https://openalex.org/W2140768236
https://openalex.org/W2147041036
https://openalex.org/W1982312595
https://openalex.org/W1986299605
https://openalex.org/W1988940959
https://openalex.org/W2039169654
https://openalex.org/W2062074400
https://openalex.org/W2010605705
https://openalex.org/W2024997129
https://openalex.org/W2092042333
https://openalex.org/W41481238
https://openalex.org/W2120315519
https://openalex.org/W2086478008
https://openalex.org/W2131320936
https://openalex.org/W1972857153
https://openalex.org/W2106318005
https://openalex.org/W2004932558
https://openalex.org/W2041347818
https://openalex.org/W2078210004
https://openalex.org/W2014343850
https://openalex.org/W2057678544
https://openalex.org/W2084026761
https://openalex.org/W2057524854
https://openalex.org/W2070816638
https://openalex.org/W1990541247
https://openalex.org/W2010256389
https://openalex.org/W2080242233
https://openalex.org/W2027275314
https://openalex.org/W2114082456
https://openalex.org/W2003432026
https://openalex.org/W2038363420
https://openalex.org/W2045429729
https://openalex.org/W1549208127
https://openalex.org/W1968365145
https://openalex.org/W2006320925
https://openalex.org/W2165213376
https://openalex.org/W4361859002
https://openalex.org/W1869971006
https://openalex.org/W1481441855
https://openalex.org/W2035169686
https://openalex.org/W2112026431
https://openalex.org/W2085412264
https://openalex.org/W2034479878
https://openalex.org/W2050375804
https://openalex.org/W2135060332
https://openalex.org/W1980090118
https://openalex.org/W1998593521
https://openalex.org/W2029994044
https://openalex.org/W2127583560
https://openalex.org/W1778457861
https://openalex.org/W1976996009
https://openalex.org/W1978558475
https://openalex.org/W2007793227
https://openalex.org/W2010326559
https://openalex.org/W2063815613
https://openalex.org/W2089734398
https://openalex.org/W2102139982
https://openalex.org/W1968697017
https://openalex.org/W1977523825
https://openalex.org/W1979957243
https://openalex.org/W1998443692
https://openalex.org/W2009363178
https://openalex.org/W2128321076
https://openalex.org/W2573201959
https://openalex.org/W2624626299
https://openalex.org/W1998416557
https://openalex.org/W2236867954
https://openalex.org/W2318998587
https://openalex.org/W2534085000
https://openalex.org/W2121991204
https://openalex.org/W2762061041
https://openalex.org/W2775321110
https://openalex.org/W2791797153
https://openalex.org/W2077965781
https://openalex.org/W2535727857
https://openalex.org/W2536606258
https://openalex.org/W2616025892
https://openalex.org/W2733917209
https://openalex.org/W799054612
https://openalex.org/W2186339196
https://openalex.org/W2769874615
https://openalex.org/W2996301976
https://openalex.org/W2174273781
https://openalex.org/W2537206078
https://openalex.org/W2898923075
https://openalex.org/W2922014701
https://openalex.org/W2946251064
https://openalex.org/W3005590332
https://openalex.org/W3003517128
https://openalex.org/W3021129015
https://openalex.org/W3025404522
https://openalex.org/W2333790972
https://openalex.org/W3106805678
https://openalex.org/W3036911634
https://openalex.org/W3124541244
https://openalex.org/W3200355449
https://openalex.org/W3212741901
https://openalex.org/W1977574531
https://openalex.org/W52737162
https://openalex.org/W4318928734
https://openalex.org/W2063355293
https://openalex.org/W2315376219
https://openalex.org/W2023559668
https://openalex.org/W2069564306
https://openalex.org/W2072399807
https://openalex.org/W2317103104
https://openalex.org/W2050888509
https://openalex.org/W2081239353
https://openalex.org/W2088444120
https://openalex.org/W126492065
https://openalex.org/W1578624136
https://openalex.org/W2013839243
https://openalex.org/W2012128244
https://openalex.org/W2061541435
https://openalex.org/W2079839295
https://openalex.org/W1850184204
https://openalex.org/W2069139371
https://openalex.org/W1981868299
https://openalex.org/W1984518980
https://openalex.org/W1994824158
https://openalex.org/W2051055005
https://openalex.org/W2155865673
https://openalex.org/W1976717348
https://openalex.org/W1992350142
https://openalex.org/W2166164795
https://openalex.org/W1965056895
https://openalex.org/W1974685763
https://openalex.org/W2022318577
https://openalex.org/W2076603458
https://openalex.org/W2106277183
https://openalex.org/W2112708328
https://openalex.org/W2043249940
https://openalex.org/W2044872883
https://openalex.org/W2919103582
https://openalex.org/W1971363425
https://openalex.org/W2022462040
https://openalex.org/W1989862547
https://openalex.org/W2060637631
https://openalex.org/W2012320645
https://openalex.org/W2006620747
https://openalex.org/W2032591178
https://openalex.org/W2056718775
https://openalex.org/W2128696525
https://openalex.org/W161002486
https://openalex.org/W2089996888
https://openalex.org/W1984951128
https://openalex.org/W2057409767
https://openalex.org/W2161202653
https://openalex.org/W2106144830
https://openalex.org/W1993579441
https://openalex.org/W2046486902
https://openalex.org/W2053007620
https://openalex.org/W2066952281
https://openalex.org/W2414245906
https://openalex.org/W1967245724
https://openalex.org/W2399840525
https://openalex.org/W1995170526
https://openalex.org/W2012438958
https://openalex.org/W2063977186
https://openalex.org/W2020793016
https://openalex.org/W2110848645
https://openalex.org/W1973809884
https://openalex.org/W1976402521
https://openalex.org/W1989458788
https://openalex.org/W2091919724
https://openalex.org/W1984835626
https://openalex.org/W1989181834
https://openalex.org/W2028725679
https://openalex.org/W2121687863
https://openalex.org/W2140595110
https://openalex.org/W1851159308
https://openalex.org/W2016910084
https://openalex.org/W2028277977
https://openalex.org/W2061154425
https://openalex.org/W2082793312
https://openalex.org/W2083910923
https://openalex.org/W2149516115
https://openalex.org/W2160360554
https://openalex.org/W1809255747
https://openalex.org/W1964086531
https://openalex.org/W2029306979
https://openalex.org/W2030377672
https://openalex.org/W2072616990
https://openalex.org/W2792319300
https://openalex.org/W2886036814
https://openalex.org/W2905479673
https://openalex.org/W1967398233
https://openalex.org/W2122971765
https://openalex.org/W2517794678
https://openalex.org/W2763820062
https://openalex.org/W2773989820
https://openalex.org/W2903580221
https://openalex.org/W2790102851
https://openalex.org/W2266809596
https://openalex.org/W2271950319
https://openalex.org/W2344331792
https://openalex.org/W2886881274
https://openalex.org/W2939636704
https://openalex.org/W2973725965
https://openalex.org/W2910223967
https://openalex.org/W2999902505
https://openalex.org/W3110616016
https://openalex.org/W3011976822
https://openalex.org/W3118163667
https://openalex.org/W3094373909
https://openalex.org/W3132897954
https://openalex.org/W4200468811
https://openalex.org/W4282834500
https://openalex.org/W4220745962
https://openalex.org/W4308510037
https://openalex.org/W4327737697
https://openalex.org/W2020801088
https://openalex.org/W2029944168
https://openalex.org/W2070237284
https://openalex.org/W2018119412
https://openalex.org/W1967520830
https://openalex.org/W2004271101
https://openalex.org/W2007045604
https://openalex.org/W2083001560
https://openalex.org/W2159586320
https://openalex.org/W1969629133
https://openalex.org/W2000993446
https://openalex.org/W2039498643
https://openalex.org/W2080941529
https://openalex.org/W1973616821
https://openalex.org/W1991788097
https://openalex.org/W2055774937
https://openalex.org/W1964843389
https://openalex.org/W2067088459
https://openalex.org/W2104475616
https://openalex.org/W2425621570
https://openalex.org/W1964140375
https://openalex.org/W2029201457
https://openalex.org/W2202821503
https://openalex.org/W2071461795
https://openalex.org/W2151888355
https://openalex.org/W1982150245
https://openalex.org/W2028722814
https://openalex.org/W2085009615
https://openalex.org/W2083439467
https://openalex.org/W1996793675
https://openalex.org/W2043232551
https://openalex.org/W2066717295
https://openalex.org/W2167427674
https://openalex.org/W2114244671
https://openalex.org/W2035145918
https://openalex.org/W2061740933
https://openalex.org/W1995046739
https://openalex.org/W2032201343
https://openalex.org/W1938269168
https://openalex.org/W1976087342
https://openalex.org/W2079321809
https://openalex.org/W2128384327
https://openalex.org/W1549826867
https://openalex.org/W1984771124
https://openalex.org/W2038996000
https://openalex.org/W2148776631
https://openalex.org/W1878682147
https://openalex.org/W1985315571
https://openalex.org/W2005681931
https://openalex.org/W2010005925
https://openalex.org/W2014268090
https://openalex.org/W2029830392
https://openalex.org/W2049782403
https://openalex.org/W2059003669
https://openalex.org/W2104394215
https://openalex.org/W2108187620
https://openalex.org/W1537864580
https://openalex.org/W1972771342
https://openalex.org/W1973646568
https://openalex.org/W2053004118
https://openalex.org/W2086742878
https://openalex.org/W2090391146
https://openalex.org/W2166758792
https://openalex.org/W1993868644
https://openalex.org/W2004769696
https://openalex.org/W2110486643
https://openalex.org/W2052284131
https://openalex.org/W2025743499
https://openalex.org/W2073810387
https://openalex.org/W2565537285
https://openalex.org/W2290912383
https://openalex.org/W2511731003
https://openalex.org/W2536410329
https://openalex.org/W2590106147
https://openalex.org/W2770148026
https://openalex.org/W2811380364
https://openalex.org/W2889825833
https://openalex.org/W2898805804
https://openalex.org/W2460183748
https://openalex.org/W2521577585
https://openalex.org/W2789630892
https://openalex.org/W2802707676
https://openalex.org/W2828364012
https://openalex.org/W2904548749
https://openalex.org/W2947219918
https://openalex.org/W2919021075
https://openalex.org/W3021583256
https://openalex.org/W3117277629
https://openalex.org/W3006404001
https://openalex.org/W3037658292
https://openalex.org/W3080157858
https://openalex.org/W3109825496
https://openalex.org/W3134151437
https://openalex.org/W3090131152
https://openalex.org/W2323621459
https://openalex.org/W2325937124
https://openalex.org/W4200159640
https://openalex.org/W4226353565
https://openalex.org/W4385507866
https://openalex.org/W4386597768
https://openalex.org/W4390331581
https://openalex.org/W4390351531
https://openalex.org/W4390685253
https://openalex.org/W4390707758
https://openalex.org/W4390745261
https://openalex.org/W4390913955
https://openalex.org/W4391132389
https://openalex.org/W4391148495
https://openalex.org/W4391364153
https://openalex.org/W4391489497
https://openalex.org/W4391686598
https://openalex.org/W4391758814
https://openalex.org/W4391885658
https://openalex.org/W4391952304
https://openalex.org/W4391994367
https://openalex.org/W4392239542
https://openalex.org/W4392307151
https://openalex.org/W4392592963
https://openalex.org/W4392642598
https://openalex.org/W4392680483
https://openalex.org/W4392924120
https://openalex.org/W4393029335
https://openalex.org/W4393061386
https://openalex.org/W4393149773
https://openalex.org/W4393508995
https://openalex.org/W4394596737
https://openalex.org/W4394773910
https://openalex.org/W4394783861
https://openalex.org/W4394815736
https://openalex.org/W4394847010
https://openalex.org/W4394998161
https://openalex.org/W4395075945
https://openalex.org/W4396216821
https://openalex.org/W1979729332
https://openalex.org/W1996577766
https://openalex.org/W2000304532
https://openalex.org/W2090894963
https://openalex.org/W1975682396
https://openalex.org/W2034344032
https://openalex.org/W2053208903
https://openalex.org/W2065360541
https://openalex.org/W2171784054
https://openalex.org/W2399454929
https://openalex.org/W2083273034
https://openalex.org/W2086270595
https://openalex.org/W240849275
https://openalex.org/W2019085262
https://openalex.org/W2058626385
https://openalex.org/W2085599034
https://openalex.org/W2109065027
https://openalex.org/W2171601273
https://openalex.org/W2128182242
https://openalex.org/W2025679287
https://openalex.org/W2044480131
https://openalex.org/W2090047472
https://openalex.org/W2051322359
https://openalex.org/W2154143505
https://openalex.org/W2030907673
https://openalex.org/W2122406535
https://openalex.org/W2048225693
https://openalex.org/W2053541805
https://openalex.org/W2077315450
https://openalex.org/W2120139476
https://openalex.org/W2123310719
https://openalex.org/W2124444438
https://openalex.org/W2089076721
https://openalex.org/W2163192663
https://openalex.org/W1789801281
https://openalex.org/W2028077431
https://openalex.org/W2249876665
https://openalex.org/W2051406138
https://openalex.org/W2077710258
https://openalex.org/W2124087078
https://openalex.org/W1991645407
https://openalex.org/W2031656935
https://openalex.org/W2068156005
https://openalex.org/W2141278924
https://openalex.org/W2252602261
https://openalex.org/W1608408207
https://openalex.org/W1494977489
https://openalex.org/W2118549045
https://openalex.org/W2000433537
https://openalex.org/W2021760187
https://openalex.org/W2064386689
https://openalex.org/W2093298937
https://openalex.org/W2163299604
https://openalex.org/W1964762014
https://openalex.org/W2006528631
https://openalex.org/W2076691999
https://openalex.org/W2105055159
https://openalex.org/W2126994529
https://openalex.org/W2139995047
https://openalex.org/W2019520852
https://openalex.org/W2073289070
https://openalex.org/W2079020843
https://openalex.org/W2126455504
https://openalex.org/W2617498394
https://openalex.org/W2179246624
https://openalex.org/W2402877520
https://openalex.org/W2416638556
https://openalex.org/W2439930794
https://openalex.org/W2610163445
https://openalex.org/W2610508087
https://openalex.org/W4235052703
https://openalex.org/W2034490611
https://openalex.org/W2055404417
https://openalex.org/W2074523371
https://openalex.org/W2257086668
https://openalex.org/W2290972925
https://openalex.org/W2779139343
https://openalex.org/W2943531100
https://openalex.org/W2957603280
https://openalex.org/W2343035283
https://openalex.org/W2550540577
https://openalex.org/W2946165384
https://openalex.org/W2950567633
https://openalex.org/W2981450809
https://openalex.org/W3021380655
https://openalex.org/W3025576646
https://openalex.org/W3089537996
https://openalex.org/W3111216268
https://openalex.org/W3116559169
https://openalex.org/W3154839178
https://openalex.org/W3202805056
https://openalex.org/W2178991595
https://openalex.org/W2498979311
https://openalex.org/W4316035234
https://openalex.org/W4322734715
https://openalex.org/W4362458828
https://openalex.org/W4365442755
https://openalex.org/W4378978976
https://openalex.org/W4380344026
https://openalex.org/W2035635686
https://openalex.org/W2049326887
https://openalex.org/W2083031721
https://openalex.org/W4245832996
https://openalex.org/W2053192907
https://openalex.org/W2058473786
https://openalex.org/W2159709053
https://openalex.org/W33069754
https://openalex.org/W4243190327
https://openalex.org/W1988603229
https://openalex.org/W2001730371
https://openalex.org/W2131720418
https://openalex.org/W2013759722
https://openalex.org/W1964914493
https://openalex.org/W2070257857
https://openalex.org/W2164469649
https://openalex.org/W1975442803
https://openalex.org/W1989887175
https://openalex.org/W2021634019
https://openalex.org/W2047142713
https://openalex.org/W2059306232
https://openalex.org/W1982967650
https://openalex.org/W2027572579
https://openalex.org/W2054014807
https://openalex.org/W2092029117
https://openalex.org/W2154128841
https://openalex.org/W2167322560
https://openalex.org/W2227899943
https://openalex.org/W106534291
https://openalex.org/W2015387282
https://openalex.org/W2065593127
https://openalex.org/W2054020174
https://openalex.org/W2100643387
https://openalex.org/W2013042467
https://openalex.org/W2068718813
https://openalex.org/W1979252250
https://openalex.org/W2049417063
https://openalex.org/W2086480856
https://openalex.org/W104387120
https://openalex.org/W2011105099
https://openalex.org/W2993197519
https://openalex.org/W2053748267
https://openalex.org/W2098211832
https://openalex.org/W2113815499
https://openalex.org/W2131348240
https://openalex.org/W2076487481
https://openalex.org/W2083337611
https://openalex.org/W2034615600
https://openalex.org/W2078276052
https://openalex.org/W2087660261
https://openalex.org/W1500570688
https://openalex.org/W1866078022
https://openalex.org/W2004971830
https://openalex.org/W2011176205
https://openalex.org/W2047272655
https://openalex.org/W2057071807
https://openalex.org/W2610818268
https://openalex.org/W2765222856
https://openalex.org/W2788514583
https://openalex.org/W2802381984
https://openalex.org/W2021097558
https://openalex.org/W2103515421
https://openalex.org/W2152781158
https://openalex.org/W2239719122
https://openalex.org/W2509909653
https://openalex.org/W2537309476
https://openalex.org/W2562664829
https://openalex.org/W2803610432
https://openalex.org/W2810639245
https://openalex.org/W2898481212
https://openalex.org/W2257945125
https://openalex.org/W3081839953
https://openalex.org/W3094220954
https://openalex.org/W3042467168
https://openalex.org/W3042746016
https://openalex.org/W3045678157
https://openalex.org/W3115479931
https://openalex.org/W3117480333
https://openalex.org/W3155427780
https://openalex.org/W3209594146
https://openalex.org/W4213061030
https://openalex.org/W4220864330
https://openalex.org/W4220943282
https://openalex.org/W4310957452
https://openalex.org/W1996729911
https://openalex.org/W2042551945
https://openalex.org/W2035633925
https://openalex.org/W1973928388
https://openalex.org/W1974053285
https://openalex.org/W1991525499
https://openalex.org/W1994379637
https://openalex.org/W1671945221
https://openalex.org/W2057201799
https://openalex.org/W1984269713
https://openalex.org/W2023758221
https://openalex.org/W2077112475
https://openalex.org/W2090152888
https://openalex.org/W2267908566
https://openalex.org/W1939626487
https://openalex.org/W2951720927
https://openalex.org/W1988043552
https://openalex.org/W2030216188
https://openalex.org/W2074454003
https://openalex.org/W2071986857
https://openalex.org/W2172843326
https://openalex.org/W2265069953
https://openalex.org/W2095342546
https://openalex.org/W2042326153
https://openalex.org/W1990275958
https://openalex.org/W2203813771
https://openalex.org/W2439604354
https://openalex.org/W2039938453
https://openalex.org/W1969458386
https://openalex.org/W1987970639
https://openalex.org/W2000784265
https://openalex.org/W2009240503
https://openalex.org/W1969972585
https://openalex.org/W2029004581
https://openalex.org/W2036583644
https://openalex.org/W2062507444
https://openalex.org/W2168042158
https://openalex.org/W2480516029
https://openalex.org/W1590654753
https://openalex.org/W1966736763
https://openalex.org/W1967204045
https://openalex.org/W1991012184
https://openalex.org/W2007894352
https://openalex.org/W2013007724
https://openalex.org/W2077933883
https://openalex.org/W2141273955
https://openalex.org/W2164618185
https://openalex.org/W1989162659
https://openalex.org/W2040819638
https://openalex.org/W2043741147
https://openalex.org/W2065486123
https://openalex.org/W2118924162
https://openalex.org/W2476553370
https://openalex.org/W2589077458
https://openalex.org/W2811423711
https://openalex.org/W353824286
https://openalex.org/W1963973664
https://openalex.org/W2050018494
https://openalex.org/W2078401308
https://openalex.org/W2095215959
https://openalex.org/W2190923123
https://openalex.org/W2271444613
https://openalex.org/W2332274207
https://openalex.org/W2565788037
https://openalex.org/W2569536234
https://openalex.org/W2580384207
https://openalex.org/W2726651749
https://openalex.org/W2744601887
https://openalex.org/W2765463675
https://openalex.org/W2767372697
https://openalex.org/W2794054880
https://openalex.org/W2886835025
https://openalex.org/W2887552128
https://openalex.org/W2920550794
https://openalex.org/W2961543547
https://openalex.org/W2969966941
https://openalex.org/W2225405133
https://openalex.org/W2970122810
https://openalex.org/W3104488453
https://openalex.org/W3111126451
https://openalex.org/W3128547252
https://openalex.org/W3178762553
https://openalex.org/W3186307819
https://openalex.org/W3188196845
https://openalex.org/W3193695745
https://openalex.org/W4200510455
https://openalex.org/W4205979653
https://openalex.org/W2314602693
https://openalex.org/W3215832774
https://openalex.org/W4210410148
https://openalex.org/W2481099274
https://openalex.org/W2488891125
https://openalex.org/W2023293505
https://openalex.org/W2060110512
https://openalex.org/W2054666748
https://openalex.org/W2107621660
https://openalex.org/W342335147
https://openalex.org/W2067735422
https://openalex.org/W2130753119
https://openalex.org/W2047982606
https://openalex.org/W2345690427
https://openalex.org/W2905192673
https://openalex.org/W2105673275
https://openalex.org/W1996180142
https://openalex.org/W2060746087
https://openalex.org/W2070516628
https://openalex.org/W2106969530
https://openalex.org/W2117176892
https://openalex.org/W2126516254
https://openalex.org/W2008433440
https://openalex.org/W1991976383
https://openalex.org/W2069613530
https://openalex.org/W2090723356
https://openalex.org/W2003421889
https://openalex.org/W2172777257
https://openalex.org/W2408068013
https://openalex.org/W179027931
https://openalex.org/W1977031774
https://openalex.org/W2299810106
https://openalex.org/W1528829689
https://openalex.org/W2011972837
https://openalex.org/W2041847367
https://openalex.org/W2107116850
https://openalex.org/W2108107124
https://openalex.org/W2135955679
https://openalex.org/W1976528029
https://openalex.org/W1986711411
https://openalex.org/W2052775242
https://openalex.org/W2119784506
https://openalex.org/W2121908512
https://openalex.org/W2092013740
https://openalex.org/W2094207420
https://openalex.org/W2104859469
https://openalex.org/W2117575104
https://openalex.org/W317154814
https://openalex.org/W344985428
https://openalex.org/W1820270496
https://openalex.org/W1998060194
https://openalex.org/W2066115924
https://openalex.org/W2197064082
https://openalex.org/W2233547738
https://openalex.org/W2511695026
https://openalex.org/W2789846545
https://openalex.org/W2794026804
https://openalex.org/W2900629641
https://openalex.org/W2952153542
https://openalex.org/W2972323687
https://openalex.org/W3046117380
https://openalex.org/W2970906433
https://openalex.org/W3007141317
https://openalex.org/W3047938811
https://openalex.org/W3089932479
https://openalex.org/W3110376268
https://openalex.org/W3145173078
https://openalex.org/W3177052321
https://openalex.org/W3186303388
https://openalex.org/W2410594806
https://openalex.org/W2075273542
https://openalex.org/W2278427727
https://openalex.org/W1514207700
https://openalex.org/W2301551415
https://openalex.org/W1985424649
https://openalex.org/W2061698513
https://openalex.org/W2138711981
https://openalex.org/W2006097049
https://openalex.org/W2121726595
https://openalex.org/W2125800061
https://openalex.org/W1986372674
https://openalex.org/W2068268417
https://openalex.org/W2069399057
https://openalex.org/W2088328311
https://openalex.org/W2153266938
https://openalex.org/W2027569438
https://openalex.org/W1844957096
https://openalex.org/W2042024144
https://openalex.org/W2087492055
https://openalex.org/W193329380
https://openalex.org/W2069324690
https://openalex.org/W2044474436
https://openalex.org/W2066892697
https://openalex.org/W1971761771
https://openalex.org/W2007025570
https://openalex.org/W2042506891
https://openalex.org/W2100829594
https://openalex.org/W1450398595
https://openalex.org/W2066059552
https://openalex.org/W2140411932
https://openalex.org/W2168609579
https://openalex.org/W2169387287
https://openalex.org/W2309744591
https://openalex.org/W1974413379
https://openalex.org/W1981501886
https://openalex.org/W2017942757
https://openalex.org/W2038676045
https://openalex.org/W2048222049
https://openalex.org/W2263984917
https://openalex.org/W2594624678
https://openalex.org/W2619666309
https://openalex.org/W2625574496
https://openalex.org/W2900409505
https://openalex.org/W2971864647
https://openalex.org/W1498991978
https://openalex.org/W1807049974
https://openalex.org/W1927540064
https://openalex.org/W1971317760
https://openalex.org/W2019332117
https://openalex.org/W2196794616
https://openalex.org/W2417408668
https://openalex.org/W3009317080
https://openalex.org/W3033968611
https://openalex.org/W3177041210
https://openalex.org/W3199870487
https://openalex.org/W4200041963
https://openalex.org/W4223516173
https://openalex.org/W4297200708
https://openalex.org/W4309287357
https://openalex.org/W4318559629
https://openalex.org/W4320728341
https://openalex.org/W4321460815
https://openalex.org/W4323048479
https://openalex.org/W4366776547
https://openalex.org/W4377087633
https://openalex.org/W4378781966
https://openalex.org/W4379967414
https://openalex.org/W4380576784
https://openalex.org/W4381469573
https://openalex.org/W4384199449
https://openalex.org/W4385541770
https://openalex.org/W4385742192
https://openalex.org/W4386377233
https://openalex.org/W4387398024
https://openalex.org/W4387407264
https://openalex.org/W4388573052
https://openalex.org/W2143686311
https://openalex.org/W4239632923
https://openalex.org/W2093989122
https://openalex.org/W2144618319
https://openalex.org/W1970289315
https://openalex.org/W2024050126
https://openalex.org/W2134885304
https://openalex.org/W345654247
https://openalex.org/W130081253
https://openalex.org/W1983232199
https://openalex.org/W2006596503
https://openalex.org/W2005140869
https://openalex.org/W2058789187
https://openalex.org/W2079382455
https://openalex.org/W1440136847
https://openalex.org/W2065699691
https://openalex.org/W2130302864
https://openalex.org/W1996019515
https://openalex.org/W1998789347
https://openalex.org/W2010125441
https://openalex.org/W2134578887
https://openalex.org/W2164356850
https://openalex.org/W2008866534
https://openalex.org/W2034758240
https://openalex.org/W2092740919
https://openalex.org/W2093677304
https://openalex.org/W241354807
https://openalex.org/W2150624681
https://openalex.org/W2104719586
https://openalex.org/W2109205460
https://openalex.org/W2140875508
https://openalex.org/W2177844971
https://openalex.org/W1975968546
https://openalex.org/W1985193351
https://openalex.org/W1993571859
https://openalex.org/W2100265286
https://openalex.org/W2145414195
https://openalex.org/W1993104148
https://openalex.org/W2050213635
https://openalex.org/W2091851523
https://openalex.org/W2560053893
https://openalex.org/W2569645231
https://openalex.org/W2664147077
https://openalex.org/W2751281456
https://openalex.org/W2754031639
https://openalex.org/W2912277848
https://openalex.org/W2028296329
https://openalex.org/W2566524304
https://openalex.org/W2748006894
https://openalex.org/W2942683079
https://openalex.org/W2973285653
https://openalex.org/W2989547971
https://openalex.org/W2995073290
https://openalex.org/W2327075204
https://openalex.org/W2057744928
https://openalex.org/W2330182315
https://openalex.org/W2760804596
https://openalex.org/W4206744321
https://openalex.org/W1968442410
https://openalex.org/W1988735352
https://openalex.org/W2258417944
https://openalex.org/W4238319703
https://openalex.org/W581550675
https://openalex.org/W1992275447
https://openalex.org/W204069334
https://openalex.org/W2046845894
https://openalex.org/W1601715507
https://openalex.org/W1840183630
https://openalex.org/W1968735622
https://openalex.org/W1973139042
https://openalex.org/W2153415712
https://openalex.org/W192744052
https://openalex.org/W2013208056
https://openalex.org/W2041080182
https://openalex.org/W2157552449
https://openalex.org/W2021710084
https://openalex.org/W2026358935
https://openalex.org/W2038407898
https://openalex.org/W2040396849
https://openalex.org/W25307754
https://openalex.org/W1977786484
https://openalex.org/W1990101347
https://openalex.org/W2094332087
https://openalex.org/W2078454173
https://openalex.org/W1998507692
https://openalex.org/W2019779062
https://openalex.org/W2023462935
https://openalex.org/W2161646724
https://openalex.org/W2070291322
https://openalex.org/W2150410493
https://openalex.org/W292143067
https://openalex.org/W1986491984
https://openalex.org/W1994060776
https://openalex.org/W2053857058
https://openalex.org/W2055248939
https://openalex.org/W2088170866
https://openalex.org/W2106495472
https://openalex.org/W2152890465
https://openalex.org/W2284196698
https://openalex.org/W2783363184
https://openalex.org/W2788597241
https://openalex.org/W1969790797
https://openalex.org/W1999451004
https://openalex.org/W2020040366
https://openalex.org/W2055128113
https://openalex.org/W2056443866
https://openalex.org/W2179836061
https://openalex.org/W2320804982
https://openalex.org/W2321989883
https://openalex.org/W2332801736
https://openalex.org/W2333109753
https://openalex.org/W2344617945
https://openalex.org/W2399644674
https://openalex.org/W2944943792
https://openalex.org/W2990775043
https://openalex.org/W2998845530
https://openalex.org/W3009541884
https://openalex.org/W3027278883
https://openalex.org/W3081715677
https://openalex.org/W3087864369
https://openalex.org/W3089874960
https://openalex.org/W1798071022
https://openalex.org/W2231999356
https://openalex.org/W2257607223
https://openalex.org/W2346448552
https://openalex.org/W2504206256
https://openalex.org/W2507157399
https://openalex.org/W3125367119
https://openalex.org/W3130239881
https://openalex.org/W3185495747
https://openalex.org/W3217021633
https://openalex.org/W2016736962
https://openalex.org/W1997635596
https://openalex.org/W2033744605
https://openalex.org/W2047852045
https://openalex.org/W2049945969
https://openalex.org/W144693756
https://openalex.org/W2103259090
https://openalex.org/W2155620165
https://openalex.org/W3139303494
https://openalex.org/W2041152430
https://openalex.org/W2037389697
https://openalex.org/W2064599068
https://openalex.org/W2408515626
https://openalex.org/W1967119211
https://openalex.org/W1989501456
https://openalex.org/W2118151330
https://openalex.org/W2156883611
https://openalex.org/W2002035714
https://openalex.org/W2042017980
https://openalex.org/W2082695172
https://openalex.org/W2115566274
https://openalex.org/W2120194785
https://openalex.org/W2138541932
https://openalex.org/W2153378524
https://openalex.org/W2315649474
https://openalex.org/W2760892788
https://openalex.org/W2803142539
https://openalex.org/W2885659665
https://openalex.org/W2903034618
https://openalex.org/W106091381
https://openalex.org/W1499335280
https://openalex.org/W1513651119
https://openalex.org/W1567130025
https://openalex.org/W1905368065
https://openalex.org/W2010261829
https://openalex.org/W2038918246
https://openalex.org/W2323775484
https://openalex.org/W2555767841
https://openalex.org/W2607992595
https://openalex.org/W2736109059
https://openalex.org/W2924585880
https://openalex.org/W2925821090
https://openalex.org/W2947906230
https://openalex.org/W2985827412
https://openalex.org/W2991482755
https://openalex.org/W2996047330
https://openalex.org/W2996668469
https://openalex.org/W3090788026
https://openalex.org/W3105069323
https://openalex.org/W3110862297
https://openalex.org/W3133508378
https://openalex.org/W3178458503
https://openalex.org/W2292365153
https://openalex.org/W2316283763
https://openalex.org/W3212202851
https://openalex.org/W4280521985
https://openalex.org/W4285103117
https://openalex.org/W4304187370
https://openalex.org/W4308120707
https://openalex.org/W4308785563
https://openalex.org/W4309606703
https://openalex.org/W4311678310
https://openalex.org/W4312196064
https://openalex.org/W1981037257
https://openalex.org/W2414027420
https://openalex.org/W1987764692
https://openalex.org/W2075633436
https://openalex.org/W1917384646
https://openalex.org/W2490300156
https://openalex.org/W1938596451
https://openalex.org/W2029325904
https://openalex.org/W2097423382
https://openalex.org/W2122179716
https://openalex.org/W33849389
https://openalex.org/W2021800875
https://openalex.org/W2142076565
https://openalex.org/W2083433711
https://openalex.org/W2135598520
https://openalex.org/W1990032098
https://openalex.org/W1994856141
https://openalex.org/W2007737169
https://openalex.org/W2160922272
https://openalex.org/W2772533010
https://openalex.org/W2009695700
https://openalex.org/W2181919316
https://openalex.org/W2902304258
https://openalex.org/W2912296375
https://openalex.org/W1528130615
https://openalex.org/W1624887278
https://openalex.org/W1972128414
https://openalex.org/W2019833191
https://openalex.org/W2039132171
https://openalex.org/W2078273541
https://openalex.org/W2160013368
https://openalex.org/W2270155884
https://openalex.org/W2313615811
https://openalex.org/W2597350032
https://openalex.org/W2766354985
https://openalex.org/W3039641999
https://openalex.org/W3083352008
https://openalex.org/W1984696845
https://openalex.org/W1988332859
https://openalex.org/W2022615358
https://openalex.org/W2085237484
https://openalex.org/W2136331750
https://openalex.org/W48820593
https://openalex.org/W2169006936
https://openalex.org/W1996428766
https://openalex.org/W2094017580
https://openalex.org/W2042581775
https://openalex.org/W2240939444
https://openalex.org/W1996362154
https://openalex.org/W2079528802
https://openalex.org/W2015729333
https://openalex.org/W2030701835
https://openalex.org/W2037842983
https://openalex.org/W2091364856
https://openalex.org/W780753474
https://openalex.org/W1981530195
https://openalex.org/W1985547287
https://openalex.org/W1504200271
https://openalex.org/W1989724873
https://openalex.org/W2006958291
https://openalex.org/W2100806390
https://openalex.org/W2152631832
https://openalex.org/W2372350852
https://openalex.org/W2608907065
https://openalex.org/W1554546997
https://openalex.org/W1639274619
https://openalex.org/W1964011049
https://openalex.org/W1969263757
https://openalex.org/W1984929585
https://openalex.org/W2083784500
https://openalex.org/W2734866490
https://openalex.org/W2784548236
https://openalex.org/W2799889241
https://openalex.org/W2885913652
https://openalex.org/W2891943126
https://openalex.org/W2930329163
https://openalex.org/W2943414868
https://openalex.org/W2946728694
https://openalex.org/W564466380
https://openalex.org/W1526458893
https://openalex.org/W1871510543
https://openalex.org/W1985697308
https://openalex.org/W2300659061
https://openalex.org/W2438403273
https://openalex.org/W2485845414
https://openalex.org/W2516024063
https://openalex.org/W2555825699
https://openalex.org/W3114458003
https://openalex.org/W3128791351
https://openalex.org/W3157426338
https://openalex.org/W3183505518
https://openalex.org/W3186392324
https://openalex.org/W3190921825
https://openalex.org/W3196472737
https://openalex.org/W3199816777
https://openalex.org/W3210929471
https://openalex.org/W4200063596
https://openalex.org/W2103625629
https://openalex.org/W2566367524
https://openalex.org/W617869224
https://openalex.org/W1974801545
https://openalex.org/W2026965963
https://openalex.org/W2033112651
https://openalex.org/W3200772061
https://openalex.org/W60581878
https://openalex.org/W122442573
https://openalex.org/W1965373192
https://openalex.org/W2002431227
https://openalex.org/W2021347845
https://openalex.org/W2026914076
https://openalex.org/W2513748922
https://openalex.org/W1996876175
https://openalex.org/W2002778735
https://openalex.org/W2124960378
https://openalex.org/W2330365264
https://openalex.org/W934740914
https://openalex.org/W163664268
https://openalex.org/W2067746555
https://openalex.org/W2112055408
https://openalex.org/W2185699144
https://openalex.org/W2422807586
https://openalex.org/W2992128627
https://openalex.org/W73290010
https://openalex.org/W2054612875
https://openalex.org/W2072584969
https://openalex.org/W118446441
https://openalex.org/W1963528076
https://openalex.org/W2081965727
https://openalex.org/W2099799651
https://openalex.org/W2242804912
https://openalex.org/W2779959857
https://openalex.org/W1980639054
https://openalex.org/W2013481632
https://openalex.org/W2022674020
https://openalex.org/W2066419855
https://openalex.org/W2068001534
https://openalex.org/W2090058972
https://openalex.org/W2090185056
https://openalex.org/W2313034510
https://openalex.org/W2576879082
https://openalex.org/W2752778036
https://openalex.org/W2786031831
https://openalex.org/W2790613866
https://openalex.org/W2883259075
https://openalex.org/W2890887681
https://openalex.org/W2901544034
https://openalex.org/W2941208253
https://openalex.org/W2969685281
https://openalex.org/W3106371649
https://openalex.org/W3111556612
https://openalex.org/W4251947517
https://openalex.org/W4287777411
https://openalex.org/W1995476951
https://openalex.org/W2006040722
https://openalex.org/W2149246483
https://openalex.org/W2205841092
https://openalex.org/W2286036108
https://openalex.org/W2346176498
https://openalex.org/W2564736532
https://openalex.org/W2565688328
https://openalex.org/W4220849843
https://openalex.org/W4220951497
https://openalex.org/W4221038332
https://openalex.org/W4229021995
https://openalex.org/W4288369689
https://openalex.org/W4297349604
https://openalex.org/W4311472969
https://openalex.org/W1969301042
https://openalex.org/W2015540159
https://openalex.org/W2020359894
https://openalex.org/W2910349428
https://openalex.org/W3184961637
https://openalex.org/W1988553824
https://openalex.org/W1996889587
https://openalex.org/W2474116996
https://openalex.org/W4244159155
https://openalex.org/W1971262663
https://openalex.org/W1992759270
https://openalex.org/W2432122588
https://openalex.org/W2027030367
https://openalex.org/W2044938349
https://openalex.org/W2065675940
https://openalex.org/W2105498453
https://openalex.org/W2523234051
https://openalex.org/W4230499913
https://openalex.org/W1571656641
https://openalex.org/W1585122876
https://openalex.org/W1942734656
https://openalex.org/W1964557213
https://openalex.org/W1988581488
https://openalex.org/W2034363805
https://openalex.org/W2064591275
https://openalex.org/W2090379325
https://openalex.org/W2128977050
https://openalex.org/W2134673030
https://openalex.org/W2471197080
https://openalex.org/W2552323513
https://openalex.org/W1574529394
https://openalex.org/W1581755818
https://openalex.org/W1973002005
https://openalex.org/W1992818893
https://openalex.org/W2015480618
https://openalex.org/W2058616185
https://openalex.org/W2070483811
https://openalex.org/W2118009244
https://openalex.org/W2121273459
https://openalex.org/W2134226439
https://openalex.org/W2154595011
https://openalex.org/W2400559632
https://openalex.org/W4297832605
https://openalex.org/W2018430816
https://openalex.org/W2075359488
https://openalex.org/W2271573160
https://openalex.org/W2495019078
https://openalex.org/W1967415536
https://openalex.org/W1986083905
https://openalex.org/W2083307961
https://openalex.org/W2084126823
https://openalex.org/W2048881955
https://openalex.org/W2152794455
https://openalex.org/W2260812796
https://openalex.org/W2909390297
https://openalex.org/W2037331168
https://openalex.org/W2113706723
https://openalex.org/W2183989083
https://openalex.org/W69823991
https://openalex.org/W1604079162
https://openalex.org/W2055001156
https://openalex.org/W2059362926
https://openalex.org/W2076532150
https://openalex.org/W2121007979
https://openalex.org/W2603049361
https://openalex.org/W2647749821
https://openalex.org/W2739395462
https://openalex.org/W2774013540
https://openalex.org/W2774779857
https://openalex.org/W2799692327
https://openalex.org/W2889635358
https://openalex.org/W2900945669
https://openalex.org/W2919435775
https://openalex.org/W2947843735
https://openalex.org/W2955057174
https://openalex.org/W2983261587
https://openalex.org/W2986685516
https://openalex.org/W2999387396
https://openalex.org/W3046552133
https://openalex.org/W3119844238
https://openalex.org/W3164559984
https://openalex.org/W3198907731
https://openalex.org/W3209924932
https://openalex.org/W3216371762
https://openalex.org/W945652591
https://openalex.org/W2408897752
https://openalex.org/W2511272498
https://openalex.org/W2567648404
https://openalex.org/W2570736152
https://openalex.org/W2914605415
https://openalex.org/W4387874751
https://openalex.org/W4389051124
https://openalex.org/W1001313010
https://openalex.org/W1966037911
https://openalex.org/W2023773617
https://openalex.org/W2072756729
https://openalex.org/W2153672087
https://openalex.org/W2418928429
https://openalex.org/W258930137
https://openalex.org/W4248204947
https://openalex.org/W1970034366
https://openalex.org/W2052683408
https://openalex.org/W2063504148
https://openalex.org/W2084622420
https://openalex.org/W1998405001
https://openalex.org/W2018905236
https://openalex.org/W2022599172
https://openalex.org/W1982584975
https://openalex.org/W2030578092
https://openalex.org/W2065585902
https://openalex.org/W2148445317
https://openalex.org/W2155072451
https://openalex.org/W2409407723
https://openalex.org/W1968487871
https://openalex.org/W2074159801
https://openalex.org/W2104355761
https://openalex.org/W2133556399
https://openalex.org/W2152183057
https://openalex.org/W127880434
https://openalex.org/W1519607140
https://openalex.org/W1780225870
https://openalex.org/W179659810
https://openalex.org/W1980202556
https://openalex.org/W1983332308
https://openalex.org/W1989743272
https://openalex.org/W2003929325
https://openalex.org/W2013012816
https://openalex.org/W2035528684
https://openalex.org/W2035540631
https://openalex.org/W2039963379
https://openalex.org/W2044846024
https://openalex.org/W2049424244
https://openalex.org/W2062229908
https://openalex.org/W2065049731
https://openalex.org/W2066834801
https://openalex.org/W2082835820
https://openalex.org/W2154453877
https://openalex.org/W2160573192
https://openalex.org/W2165228604
https://openalex.org/W2277330960
https://openalex.org/W2320058073
https://openalex.org/W2323464754
https://openalex.org/W2334631745
https://openalex.org/W4232478402
https://openalex.org/W608354051
https://openalex.org/W1978072960
https://openalex.org/W2334426562
https://openalex.org/W2294519814
https://openalex.org/W4240825929
https://openalex.org/W4315642120
https://openalex.org/W4318948861
https://openalex.org/W4321366693
https://openalex.org/W4322763859
https://openalex.org/W4323357762
https://openalex.org/W4324292076
https://openalex.org/W4327556298
https://openalex.org/W4327599683
https://openalex.org/W4361210472
https://openalex.org/W4361823120
https://openalex.org/W4361878496
https://openalex.org/W4361878525
https://openalex.org/W4362288174
https://openalex.org/W4362288185
https://openalex.org/W4362288227
https://openalex.org/W4362294591
https://openalex.org/W4362420374
https://openalex.org/W4362420564
https://openalex.org/W4362420916
https://openalex.org/W4362420990
https://openalex.org/W4362424801
https://openalex.org/W4362424955
https://openalex.org/W4362582080
https://openalex.org/W4362633451
https://openalex.org/W4362635807
https://openalex.org/W4365135105
https://openalex.org/W4365460942
https://openalex.org/W4366139860
https://openalex.org/W4366140301
https://openalex.org/W4367301970
https://openalex.org/W4377000756
https://openalex.org/W4377014927
https://openalex.org/W4377078022
https://openalex.org/W4378214405
https://openalex.org/W4382249306
https://openalex.org/W4382459424
https://openalex.org/W4384519629
https://openalex.org/W4385294598
https://openalex.org/W4385297237
https://openalex.org/W4385307532
https://openalex.org/W4385478631
https://openalex.org/W4385564461
https://openalex.org/W4385661437
https://openalex.org/W4385667262
https://openalex.org/W4385669771
https://openalex.org/W4385797747
https://openalex.org/W4386196086
https://openalex.org/W4386294518
https://openalex.org/W4386351907
https://openalex.org/W4386362351
https://openalex.org/W4386487028
https://openalex.org/W4386526621
https://openalex.org/W4386800637
https://openalex.org/W4386833609
https://openalex.org/W4386893563
https://openalex.org/W4387033469
https://openalex.org/W4387418627
https://openalex.org/W4387476729
https://openalex.org/W4387496640
https://openalex.org/W4387496642
https://openalex.org/W4387501887
https://openalex.org/W4387772245
https://openalex.org/W4387782237
https://openalex.org/W4387807547
https://openalex.org/W4387874679
https://openalex.org/W4387880745
https://openalex.org/W4387880817
https://openalex.org/W4387979957
https://openalex.org/W4388101122
https://openalex.org/W4388247272
https://openalex.org/W4388268221
https://openalex.org/W4388656707
https://openalex.org/W4388665805
https://openalex.org/W4388733732
https://openalex.org/W4388938631
https://openalex.org/W4388958968
https://openalex.org/W4389155779
https://openalex.org/W4389506462
https://openalex.org/W4389538376
https://openalex.org/W4389880775
https://openalex.org/W4390682440
https://openalex.org/W4391698914
https://openalex.org/W4392679784
https://openalex.org/W4392723466
https://openalex.org/W4392725196
https://openalex.org/W187439641
https://openalex.org/W1987244186
https://openalex.org/W2021015276
https://openalex.org/W2022782545
https://openalex.org/W2023128764
https://openalex.org/W2090797811
https://openalex.org/W2099756997
https://openalex.org/W2507150375
https://openalex.org/W560156617
https://openalex.org/W62641752
https://openalex.org/W1979966374
https://openalex.org/W2021886963
https://openalex.org/W2051114623
https://openalex.org/W2285147589
https://openalex.org/W2522480320
https://openalex.org/W2727340109
https://openalex.org/W4236315007
https://openalex.org/W1993022262
https://openalex.org/W2012393789
https://openalex.org/W2429955163
https://openalex.org/W1991874474
https://openalex.org/W1230823018
https://openalex.org/W111498974
https://openalex.org/W1665803523
https://openalex.org/W2088367866
https://openalex.org/W2112435299
https://openalex.org/W2254670580
https://openalex.org/W2414560905
https://openalex.org/W2607196277
https://openalex.org/W2726369531
https://openalex.org/W2737715837
https://openalex.org/W2323296285
https://openalex.org/W1574802744
https://openalex.org/W1964382326
https://openalex.org/W2044014739
https://openalex.org/W2047144965
https://openalex.org/W2050302809
https://openalex.org/W2910331913
https://openalex.org/W1997927295
https://openalex.org/W4235150470
https://openalex.org/W1969675081
https://openalex.org/W1506895856
https://openalex.org/W2055405173
https://openalex.org/W2083967548
https://openalex.org/W2121214046
https://openalex.org/W2261902721
https://openalex.org/W2319535195
https://openalex.org/W2416109547
https://openalex.org/W2493810125
https://openalex.org/W2790947459
https://openalex.org/W2802531472
https://openalex.org/W2807845574
https://openalex.org/W2895784749
https://openalex.org/W2921999438
https://openalex.org/W2941578757
https://openalex.org/W2972590834
https://openalex.org/W2977841411
https://openalex.org/W2982345065
https://openalex.org/W2982491364
https://openalex.org/W2990647657
https://openalex.org/W3047976733
https://openalex.org/W3049433894
https://openalex.org/W3110195480
https://openalex.org/W3130973998
https://openalex.org/W3133609113
https://openalex.org/W3173449827
https://openalex.org/W3186921113
https://openalex.org/W3198020750
https://openalex.org/W3201546236
https://openalex.org/W3202253309
https://openalex.org/W4200576406
https://openalex.org/W4213320101
https://openalex.org/W2339121192
https://openalex.org/W2503030373
https://openalex.org/W2565926039
https://openalex.org/W2902731596
https://openalex.org/W2911596770
https://openalex.org/W4221104297
https://openalex.org/W4225265464
https://openalex.org/W4225331215
https://openalex.org/W4286750453
https://openalex.org/W4293081852
https://openalex.org/W4295106616
https://openalex.org/W4309483028
https://openalex.org/W4312818495
https://openalex.org/W4313204081
https://openalex.org/W1973311698
https://openalex.org/W1974820396
https://openalex.org/W2082473010
https://openalex.org/W2127849356
https://openalex.org/W3188886621
https://openalex.org/W4231436122
https://openalex.org/W1964096278
https://openalex.org/W1977598770
https://openalex.org/W2013871166
https://openalex.org/W2037223784
https://openalex.org/W2083678309
https://openalex.org/W2486853873
https://openalex.org/W2489226504
https://openalex.org/W2504511948
https://openalex.org/W789896068
https://openalex.org/W2020133263
https://openalex.org/W2057271373
https://openalex.org/W2410928872
https://openalex.org/W2492161821
https://openalex.org/W2499236025
https://openalex.org/W2023423712
https://openalex.org/W2032254376
https://openalex.org/W2068572401
https://openalex.org/W2384722175
https://openalex.org/W621394102
https://openalex.org/W2247388910
https://openalex.org/W2273948571
https://openalex.org/W1528266578
https://openalex.org/W1578608938
https://openalex.org/W1579805675
https://openalex.org/W1994177675
https://openalex.org/W2008991920
https://openalex.org/W2028729577
https://openalex.org/W2048004160
https://openalex.org/W2067269659
https://openalex.org/W2076353004
https://openalex.org/W2165875108
https://openalex.org/W2169243670
https://openalex.org/W2173265401
https://openalex.org/W2208754762
https://openalex.org/W2275091998
https://openalex.org/W2295940173
https://openalex.org/W2329145465
https://openalex.org/W2329610607
https://openalex.org/W2439902875
https://openalex.org/W2472355890
https://openalex.org/W2476320970
https://openalex.org/W2479367852
https://openalex.org/W2591536720
https://openalex.org/W2608081481
https://openalex.org/W2772453342
https://openalex.org/W3130636357
https://openalex.org/W322430903
https://openalex.org/W4214635206
https://openalex.org/W4238656524
https://openalex.org/W4248884638
https://openalex.org/W56584578
https://openalex.org/W2040694877
https://openalex.org/W5020266
https://openalex.org/W2013305499
https://openalex.org/W2013347480
https://openalex.org/W2048950144
https://openalex.org/W2069911707
https://openalex.org/W2092691687
https://openalex.org/W2418846622
https://openalex.org/W4234145404
https://openalex.org/W1991301154
https://openalex.org/W2008710079
https://openalex.org/W2023013692
https://openalex.org/W1991434366
https://openalex.org/W2080807721
https://openalex.org/W2091229476
https://openalex.org/W2107812666
https://openalex.org/W2110064750
https://openalex.org/W26469943
https://openalex.org/W1535247172
https://openalex.org/W1985853169
https://openalex.org/W1994658616
https://openalex.org/W2028237871
https://openalex.org/W2041448374
https://openalex.org/W2041803569
https://openalex.org/W2054391699
https://openalex.org/W2188474073
https://openalex.org/W2224699939
https://openalex.org/W2275318197
https://openalex.org/W2416465638
https://openalex.org/W2592547482
https://openalex.org/W2612434908
https://openalex.org/W2740177935
https://openalex.org/W2796760884
https://openalex.org/W2910967477
https://openalex.org/W2981455874
https://openalex.org/W2985665492
https://openalex.org/W3021032486
https://openalex.org/W4389019435
https://openalex.org/W577640207
https://openalex.org/W1978742857
https://openalex.org/W2082815626
https://openalex.org/W2259906532
https://openalex.org/W2411411438
https://openalex.org/W2586565924
https://openalex.org/W1602155790
https://openalex.org/W168639838
https://openalex.org/W1984724497
https://openalex.org/W2004013154
https://openalex.org/W2150483721
https://openalex.org/W2487497214
https://openalex.org/W375116807
https://openalex.org/W1505338002
https://openalex.org/W190525552
https://openalex.org/W1994273724
https://openalex.org/W2098339193
https://openalex.org/W2106785878
https://openalex.org/W2354841118
https://openalex.org/W2752632989
https://openalex.org/W2796327347
https://openalex.org/W2799366060
https://openalex.org/W2886455932
https://openalex.org/W2889783883
https://openalex.org/W2901494858
https://openalex.org/W2950399024
https://openalex.org/W3145291316
https://openalex.org/W4301502944
https://openalex.org/W2056310645
https://openalex.org/W2553249920
https://openalex.org/W255354451
https://openalex.org/W2588141069
https://openalex.org/W4249262722
https://openalex.org/W121035634
https://openalex.org/W2041715396
https://openalex.org/W2027852495
https://openalex.org/W2323144192
https://openalex.org/W2419574446
https://openalex.org/W2599961036
https://openalex.org/W4236493037
https://openalex.org/W1531454203
https://openalex.org/W1983140335
https://openalex.org/W2077873367
https://openalex.org/W2136631003
https://openalex.org/W2168668534
https://openalex.org/W2889905500
https://openalex.org/W2965473471
https://openalex.org/W2975273922
https://openalex.org/W2988276777
https://openalex.org/W2990418826
https://openalex.org/W2998802825
https://openalex.org/W3007315361
https://openalex.org/W3010859836
https://openalex.org/W3016795510
https://openalex.org/W3034846264
https://openalex.org/W3034875872
https://openalex.org/W3094073066
https://openalex.org/W3199589156
https://openalex.org/W4232678639
https://openalex.org/W4239625163
https://openalex.org/W4251761092
https://openalex.org/W2566373808
https://openalex.org/W1984676295
https://openalex.org/W2044544388
https://openalex.org/W2061991337
https://openalex.org/W2136542644
https://openalex.org/W2359926130
https://openalex.org/W2909518564
https://openalex.org/W1998898095
https://openalex.org/W2007247547
https://openalex.org/W2382212950
https://openalex.org/W4234069674
https://openalex.org/W4239431061
https://openalex.org/W1484090318
https://openalex.org/W2001634438
https://openalex.org/W2033734420
https://openalex.org/W2046736473
https://openalex.org/W2059662650
https://openalex.org/W2072265967
https://openalex.org/W2087287893
https://openalex.org/W2088182229
https://openalex.org/W2169028357
https://openalex.org/W2409400922
https://openalex.org/W3119723343
https://openalex.org/W3123302336
https://openalex.org/W3173934743
https://openalex.org/W3183966960
https://openalex.org/W3199791830
https://openalex.org/W3200416025
https://openalex.org/W3216645950
https://openalex.org/W4200289624
https://openalex.org/W2335578008
https://openalex.org/W2342787624
https://openalex.org/W3122899654
https://openalex.org/W1797249
https://openalex.org/W2049053079
https://openalex.org/W2125858642
https://openalex.org/W2137429070
https://openalex.org/W2160836682
https://openalex.org/W240590343
https://openalex.org/W2423366961
https://openalex.org/W4210753067
https://openalex.org/W1728548078
https://openalex.org/W2026659484
https://openalex.org/W2051781883
https://openalex.org/W2007048894
https://openalex.org/W2057138032
https://openalex.org/W2093776350
https://openalex.org/W2129153088
https://openalex.org/W2409104575
https://openalex.org/W2890843730
https://openalex.org/W658887843
https://openalex.org/W67616395
https://openalex.org/W2324325251
https://openalex.org/W2324475533
https://openalex.org/W1965687292
https://openalex.org/W1972834775
https://openalex.org/W1978852663
https://openalex.org/W2030528039
https://openalex.org/W2074912088
https://openalex.org/W4230165444
https://openalex.org/W1502603605
https://openalex.org/W2307735439
https://openalex.org/W4298240572
https://openalex.org/W1419736341
https://openalex.org/W1484852881
https://openalex.org/W157160977
https://openalex.org/W1603783352
https://openalex.org/W1774918060
https://openalex.org/W1908171858
https://openalex.org/W1915850316
https://openalex.org/W1964004056
https://openalex.org/W1972507856
https://openalex.org/W1985725147
https://openalex.org/W1993293401
https://openalex.org/W1993721329
https://openalex.org/W2007588075
https://openalex.org/W2015347775
https://openalex.org/W2045032804
https://openalex.org/W2090042468
https://openalex.org/W2112906443
https://openalex.org/W2139989888
https://openalex.org/W2142640447
https://openalex.org/W2168466860
https://openalex.org/W2198604491
https://openalex.org/W2225369095
https://openalex.org/W2230365577
https://openalex.org/W2270281255
https://openalex.org/W2272168450
https://openalex.org/W2272499216
https://openalex.org/W2274558713
https://openalex.org/W2276783542
https://openalex.org/W2290277436
https://openalex.org/W2291718473
https://openalex.org/W2297874732
https://openalex.org/W2298146192
https://openalex.org/W2299840178
https://openalex.org/W2320059502
https://openalex.org/W2321459557
https://openalex.org/W2338347456
https://openalex.org/W2339340070
https://openalex.org/W2340194468
https://openalex.org/W2341063208
https://openalex.org/W2341102397
https://openalex.org/W2342842744
https://openalex.org/W2343508702
https://openalex.org/W2343914630
https://openalex.org/W2344271714
https://openalex.org/W2344449256
https://openalex.org/W2344837517
https://openalex.org/W2345031016
https://openalex.org/W2345063511
https://openalex.org/W2348404021
https://openalex.org/W2395348032
https://openalex.org/W2396678655
https://openalex.org/W2397175266
https://openalex.org/W2408822550
https://openalex.org/W2409806703
https://openalex.org/W2413798093
https://openalex.org/W2417835368
https://openalex.org/W2421708770
https://openalex.org/W2424669715
https://openalex.org/W2427052982
https://openalex.org/W2428571756
https://openalex.org/W2428764277
https://openalex.org/W2429583617
https://openalex.org/W2434068521
https://openalex.org/W2443225887
https://openalex.org/W2460705435
https://openalex.org/W2461709120
https://openalex.org/W2467657691
https://openalex.org/W2469416479
https://openalex.org/W2470143431
https://openalex.org/W2472855696
https://openalex.org/W2472935200
https://openalex.org/W2473457904
https://openalex.org/W2479721796
https://openalex.org/W2486752656
https://openalex.org/W2515022193
https://openalex.org/W2516492722
https://openalex.org/W2518171584
https://openalex.org/W2523433011
https://openalex.org/W2523995189
https://openalex.org/W2524166455
https://openalex.org/W2525269276
https://openalex.org/W2530767062
https://openalex.org/W2532015195
https://openalex.org/W2549810981
https://openalex.org/W2556046705
https://openalex.org/W2557605529
https://openalex.org/W2563801126
https://openalex.org/W2565645991
https://openalex.org/W2585541485
https://openalex.org/W2588278233
https://openalex.org/W2588632677
https://openalex.org/W2591414511
https://openalex.org/W2594735806
https://openalex.org/W2596866470
https://openalex.org/W2607404450
https://openalex.org/W2611647846
https://openalex.org/W2729223872
https://openalex.org/W2730364789
https://openalex.org/W2741365238
https://openalex.org/W2744513815
https://openalex.org/W2745502473
https://openalex.org/W2747449384
https://openalex.org/W2747454485
https://openalex.org/W2748277825
https://openalex.org/W2748401792
https://openalex.org/W2750176511
https://openalex.org/W2753320467
https://openalex.org/W2770098550
https://openalex.org/W2773131397
https://openalex.org/W2774189489
https://openalex.org/W2786009623
https://openalex.org/W2788416848
https://openalex.org/W2808874018
https://openalex.org/W2908573168
https://openalex.org/W2908664763
https://openalex.org/W2908782082
https://openalex.org/W2908961378
https://openalex.org/W2909112781
https://openalex.org/W2909563021
https://openalex.org/W2909916833
https://openalex.org/W2910387851
https://openalex.org/W2910862501
https://openalex.org/W2911726334
https://openalex.org/W2912361719
https://openalex.org/W2915378150
https://openalex.org/W2915850074
https://openalex.org/W2915981762
https://openalex.org/W2916441894
https://openalex.org/W2917822390
https://openalex.org/W2918042926
https://openalex.org/W2918235179
https://openalex.org/W2918886778
https://openalex.org/W2919999761
https://openalex.org/W2920564160
https://openalex.org/W2921335283
https://openalex.org/W2921376546
https://openalex.org/W2921570951
https://openalex.org/W2922345877
https://openalex.org/W2924702600
https://openalex.org/W2925271042
https://openalex.org/W2927093396
https://openalex.org/W2936302777
https://openalex.org/W2938712786
https://openalex.org/W2946363196
https://openalex.org/W2952917757
https://openalex.org/W2973521661
https://openalex.org/W2975133097
https://openalex.org/W3007389028
https://openalex.org/W3029587081
https://openalex.org/W3031545203
https://openalex.org/W3032493583
https://openalex.org/W3032530589
https://openalex.org/W3100864174
https://openalex.org/W3142168117
https://openalex.org/W3145533796
https://openalex.org/W3200415317
https://openalex.org/W338711342
https://openalex.org/W363423002
https://openalex.org/W4237188989
https://openalex.org/W4237216050
https://openalex.org/W4237981595
https://openalex.org/W4240516524
https://openalex.org/W4250329327
https://openalex.org/W4394125800
https://openalex.org/W4394141365
https://openalex.org/W4394167110
https://openalex.org/W4394196750
https://openalex.org/W4394226784
https://openalex.org/W4394237606
https://openalex.org/W4394245264
https://openalex.org/W4394262269
https://openalex.org/W4394296190
https://openalex.org/W4394327871
https://openalex.org/W4394351189
https://openalex.org/W4394356356
https://openalex.org/W4394366383
https://openalex.org/W4394374414
https://openalex.org/W4394380933
https://openalex.org/W4394435482
https://openalex.org/W4394455960
https://openalex.org/W4394491785
https://openalex.org/W4394510304
https://openalex.org/W4394550451
https://openalex.org/W4394553616
https://openalex.org/W4394555641
https://openalex.org/W4394562878
https://openalex.org/W648655671
https://openalex.org/W808002441
https://openalex.org/W82760619
https://openalex.org/W1504055485
https://openalex.org/W2001451426
https://openalex.org/W2049151053
https://openalex.org/W2399098226
https://openalex.org/W2411289130
https://openalex.org/W2412776014
https://openalex.org/W2417637652
https://openalex.org/W2420525279
https://openalex.org/W2462940588
https://openalex.org/W2908979057
https://openalex.org/W2910599157
https://openalex.org/W829039899
https://openalex.org/W2056482638
https://openalex.org/W2085664247
https://openalex.org/W2092800789
https://openalex.org/W2267827174
https://openalex.org/W3143533802
https://openalex.org/W4243170782
https://openalex.org/W1000604065
https://openalex.org/W1010937973
https://openalex.org/W1035811605
https://openalex.org/W10769089
https://openalex.org/W1135925919
https://openalex.org/W1143766333
https://openalex.org/W1149379639
https://openalex.org/W1167474103
https://openalex.org/W1203262332
https://openalex.org/W1209065436
https://openalex.org/W1238937989
https://openalex.org/W132691270
https://openalex.org/W1512816488
https://openalex.org/W1514591785
https://openalex.org/W1519819806
https://openalex.org/W1523653243
https://openalex.org/W1527847379
https://openalex.org/W1530352398
https://openalex.org/W1530792189
https://openalex.org/W155244234
https://openalex.org/W1594451193
https://openalex.org/W1613012653
https://openalex.org/W173184224
https://openalex.org/W1778753121
https://openalex.org/W1807908949
https://openalex.org/W181845755
https://openalex.org/W192437970
https://openalex.org/W1984735271
https://openalex.org/W1990260536
https://openalex.org/W2004103833
https://openalex.org/W2015656127
https://openalex.org/W2023303876
https://openalex.org/W2027045726
https://openalex.org/W2049836929
https://openalex.org/W2051454950
https://openalex.org/W2054051842
https://openalex.org/W2075584322
https://openalex.org/W208526874
https://openalex.org/W2091311332
https://openalex.org/W2094230464
https://openalex.org/W2096443371
https://openalex.org/W2105814130
https://openalex.org/W2117810982
https://openalex.org/W2120691706
https://openalex.org/W2136072598
https://openalex.org/W2145491541
https://openalex.org/W2151213183
https://openalex.org/W2185667108
https://openalex.org/W2197115025
https://openalex.org/W2213888902
https://openalex.org/W2223575876
https://openalex.org/W2285218589
https://openalex.org/W2313575307
https://openalex.org/W2315914310
https://openalex.org/W2315974326
https://openalex.org/W2320640730
https://openalex.org/W2330980442
https://openalex.org/W2331625324
https://openalex.org/W2333559753
https://openalex.org/W2335357695
https://openalex.org/W2349899614
https://openalex.org/W2365260205
https://openalex.org/W2391552896
https://openalex.org/W2405228078
https://openalex.org/W2409870496
https://openalex.org/W2410505185
https://openalex.org/W2413489251
https://openalex.org/W2414713327
https://openalex.org/W2438610309
https://openalex.org/W2474209607
https://openalex.org/W2496060815
https://openalex.org/W2507243438
https://openalex.org/W2507674355
https://openalex.org/W2511801469
https://openalex.org/W2519255029
https://openalex.org/W2519497368
https://openalex.org/W2522912781
https://openalex.org/W2523418646
https://openalex.org/W2528819044
https://openalex.org/W2529082217
https://openalex.org/W2566424162
https://openalex.org/W2567159161
https://openalex.org/W2595773389
https://openalex.org/W2607051130
https://openalex.org/W2620939191
https://openalex.org/W2752031246
https://openalex.org/W2754451590
https://openalex.org/W2899906953
https://openalex.org/W2906623965
https://openalex.org/W2911017282
https://openalex.org/W2918094203
https://openalex.org/W2977960887
https://openalex.org/W2989948152
https://openalex.org/W2991883025
https://openalex.org/W2991962459
https://openalex.org/W3029315841
https://openalex.org/W3030273452
https://openalex.org/W3121278284
https://openalex.org/W3138233218
https://openalex.org/W3144311556
https://openalex.org/W3183375210
https://openalex.org/W3188792954
https://openalex.org/W329789455
https://openalex.org/W339931304
https://openalex.org/W396472562
https://openalex.org/W4238696951
https://openalex.org/W4240332056
https://openalex.org/W4243865243
https://openalex.org/W4247476610
https://openalex.org/W4252593234
https://openalex.org/W4253665206
https://openalex.org/W4306148538
https://openalex.org/W4395522747
https://openalex.org/W568231520
https://openalex.org/W570653968
https://openalex.org/W577617838
https://openalex.org/W585551360
https://openalex.org/W594850318
https://openalex.org/W595411107
https://openalex.org/W615148830
https://openalex.org/W642095831
https://openalex.org/W70811566
https://openalex.org/W72576696
https://openalex.org/W76351545
https://openalex.org/W771945241
https://openalex.org/W788849820
https://openalex.org/W941848191
https://openalex.org/W950294848
https://openalex.org/W952269652
https://openalex.org/W95483146
https://openalex.org/W960994106
https://openalex.org/W961022586
https://openalex.org/W971090948
https://openalex.org/W974063989
https://openalex.org/W984673679
https://openalex.org/W1963615796
https://openalex.org/W2083924465
https://openalex.org/W2115464975
https://openalex.org/W2981987951
https://openalex.org/W1997262152
https://openalex.org/W2106491980
https://openalex.org/W264048995
https://openalex.org/W4239957875
https://openalex.org/W1171352232
https://openalex.org/W15665789
https://openalex.org/W1588005116
https://openalex.org/W1594124335
https://openalex.org/W1994453313
https://openalex.org/W1999914347
https://openalex.org/W2006630179
https://openalex.org/W2011275061
https://openalex.org/W201372371
https://openalex.org/W2014518453
https://openalex.org/W2019003775
https://openalex.org/W2334959305
https://openalex.org/W2335823751
https://openalex.org/W2383498935
https://openalex.org/W2399499629
https://openalex.org/W2402278601
https://openalex.org/W2410662531
https://openalex.org/W2425759195
https://openalex.org/W2511739042
https://openalex.org/W2593233876
https://openalex.org/W2624700966
https://openalex.org/W2735611893
https://openalex.org/W2736812981
https://openalex.org/W2747614170
https://openalex.org/W2749583956
https://openalex.org/W2751973256
https://openalex.org/W2769280146
https://openalex.org/W2782486875
https://openalex.org/W2789121993
https://openalex.org/W2800332050
https://openalex.org/W2801678039
https://openalex.org/W2809804126
https://openalex.org/W2890404472
https://openalex.org/W2897717310
https://openalex.org/W2908958799
https://openalex.org/W2912094477
https://openalex.org/W2914144819
https://openalex.org/W2918284320
https://openalex.org/W2968289431
https://openalex.org/W2977955204
https://openalex.org/W2992839878
https://openalex.org/W3000595998
https://openalex.org/W3006578328
https://openalex.org/W3025798451
https://openalex.org/W3029778326
https://openalex.org/W3030907481
https://openalex.org/W3031535110
https://openalex.org/W3032226900
https://openalex.org/W3032323896
https://openalex.org/W3092574472
https://openalex.org/W3095370888
https://openalex.org/W3207633272
https://openalex.org/W4240556885
https://openalex.org/W4245073249
https://openalex.org/W4248556066
https://openalex.org/W4253725604
https://openalex.org/W4254479288
https://openalex.org/W601764255
https://openalex.org/W640755863
https://openalex.org/W134163124
https://openalex.org/W2146725134
https://openalex.org/W2412148846
https://openalex.org/W2466118103
https://openalex.org/W990247230
https://openalex.org/W101731868
https://openalex.org/W115001623
https://openalex.org/W120274036
https://openalex.org/W1588396892
https://openalex.org/W1661259652
https://openalex.org/W1715824550
https://openalex.org/W1846866892
https://openalex.org/W1979232874
https://openalex.org/W2007469764
https://openalex.org/W2021213626
https://openalex.org/W2041132545
https://openalex.org/W2045404109
https://openalex.org/W2055654056
https://openalex.org/W2062251767
https://openalex.org/W2081188658
https://openalex.org/W2162141546
https://openalex.org/W2184465165
https://openalex.org/W2186985941
https://openalex.org/W2233834088
https://openalex.org/W2242733768
https://openalex.org/W2243906152
https://openalex.org/W2252302593
https://openalex.org/W2252960426
https://openalex.org/W2270143051
https://openalex.org/W2279930122
https://openalex.org/W2280374967
https://openalex.org/W2297775163
https://openalex.org/W2298701393
https://openalex.org/W2347932627
https://openalex.org/W2362676766
https://openalex.org/W2365340237
https://openalex.org/W2406500495
https://openalex.org/W2413276003
https://openalex.org/W2486593224
https://openalex.org/W2740130126
https://openalex.org/W3208841686
https://openalex.org/W4200271961
https://openalex.org/W4210764258
https://openalex.org/W4214485784
https://openalex.org/W4214500772
https://openalex.org/W4220789722
https://openalex.org/W4223505332
https://openalex.org/W4225005280
https://openalex.org/W4225691136
https://openalex.org/W4243293996
https://openalex.org/W4245602109
https://openalex.org/W4250760885
https://openalex.org/W4281759325
https://openalex.org/W4282835971
https://openalex.org/W4283801891
https://openalex.org/W4285141748
https://openalex.org/W4285490018
https://openalex.org/W4285679053
https://openalex.org/W4288064603
https://openalex.org/W4296598415
https://openalex.org/W4296843965
https://openalex.org/W4296844511
https://openalex.org/W4296850255
https://openalex.org/W4303649380
https://openalex.org/W4304182949
https://openalex.org/W4308198788
https://openalex.org/W4310776176
https://openalex.org/W4311473223
https://openalex.org/W4311660305
https://openalex.org/W4313062151
https://openalex.org/W4319980449
https://openalex.org/W4394278659
https://openalex.org/W4394425455
https://openalex.org/W4394507511
https://openalex.org/W90021661
https://openalex.org/W2033415554
https://openalex.org/W2110751513
https://openalex.org/W2346928379
https://openalex.org/W2398132521
https://openalex.org/W2398666627
https://openalex.org/W2401066453
https://openalex.org/W2467711968
https://openalex.org/W3212399621
https://openalex.org/W410564715
https://openalex.org/W4244861829
https://openalex.org/W4247116770
https://openalex.org/W120712872
https://openalex.org/W190037259
https://openalex.org/W1966544652
https://openalex.org/W1990809309
https://openalex.org/W1999333417
https://openalex.org/W2023391973
https://openalex.org/W2049941560
https://openalex.org/W2058565305
https://openalex.org/W207264085
https://openalex.org/W2230437597
https://openalex.org/W2242169786
https://openalex.org/W22663779
https://openalex.org/W2276500774
https://openalex.org/W2281128528
https://openalex.org/W2290693086
https://openalex.org/W2319293535
https://openalex.org/W2349511745
https://openalex.org/W2367739016
https://openalex.org/W2382006540
https://openalex.org/W2385550511
https://openalex.org/W2417454315
https://openalex.org/W2417454975
https://openalex.org/W2418231973
https://openalex.org/W2439828701
https://openalex.org/W2495840822
https://openalex.org/W2726890629
https://openalex.org/W2778238478
https://openalex.org/W2781674856
https://openalex.org/W2783461930
https://openalex.org/W2799451009
https://openalex.org/W2800058535
https://openalex.org/W2806350465
https://openalex.org/W2806635073
https://openalex.org/W2807335751
https://openalex.org/W2885264757
https://openalex.org/W2885481296
https://openalex.org/W2888442426
https://openalex.org/W2893841969
https://openalex.org/W2895973906
https://openalex.org/W2898419467
https://openalex.org/W2898474231
https://openalex.org/W2908117913
https://openalex.org/W2911533201
https://openalex.org/W2911937883
https://openalex.org/W2914811209
https://openalex.org/W2914883706
https://openalex.org/W2922820758
https://openalex.org/W2923009874
https://openalex.org/W2923963090
https://openalex.org/W2924138317
https://openalex.org/W2924166365
https://openalex.org/W2924320775
https://openalex.org/W2924780053
https://openalex.org/W2925289154
https://openalex.org/W2929976749
https://openalex.org/W2933476311
https://openalex.org/W2939563122
https://openalex.org/W2942052913
https://openalex.org/W2943073947
https://openalex.org/W2949100762
https://openalex.org/W2949490284
https://openalex.org/W2964763886
https://openalex.org/W2966438541
https://openalex.org/W2966688462
https://openalex.org/W2972358759
https://openalex.org/W2972822086
https://openalex.org/W2975376521
https://openalex.org/W2975539464
https://openalex.org/W2977216424
https://openalex.org/W2977292987
https://openalex.org/W2977434525
https://openalex.org/W2980865234
https://openalex.org/W2984160298
https://openalex.org/W2984651834
https://openalex.org/W2989920143
https://openalex.org/W2991403017
https://openalex.org/W2996164791
https://openalex.org/W2997839614
https://openalex.org/W2998483999
https://openalex.org/W3005301834
https://openalex.org/W3025144591
https://openalex.org/W3026180416
https://openalex.org/W3026270211
https://openalex.org/W3026823633
https://openalex.org/W3027220676
https://openalex.org/W3027422854
https://openalex.org/W3028012941
https://openalex.org/W3029925647
https://openalex.org/W3030308468
https://openalex.org/W3031350521
https://openalex.org/W3031686495
https://openalex.org/W3035992341
https://openalex.org/W3037255382
https://openalex.org/W3082535840
https://openalex.org/W3083170205
https://openalex.org/W3119499178
https://openalex.org/W3169018833
https://openalex.org/W3202845547
https://openalex.org/W4238280360
https://openalex.org/W4243174475
https://openalex.org/W4247192547
https://openalex.org/W4249719418
https://openalex.org/W4394117889
https://openalex.org/W4394163422
https://openalex.org/W4394183957
https://openalex.org/W4394341257
https://openalex.org/W4394399724
https://openalex.org/W4394420008
https://openalex.org/W4394553529
https://openalex.org/W655079927
https://openalex.org/W80094033
https://openalex.org/W87660001
https://openalex.org/W93885484
https://openalex.org/W968725024
https://openalex.org/W1030393688
https://openalex.org/W2004305678
https://openalex.org/W2030453922
https://openalex.org/W2046645588
https://openalex.org/W2080124514
https://openalex.org/W2082259569
https://openalex.org/W2092175313
https://openalex.org/W2097244650
https://openalex.org/W2146970944
https://openalex.org/W2152747133
https://openalex.org/W2338296187
https://openalex.org/W2402295983
https://openalex.org/W2412502695
https://openalex.org/W2414580667
https://openalex.org/W2415274210
https://openalex.org/W2435848223
https://openalex.org/W2804361594
https://openalex.org/W2897397925
https://openalex.org/W2910323615
https://openalex.org/W3201422948
https://openalex.org/W4254153400
https://openalex.org/W641271332
https://openalex.org/W1042826960
https://openalex.org/W1488176618
https://openalex.org/W1543320317
https://openalex.org/W1555963918
https://openalex.org/W1946690515
https://openalex.org/W1972792662
https://openalex.org/W1976759933
https://openalex.org/W1979066682
https://openalex.org/W1999440207
https://openalex.org/W2001718987
https://openalex.org/W203967458
https://openalex.org/W2082123291
https://openalex.org/W2183729951
https://openalex.org/W2247226496
https://openalex.org/W2270449403
https://openalex.org/W2279842672
https://openalex.org/W2385352607
https://openalex.org/W2401863059
https://openalex.org/W2409174508
https://openalex.org/W2417147977
https://openalex.org/W2417761138
https://openalex.org/W2418683723
https://openalex.org/W2418812070
https://openalex.org/W2439421571
https://openalex.org/W2491059915
https://openalex.org/W2577584724
https://openalex.org/W2595948217
https://openalex.org/W2611264928
https://openalex.org/W2758070746
https://openalex.org/W2973050802
https://openalex.org/W3004796532
https://openalex.org/W3009939979
https://openalex.org/W3016626613
https://openalex.org/W3032713293
https://openalex.org/W3034901771
https://openalex.org/W3035376303
https://openalex.org/W3040892317
https://openalex.org/W3042115588
https://openalex.org/W3080943541
https://openalex.org/W3082851721
https://openalex.org/W3086328364
https://openalex.org/W3092540712
https://openalex.org/W3115225156
https://openalex.org/W3120792140
https://openalex.org/W3139987879
https://openalex.org/W3156868874
https://openalex.org/W3161161544
https://openalex.org/W3212045367
https://openalex.org/W4231583571
https://openalex.org/W4231878235
https://openalex.org/W4237329489
https://openalex.org/W4249924187
https://openalex.org/W4254042146
https://openalex.org/W4285658119
https://openalex.org/W4287777435
https://openalex.org/W4288479985
https://openalex.org/W4300479876
https://openalex.org/W4301262490
https://openalex.org/W4302614472
https://openalex.org/W4394101141
https://openalex.org/W4394339092
https://openalex.org/W4394407407
https://openalex.org/W4395583329
https://openalex.org/W605883818
https://openalex.org/W1971101085
https://openalex.org/W2023808316
https://openalex.org/W2104300309
https://openalex.org/W2258360547
https://openalex.org/W2268435777
https://openalex.org/W2290795380
https://openalex.org/W2410413519
https://openalex.org/W4230064017
https://openalex.org/W1522103811
https://openalex.org/W1567560748
https://openalex.org/W1677441636
https://openalex.org/W1829943332
https://openalex.org/W1866765687
https://openalex.org/W1994605552
https://openalex.org/W2021241338
https://openalex.org/W2073649089
https://openalex.org/W2080138169
https://openalex.org/W2081860694
https://openalex.org/W2093081975
https://openalex.org/W2157149867
https://openalex.org/W2230847851
https://openalex.org/W2268543242
https://openalex.org/W2313920439
https://openalex.org/W2347273301
https://openalex.org/W2358891813
https://openalex.org/W2376789120
https://openalex.org/W2396478612
https://openalex.org/W2404216626
https://openalex.org/W2405300883
https://openalex.org/W2409818298
https://openalex.org/W2415629586
https://openalex.org/W2416420619
https://openalex.org/W2500764392
https://openalex.org/W2529602477
https://openalex.org/W2924041109
https://openalex.org/W3003822886
https://openalex.org/W3193304177
https://openalex.org/W3203925965
https://openalex.org/W3208389642
https://openalex.org/W3209469422
https://openalex.org/W4236749150
https://openalex.org/W4246452868
https://openalex.org/W4254984678
https://openalex.org/W4301837960
https://openalex.org/W652299319
https://openalex.org/W654134387
https://openalex.org/W183808798
https://openalex.org/W1983615565
https://openalex.org/W2025154591
https://openalex.org/W2041417490
https://openalex.org/W2061573826
https://openalex.org/W2186515688
https://openalex.org/W2195282062
https://openalex.org/W2240194122
https://openalex.org/W2274856790
https://openalex.org/W2276216757
https://openalex.org/W2343376883
https://openalex.org/W2374211546
https://openalex.org/W2395807189
https://openalex.org/W2400384124
https://openalex.org/W2440587288
https://openalex.org/W2472264434
https://openalex.org/W3127452330
https://openalex.org/W3157255191
https://openalex.org/W3158954166
https://openalex.org/W3162349433
https://openalex.org/W3199641060
https://openalex.org/W3202842784
https://openalex.org/W3203833630
https://openalex.org/W3203968733
https://openalex.org/W3204396072
https://openalex.org/W3204535060
https://openalex.org/W3204668676
https://openalex.org/W3205015090
https://openalex.org/W3206199772
https://openalex.org/W3208747756
https://openalex.org/W3210562714
https://openalex.org/W3210690982
https://openalex.org/W3211304304
https://openalex.org/W3211376946
https://openalex.org/W3212820118
https://openalex.org/W3214037033
https://openalex.org/W3215828043
https://openalex.org/W4200401493
https://openalex.org/W4200560994
https://openalex.org/W4206760522
https://openalex.org/W4225828639
https://openalex.org/W4235408747
https://openalex.org/W4237339864
https://openalex.org/W4250131538
https://openalex.org/W4285509542
https://openalex.org/W4394307427
https://openalex.org/W4394352301
https://openalex.org/W1760294086
https://openalex.org/W1862762058
https://openalex.org/W2055195797
https://openalex.org/W2087708042
https://openalex.org/W2183696955
https://openalex.org/W2223511965
https://openalex.org/W2241910032
https://openalex.org/W2246388256
https://openalex.org/W2279575277
https://openalex.org/W2282734409
https://openalex.org/W2355573833
https://openalex.org/W2415340603
https://openalex.org/W2415729205
https://openalex.org/W2583869540
https://openalex.org/W266630906
https://openalex.org/W2764226102
https://openalex.org/W3109947785
https://openalex.org/W3209872786
https://openalex.org/W3214695639
https://openalex.org/W4238425904
https://openalex.org/W4240365392
https://openalex.org/W1578796936
https://openalex.org/W1993997473
https://openalex.org/W2327734793
https://openalex.org/W2409251765
https://openalex.org/W2412512674
https://openalex.org/W2433692872
https://openalex.org/W2467434800
https://openalex.org/W3033940960
https://openalex.org/W4240004163
https://openalex.org/W1480026913
https://openalex.org/W1978493755
https://openalex.org/W1997273550
https://openalex.org/W2046865676
https://openalex.org/W2053561679
https://openalex.org/W2060364808
https://openalex.org/W2095044652
https://openalex.org/W2324228260
https://openalex.org/W2372163167
https://openalex.org/W2407753159
https://openalex.org/W2410229656
https://openalex.org/W2410317306
https://openalex.org/W2414606255
https://openalex.org/W2415425418
https://openalex.org/W2416834625
https://openalex.org/W2463943585
https://openalex.org/W2475255615
https://openalex.org/W2600329173
https://openalex.org/W2627071656
https://openalex.org/W2949916393
https://openalex.org/W2992854961
https://openalex.org/W3024164573
https://openalex.org/W3042073298
https://openalex.org/W3208494212
https://openalex.org/W4206678710
https://openalex.org/W4232092108
https://openalex.org/W4232843230
https://openalex.org/W4238120631
https://openalex.org/W4239941887
https://openalex.org/W4240211371
https://openalex.org/W4296658972
https://openalex.org/W627722882
https://openalex.org/W97930353
https://openalex.org/W109424145
https://openalex.org/W1427853276
https://openalex.org/W1489375978
https://openalex.org/W1842449702
https://openalex.org/W1901566409
https://openalex.org/W1970828121
https://openalex.org/W1979405761
https://openalex.org/W2001835616
https://openalex.org/W2003738971
https://openalex.org/W2027400915
https://openalex.org/W2057064105
https://openalex.org/W2067436081
https://openalex.org/W2087256269
https://openalex.org/W2094888832
https://openalex.org/W2095473703
https://openalex.org/W2099184456
https://openalex.org/W2115855462
https://openalex.org/W2225052913
https://openalex.org/W2225891765
https://openalex.org/W2242539828
https://openalex.org/W2248505338
https://openalex.org/W2254818077
https://openalex.org/W2287320454
https://openalex.org/W2314829749
https://openalex.org/W2327356986
https://openalex.org/W2332178378
https://openalex.org/W2400548458
https://openalex.org/W2404362950
https://openalex.org/W2413676888
https://openalex.org/W2414225123
https://openalex.org/W2417160703
https://openalex.org/W2460398500
https://openalex.org/W2476954528
https://openalex.org/W2477945698
https://openalex.org/W2493317450
https://openalex.org/W2499352042
https://openalex.org/W2624071796
https://openalex.org/W264858108
https://openalex.org/W2790262753
https://openalex.org/W2791443669
https://openalex.org/W2949369404
https://openalex.org/W2953122483
https://openalex.org/W2990140340
https://openalex.org/W3023567399
https://openalex.org/W3080233496
https://openalex.org/W3080266497
https://openalex.org/W3102189940
https://openalex.org/W3108157342
https://openalex.org/W3208185222
https://openalex.org/W4214574185
https://openalex.org/W4214618853
https://openalex.org/W4239038219
https://openalex.org/W4239463471
https://openalex.org/W4242938230
https://openalex.org/W4247752649
https://openalex.org/W4247852323
https://openalex.org/W76552164
https://openalex.org/W1583154113
https://openalex.org/W1754065976
https://openalex.org/W2007540634
https://openalex.org/W2042459510
https://openalex.org/W2095254221
https://openalex.org/W2229301686
https://openalex.org/W2268946792
https://openalex.org/W2288202209
https://openalex.org/W2294997205
https://openalex.org/W2400078700
https://openalex.org/W2409576320
https://openalex.org/W2413550981
https://openalex.org/W2419039902
https://openalex.org/W2419597213
https://openalex.org/W2441552718
https://openalex.org/W2462379162
https://openalex.org/W2466636277
https://openalex.org/W2577325583
https://openalex.org/W2620655289
https://openalex.org/W2781654519
https://openalex.org/W2949712181
https://openalex.org/W2950799008
https://openalex.org/W2951346135
https://openalex.org/W3021845717
https://openalex.org/W3026428664
https://openalex.org/W4229676309
https://openalex.org/W4230041064
https://openalex.org/W4238240666
https://openalex.org/W4244739032
https://openalex.org/W4246452256
https://openalex.org/W4256260866
https://openalex.org/W1179473562
https://openalex.org/W132272945
https://openalex.org/W1486706012
https://openalex.org/W16169522
https://openalex.org/W181116039
https://openalex.org/W193348672
https://openalex.org/W1965549757
https://openalex.org/W1973669090
https://openalex.org/W1987640976
https://openalex.org/W198860815
https://openalex.org/W1997000466
https://openalex.org/W2003713316
https://openalex.org/W2017937242
https://openalex.org/W2025178567
https://openalex.org/W2040434506
https://openalex.org/W2042501278
https://openalex.org/W2047824754
https://openalex.org/W2069859771
https://openalex.org/W2078836107
https://openalex.org/W2079841069
https://openalex.org/W2088818210
https://openalex.org/W2132889774
https://openalex.org/W2197746742
https://openalex.org/W2216280656
https://openalex.org/W2229121154
https://openalex.org/W2234358396
https://openalex.org/W2253584642
https://openalex.org/W2262954242
https://openalex.org/W2268404213
https://openalex.org/W2271198872
https://openalex.org/W2272167887
https://openalex.org/W2272423601
https://openalex.org/W2293863331
https://openalex.org/W2295810830
https://openalex.org/W2302756594
https://openalex.org/W2304208300
https://openalex.org/W2319366512
https://openalex.org/W2342411673
https://openalex.org/W2362047830
https://openalex.org/W2395182247
https://openalex.org/W2398913720
https://openalex.org/W2402308435
https://openalex.org/W2402524531
https://openalex.org/W2402779144
https://openalex.org/W2403176943
https://openalex.org/W2403204923
https://openalex.org/W2403587256
https://openalex.org/W2405209846
https://openalex.org/W2405232885
https://openalex.org/W2405952036
https://openalex.org/W2407239443
https://openalex.org/W2410110548
https://openalex.org/W2411300227
https://openalex.org/W2411776575
https://openalex.org/W2414804729
https://openalex.org/W2415289537
https://openalex.org/W2416869413
https://openalex.org/W2428733105
https://openalex.org/W2429804178
https://openalex.org/W243157671
https://openalex.org/W2465986284
https://openalex.org/W2472560833
https://openalex.org/W2486230621
https://openalex.org/W2553687260
https://openalex.org/W2622127859
https://openalex.org/W272177377
https://openalex.org/W2727886363
https://openalex.org/W2768259192
https://openalex.org/W2904187939
https://openalex.org/W2917042392
https://openalex.org/W2950336288
https://openalex.org/W2963143213
https://openalex.org/W2981811533
https://openalex.org/W3004046657
https://openalex.org/W3184436993
https://openalex.org/W3184933910
https://openalex.org/W3185301564
https://openalex.org/W3186310159
https://openalex.org/W3187579263
https://openalex.org/W3193778069
https://openalex.org/W3194930252
https://openalex.org/W3197202021
https://openalex.org/W3197340857
https://openalex.org/W3203476788
https://openalex.org/W34292830
https://openalex.org/W34386708
https://openalex.org/W40479907
https://openalex.org/W4205716455
https://openalex.org/W4229821238
https://openalex.org/W4236106567
https://openalex.org/W4236215075
https://openalex.org/W4237241121
https://openalex.org/W4239784056
https://openalex.org/W4242607053
https://openalex.org/W4244650304
https://openalex.org/W4249399750
https://openalex.org/W4255019445
https://openalex.org/W4256064071
https://openalex.org/W45292445
https://openalex.org/W59967288
https://openalex.org/W978603236
https://openalex.org/W2022495797
https://openalex.org/W2748710555
https://openalex.org/W2111867681
https://openalex.org/W2115155255
https://openalex.org/W2088891952
https://openalex.org/W2033415145
https://openalex.org/W2155277441
https://openalex.org/W2066964651
https://openalex.org/W2030621682
https://openalex.org/W1995570137
https://openalex.org/W1571917377
https://openalex.org/W2143616792
https://openalex.org/W2929404193
https://openalex.org/W2066901867
https://openalex.org/W2164772551
https://openalex.org/W2793126529
https://openalex.org/W2114360891
https://openalex.org/W2133123802
https://openalex.org/W1967850467
https://openalex.org/W2008955645
https://openalex.org/W2150345413
https://openalex.org/W2166321551
https://openalex.org/W1963879704
https://openalex.org/W2786718111
https://openalex.org/W2160217328
https://openalex.org/W2025260963
https://openalex.org/W2126633009
https://openalex.org/W2233494104
https://openalex.org/W1983502509
https://openalex.org/W2132490889
https://openalex.org/W2903850738
https://openalex.org/W2042851051
https://openalex.org/W1975711182
https://openalex.org/W2104213999
https://openalex.org/W1911343030
https://openalex.org/W2566775074
https://openalex.org/W1992843088
https://openalex.org/W2078413016
https://openalex.org/W2906664418
https://openalex.org/W2951270532
https://openalex.org/W2753385986
https://openalex.org/W2966903908
https://openalex.org/W3188527509
https://openalex.org/W3190425176
https://openalex.org/W3203904369
https://openalex.org/W2124169580
https://openalex.org/W2092602533
https://openalex.org/W2098455689
https://openalex.org/W2149687185
https://openalex.org/W2032980774
https://openalex.org/W2140487076
https://openalex.org/W2075752480
https://openalex.org/W2097583984
https://openalex.org/W1509129456
https://openalex.org/W2064096335
https://openalex.org/W2157433559
https://openalex.org/W1973021602
https://openalex.org/W1503997891
https://openalex.org/W2083337723
https://openalex.org/W72700671
https://openalex.org/W2147611554
https://openalex.org/W615989175
https://openalex.org/W2000961563
https://openalex.org/W2075404131
https://openalex.org/W2043875007
https://openalex.org/W1481096871
https://openalex.org/W1970443640
https://openalex.org/W2614011679
https://openalex.org/W2167406293
https://openalex.org/W2607579286
https://openalex.org/W2124221877
https://openalex.org/W1977009842
https://openalex.org/W2065656852
https://openalex.org/W2608960550
https://openalex.org/W1971272503
https://openalex.org/W2752989392
https://openalex.org/W2022171915
https://openalex.org/W2185909429
https://openalex.org/W2100357908
https://openalex.org/W2793460409
https://openalex.org/W2890112540
https://openalex.org/W2538848459
https://openalex.org/W2794989023
https://openalex.org/W2077086790
https://openalex.org/W1965797321
https://openalex.org/W2140199276
https://openalex.org/W2091154355
https://openalex.org/W2120966119
https://openalex.org/W2001152824
https://openalex.org/W2156764480
https://openalex.org/W1991832623
https://openalex.org/W2564316601
https://openalex.org/W1983593578
https://openalex.org/W2224763780
https://openalex.org/W2963271572
https://openalex.org/W2439423897
https://openalex.org/W2804520282
https://openalex.org/W570629667
https://openalex.org/W2602395323
https://openalex.org/W3005565772
https://openalex.org/W2607353032
https://openalex.org/W3006054009
https://openalex.org/W3109328121
https://openalex.org/W2791384987
https://openalex.org/W2809801767
https://openalex.org/W2903795157
https://openalex.org/W2793068861
https://openalex.org/W2956321735
https://openalex.org/W3178440498
https://openalex.org/W3135512268
https://openalex.org/W3157594658
https://openalex.org/W3099619767
https://openalex.org/W4200009481
https://openalex.org/W4200031350
https://openalex.org/W4214938523
https://openalex.org/W4281492261
https://openalex.org/W4388825176
https://openalex.org/W4379508700
https://openalex.org/W2169859758
https://openalex.org/W2160607291
https://openalex.org/W2163526788
https://openalex.org/W2166427861
https://openalex.org/W2142928349
https://openalex.org/W2027964002
https://openalex.org/W2147582824
https://openalex.org/W1980591835
https://openalex.org/W2072244878
https://openalex.org/W4243951724
https://openalex.org/W2045243236
https://openalex.org/W1526692496
https://openalex.org/W2015385085
https://openalex.org/W1998311633
https://openalex.org/W2010999668
https://openalex.org/W603800147
https://openalex.org/W1985357069
https://openalex.org/W1503405267
https://openalex.org/W2168947044
https://openalex.org/W2240285941
https://openalex.org/W1536841578
https://openalex.org/W2001947856
https://openalex.org/W2140154244
https://openalex.org/W1977986151
https://openalex.org/W2009454668
https://openalex.org/W2030343912
https://openalex.org/W2125604310
https://openalex.org/W2076050110
https://openalex.org/W2129456233
https://openalex.org/W1969924631
https://openalex.org/W1841526707
https://openalex.org/W2011913171
https://openalex.org/W2029833186
https://openalex.org/W2606882156
https://openalex.org/W2027764945
https://openalex.org/W2119828969
https://openalex.org/W2605681290
https://openalex.org/W2089643323
https://openalex.org/W2963351127
https://openalex.org/W2252564749
https://openalex.org/W2801661484
https://openalex.org/W1893019374
https://openalex.org/W1982643597
https://openalex.org/W2810812851
https://openalex.org/W2910700669
https://openalex.org/W2970884623
https://openalex.org/W2438457922
https://openalex.org/W2557110702
https://openalex.org/W2742814781
https://openalex.org/W2773721653
https://openalex.org/W2803731678
https://openalex.org/W2906521953
https://openalex.org/W2538979117
https://openalex.org/W3083058976
https://openalex.org/W2279779637
https://openalex.org/W2742972332
https://openalex.org/W3014911866
https://openalex.org/W2865680083
https://openalex.org/W2757049753
https://openalex.org/W2991365715
https://openalex.org/W3033316011
https://openalex.org/W3083721863
https://openalex.org/W3046659889
https://openalex.org/W3108356711
https://openalex.org/W3131707701
https://openalex.org/W3161198070
https://openalex.org/W3036035798
https://openalex.org/W2028909969
https://openalex.org/W4293229172
https://openalex.org/W4229018558
https://openalex.org/W4306746333
https://openalex.org/W4220843792
https://openalex.org/W4379390762
https://openalex.org/W4385492756
https://openalex.org/W4324144331
https://openalex.org/W4386409154
https://openalex.org/W4390452772
https://openalex.org/W4391642526
https://openalex.org/W4392349514
https://openalex.org/W4395014818
https://openalex.org/W2013382620
https://openalex.org/W2117689384
https://openalex.org/W1972132555
https://openalex.org/W1752008811
https://openalex.org/W1513614477
https://openalex.org/W2028078559
https://openalex.org/W2047853548
https://openalex.org/W2049726073
https://openalex.org/W2022415408
https://openalex.org/W2029781499
https://openalex.org/W1983300755
https://openalex.org/W2064042294
https://openalex.org/W1535953073
https://openalex.org/W2098043107
https://openalex.org/W1982977098
https://openalex.org/W564656095
https://openalex.org/W1503203225
https://openalex.org/W2011409410
https://openalex.org/W409587782
https://openalex.org/W1517163332
https://openalex.org/W1565022554
https://openalex.org/W2080786983
https://openalex.org/W1846135998
https://openalex.org/W2024845699
https://openalex.org/W2065634561
https://openalex.org/W1987673041
https://openalex.org/W2152939397
https://openalex.org/W1557077901
https://openalex.org/W1979156185
https://openalex.org/W1549778670
https://openalex.org/W2011168271
https://openalex.org/W2095452262
https://openalex.org/W2116555467
https://openalex.org/W1983052193
https://openalex.org/W2010258691
https://openalex.org/W2050613080
https://openalex.org/W2147238304
https://openalex.org/W1985519509
https://openalex.org/W209525079
https://openalex.org/W1950892484
https://openalex.org/W2592761229
https://openalex.org/W2749020828
https://openalex.org/W2285460017
https://openalex.org/W2791435783
https://openalex.org/W2026524383
https://openalex.org/W2790389392
https://openalex.org/W2272840941
https://openalex.org/W2801981526
https://openalex.org/W2561599208
https://openalex.org/W2622479949
https://openalex.org/W2802004721
https://openalex.org/W2897950391
https://openalex.org/W2795053763
https://openalex.org/W2887891948
https://openalex.org/W2991054518
https://openalex.org/W2907576127
https://openalex.org/W2907427259
https://openalex.org/W2019451201
https://openalex.org/W3040365013
https://openalex.org/W2981946481
https://openalex.org/W3041118201
https://openalex.org/W3132222706
https://openalex.org/W3200968346
https://openalex.org/W3163288990
https://openalex.org/W2619710546
https://openalex.org/W3084222331
https://openalex.org/W3160133344
https://openalex.org/W4210550406
https://openalex.org/W4280637326
https://openalex.org/W4289877184
https://openalex.org/W4328048750
https://openalex.org/W4313886305
https://openalex.org/W4318832149
https://openalex.org/W4380992137
https://openalex.org/W1550556638
https://openalex.org/W2049915388
https://openalex.org/W2137850079
https://openalex.org/W2113122754
https://openalex.org/W1993621616
https://openalex.org/W2102938998
https://openalex.org/W1988602850
https://openalex.org/W1980453861
https://openalex.org/W2055757259
https://openalex.org/W2062928139
https://openalex.org/W2134004194
https://openalex.org/W2144085357
https://openalex.org/W1973121335
https://openalex.org/W2005102872
https://openalex.org/W2086003909
https://openalex.org/W2131666116
https://openalex.org/W2140177491
https://openalex.org/W2140505514
https://openalex.org/W1932985842
https://openalex.org/W1984201164
https://openalex.org/W2165134984
https://openalex.org/W2063618745
https://openalex.org/W2101497394
https://openalex.org/W1562192869
https://openalex.org/W2041756668
https://openalex.org/W2147707282
https://openalex.org/W1526181383
https://openalex.org/W2030844880
https://openalex.org/W2070838711
https://openalex.org/W1967526196
https://openalex.org/W2037429401
https://openalex.org/W2101818673
https://openalex.org/W2050952809
https://openalex.org/W2177146256
https://openalex.org/W2327731308
https://openalex.org/W2485462357
https://openalex.org/W2029197879
https://openalex.org/W2536936149
https://openalex.org/W2169559326
https://openalex.org/W2795222006
https://openalex.org/W2561412462
https://openalex.org/W2747718000
https://openalex.org/W2753093921
https://openalex.org/W424427602
https://openalex.org/W2294858745
https://openalex.org/W2765608690
https://openalex.org/W2771695754
https://openalex.org/W2788959706
https://openalex.org/W2898101264
https://openalex.org/W2965705326
https://openalex.org/W2995714008
https://openalex.org/W2317105465
https://openalex.org/W2912268400
https://openalex.org/W2940170258
https://openalex.org/W2010573984
https://openalex.org/W76244526
https://openalex.org/W4223904947
https://openalex.org/W4289877090
https://openalex.org/W4206176304
https://openalex.org/W4283527244
https://openalex.org/W4211155559
https://openalex.org/W4309269720
https://openalex.org/W4313446443
https://openalex.org/W4316041354
https://openalex.org/W4365512068
https://openalex.org/W4384301216
https://openalex.org/W4386305835
https://openalex.org/W4386713137
https://openalex.org/W207118681
https://openalex.org/W2083720922
https://openalex.org/W2169586474
https://openalex.org/W2062426253
https://openalex.org/W1983437772
https://openalex.org/W2079143977
https://openalex.org/W2092391822
https://openalex.org/W2116076614
https://openalex.org/W2163417933
https://openalex.org/W1827795204
https://openalex.org/W2080812633
https://openalex.org/W2090867938
https://openalex.org/W1572790682
https://openalex.org/W2126148571
https://openalex.org/W1989318491
https://openalex.org/W2020884425
https://openalex.org/W2161489605
https://openalex.org/W2083697554
https://openalex.org/W2147284246
https://openalex.org/W2055143691
https://openalex.org/W2067410757
https://openalex.org/W1572242534
https://openalex.org/W2164808158
https://openalex.org/W2527337535
https://openalex.org/W2584886407
https://openalex.org/W2003013589
https://openalex.org/W2398753983
https://openalex.org/W2738458187
https://openalex.org/W2772082826
https://openalex.org/W2090378156
https://openalex.org/W2551330492
https://openalex.org/W2608958721
https://openalex.org/W2751937208
https://openalex.org/W2772734509
https://openalex.org/W2519348344
https://openalex.org/W2794138048
https://openalex.org/W2810253066
https://openalex.org/W2597087115
https://openalex.org/W2726346138
https://openalex.org/W2789460654
https://openalex.org/W2795993482
https://openalex.org/W2889386686
https://openalex.org/W2949658957
https://openalex.org/W2922455173
https://openalex.org/W2966985476
https://openalex.org/W2976800104
https://openalex.org/W3010993893
https://openalex.org/W3019036884
https://openalex.org/W3086425784
https://openalex.org/W3007575093
https://openalex.org/W3029777085
https://openalex.org/W3161042502
https://openalex.org/W3163530705
https://openalex.org/W3121987661
https://openalex.org/W3177456797
https://openalex.org/W3198970595
https://openalex.org/W3016966682
https://openalex.org/W4211050681
https://openalex.org/W4213222268
https://openalex.org/W4224046494
https://openalex.org/W4292263715
https://openalex.org/W2325039879
https://openalex.org/W4323293953
https://openalex.org/W4388904202
https://openalex.org/W2062692973
https://openalex.org/W1534690515
https://openalex.org/W2056528957
https://openalex.org/W2131878673
https://openalex.org/W2170312454
https://openalex.org/W2153277704
https://openalex.org/W2147178954
https://openalex.org/W1972085619
https://openalex.org/W1540974041
https://openalex.org/W2007033259
https://openalex.org/W2075964820
https://openalex.org/W2053489006
https://openalex.org/W2313923840
https://openalex.org/W2028109679
https://openalex.org/W2028970784
https://openalex.org/W2063507020
https://openalex.org/W1806182887
https://openalex.org/W2015374027
https://openalex.org/W2044449534
https://openalex.org/W1996125871
https://openalex.org/W2055585535
https://openalex.org/W2396228689
https://openalex.org/W2001598178
https://openalex.org/W2035003230
https://openalex.org/W1488769651
https://openalex.org/W2055873630
https://openalex.org/W1977279405
https://openalex.org/W2081952821
https://openalex.org/W1884556724
https://openalex.org/W2170414268
https://openalex.org/W2015995342
https://openalex.org/W2013282590
https://openalex.org/W2047143305
https://openalex.org/W2093145265
https://openalex.org/W2556697214
https://openalex.org/W2089264352
https://openalex.org/W2339669697
https://openalex.org/W2517535628
https://openalex.org/W1575712852
https://openalex.org/W2013592060
https://openalex.org/W2563376882
https://openalex.org/W2735271923
https://openalex.org/W2798656447
https://openalex.org/W2552820261
https://openalex.org/W2596068642
https://openalex.org/W2791224813
https://openalex.org/W2890635211
https://openalex.org/W2079253435
https://openalex.org/W2801750117
https://openalex.org/W2964698118
https://openalex.org/W2912907857
https://openalex.org/W2950954773
https://openalex.org/W2992599295
https://openalex.org/W2995093074
https://openalex.org/W2020651841
https://openalex.org/W3017105616
https://openalex.org/W2100280753
https://openalex.org/W3111495659
https://openalex.org/W3157229265
https://openalex.org/W3196221712
https://openalex.org/W3110025248
https://openalex.org/W4250390354
https://openalex.org/W2776879700
https://openalex.org/W4286470555
https://openalex.org/W4303184002
https://openalex.org/W4210445431
https://openalex.org/W4229048266
https://openalex.org/W4281392350
https://openalex.org/W1975991745
https://openalex.org/W4315621307
https://openalex.org/W4318263866
https://openalex.org/W4321374296
https://openalex.org/W4365448803
https://openalex.org/W4365514881
https://openalex.org/W4367049446
https://openalex.org/W4385989078
https://openalex.org/W2035568724
https://openalex.org/W2145694537
https://openalex.org/W2027964756
https://openalex.org/W2082963600
https://openalex.org/W2116858409
https://openalex.org/W2077591028
https://openalex.org/W2034236328
https://openalex.org/W2078739970
https://openalex.org/W2042698502
https://openalex.org/W2493328438
https://openalex.org/W1680445437
https://openalex.org/W2056606546
https://openalex.org/W2040899724
https://openalex.org/W2060272004
https://openalex.org/W2092385611
https://openalex.org/W1975432514
https://openalex.org/W2061367709
https://openalex.org/W2072790287
https://openalex.org/W2040860212
https://openalex.org/W2576735926
https://openalex.org/W2606061395
https://openalex.org/W2773024619
https://openalex.org/W2000535082
https://openalex.org/W2104237550
https://openalex.org/W2350855832
https://openalex.org/W2567340845
https://openalex.org/W2763047959
https://openalex.org/W3022275483
https://openalex.org/W2567967218
https://openalex.org/W2581930322
https://openalex.org/W2900156386
https://openalex.org/W2784601813
https://openalex.org/W2972977884
https://openalex.org/W2900564824
https://openalex.org/W3043428768
https://openalex.org/W3110881411
https://openalex.org/W2332898753
https://openalex.org/W1980229366
https://openalex.org/W4297906915
https://openalex.org/W4389263056
https://openalex.org/W4389688018
https://openalex.org/W4390202208
https://openalex.org/W4390503355
https://openalex.org/W4390697195
https://openalex.org/W4390765402
https://openalex.org/W4390766428
https://openalex.org/W4390946662
https://openalex.org/W4391285734
https://openalex.org/W4391310524
https://openalex.org/W4391430418
https://openalex.org/W4391547432
https://openalex.org/W4391603114
https://openalex.org/W4391614761
https://openalex.org/W4391648146
https://openalex.org/W4391790893
https://openalex.org/W4391928119
https://openalex.org/W4392239002
https://openalex.org/W4392543073
https://openalex.org/W4392563025
https://openalex.org/W4392624375
https://openalex.org/W4392795109
https://openalex.org/W4393005204
https://openalex.org/W4393352585
https://openalex.org/W4393458058
https://openalex.org/W4393657186
https://openalex.org/W4393951069
https://openalex.org/W4394853593
https://openalex.org/W4394883221
https://openalex.org/W4394914488
https://openalex.org/W4394914660
https://openalex.org/W4394954682
https://openalex.org/W4394996155
https://openalex.org/W4396501176
https://openalex.org/W4396503013
https://openalex.org/W4396519721
https://openalex.org/W1986959671
https://openalex.org/W2014134434
https://openalex.org/W1995258789
https://openalex.org/W28555158
https://openalex.org/W2031482185
https://openalex.org/W2062085912
https://openalex.org/W2010556242
https://openalex.org/W2121411120
https://openalex.org/W2167948597
https://openalex.org/W1997710207
https://openalex.org/W2009462525
https://openalex.org/W2069006856
https://openalex.org/W2018297315
https://openalex.org/W14081025
https://openalex.org/W1990628692
https://openalex.org/W2133369932
https://openalex.org/W2005507661
https://openalex.org/W2104227718
https://openalex.org/W2141113918
https://openalex.org/W2099751940
https://openalex.org/W2416655764
https://openalex.org/W1574775008
https://openalex.org/W2031285537
https://openalex.org/W2125206070
https://openalex.org/W1969257928
https://openalex.org/W2063184926
https://openalex.org/W1998369563
https://openalex.org/W2158593151
https://openalex.org/W2069886829
https://openalex.org/W1966454537
https://openalex.org/W1773263203
https://openalex.org/W1998519606
https://openalex.org/W2514216267
https://openalex.org/W2888096719
https://openalex.org/W1939338221
https://openalex.org/W2049883313
https://openalex.org/W2075830987
https://openalex.org/W2529306065
https://openalex.org/W2553250142
https://openalex.org/W2610827931
https://openalex.org/W2614469195
https://openalex.org/W2618525784
https://openalex.org/W2904210454
https://openalex.org/W2967130374
https://openalex.org/W2967206877
https://openalex.org/W2995737176
https://openalex.org/W2907426308
https://openalex.org/W2959202949
https://openalex.org/W2994363650
https://openalex.org/W2807093863
https://openalex.org/W2945032367
https://openalex.org/W2951261511
https://openalex.org/W2957367608
https://openalex.org/W2968254864
https://openalex.org/W3115206273
https://openalex.org/W3185896613
https://openalex.org/W2015692398
https://openalex.org/W4284976646
https://openalex.org/W4321438712
https://openalex.org/W4376134797
https://openalex.org/W4382344884
https://openalex.org/W4385516341
https://openalex.org/W4385707531
https://openalex.org/W4388636301
https://openalex.org/W4389764110
https://openalex.org/W1996564582
https://openalex.org/W2119278298
https://openalex.org/W2118069793
https://openalex.org/W2516944772
https://openalex.org/W2078432352
https://openalex.org/W2062133752
https://openalex.org/W2161032347
https://openalex.org/W2167817195
https://openalex.org/W2054318811
https://openalex.org/W1971980147
https://openalex.org/W2009515357
https://openalex.org/W1985923563
https://openalex.org/W2034392218
https://openalex.org/W1982478318
https://openalex.org/W2031802776
https://openalex.org/W2011622794
https://openalex.org/W2398854202
https://openalex.org/W2069535101
https://openalex.org/W1988353225
https://openalex.org/W2362437301
https://openalex.org/W2136654793
https://openalex.org/W2302235129
https://openalex.org/W2062227110
https://openalex.org/W2110799502
https://openalex.org/W2893157000
https://openalex.org/W2906673038
https://openalex.org/W2346573439
https://openalex.org/W2790990657
https://openalex.org/W2902611270
https://openalex.org/W2950472298
https://openalex.org/W2530493692
https://openalex.org/W2793408117
https://openalex.org/W2898114486
https://openalex.org/W2919373301
https://openalex.org/W2931003500
https://openalex.org/W2954956873
https://openalex.org/W2755610649
https://openalex.org/W2986043234
https://openalex.org/W3013371502
https://openalex.org/W3046258088
https://openalex.org/W3089128537
https://openalex.org/W3097110909
https://openalex.org/W3104091471
https://openalex.org/W3108778155
https://openalex.org/W3183613451
https://openalex.org/W3208715275
https://openalex.org/W2796658944
https://openalex.org/W4205206930
https://openalex.org/W4225904112
https://openalex.org/W4285154368
https://openalex.org/W2986554476
https://openalex.org/W1980079701
https://openalex.org/W2028549597
https://openalex.org/W2025330734
https://openalex.org/W2071373077
https://openalex.org/W1541582807
https://openalex.org/W2029412707
https://openalex.org/W2130355302
https://openalex.org/W1997098110
https://openalex.org/W2090619464
https://openalex.org/W2160627019
https://openalex.org/W2143621178
https://openalex.org/W2030022292
https://openalex.org/W2089782985
https://openalex.org/W2022936247
https://openalex.org/W2045551876
https://openalex.org/W1827965502
https://openalex.org/W2054042108
https://openalex.org/W2581657177
https://openalex.org/W2771777560
https://openalex.org/W1980617130
https://openalex.org/W2525593796
https://openalex.org/W2560417471
https://openalex.org/W2791840966
https://openalex.org/W2864983015
https://openalex.org/W1586581342
https://openalex.org/W2778263369
https://openalex.org/W2986626949
https://openalex.org/W3118411684
https://openalex.org/W3122370457
https://openalex.org/W3198088833
https://openalex.org/W3213546366
https://openalex.org/W4206513783
https://openalex.org/W4206908519
https://openalex.org/W4214875540
https://openalex.org/W4220899375
https://openalex.org/W4288439357
https://openalex.org/W4312194575
https://openalex.org/W797521633
https://openalex.org/W2060874437
https://openalex.org/W2031302536
https://openalex.org/W2028672563
https://openalex.org/W4244084604
https://openalex.org/W2010544005
https://openalex.org/W2085019052
https://openalex.org/W1552714638
https://openalex.org/W1977826459
https://openalex.org/W1967914688
https://openalex.org/W2169719269
https://openalex.org/W1579245994
https://openalex.org/W4240045240
https://openalex.org/W2010402729
https://openalex.org/W2158297675
https://openalex.org/W2154945675
https://openalex.org/W2012427472
https://openalex.org/W2415282988
https://openalex.org/W3203256809
https://openalex.org/W2072014258
https://openalex.org/W2138631481
https://openalex.org/W2189173751
https://openalex.org/W2315723371
https://openalex.org/W2767744425
https://openalex.org/W1896155913
https://openalex.org/W2091675497
https://openalex.org/W2097334716
https://openalex.org/W2557053914
https://openalex.org/W2753036993
https://openalex.org/W2789427524
https://openalex.org/W2804122605
https://openalex.org/W2911200892
https://openalex.org/W2946838363
https://openalex.org/W2995935873
https://openalex.org/W2306582853
https://openalex.org/W3004509702
https://openalex.org/W3024382481
https://openalex.org/W3043692647
https://openalex.org/W3081560402
https://openalex.org/W3094163638
https://openalex.org/W2318024896
https://openalex.org/W3216574256
https://openalex.org/W4248568165
https://openalex.org/W2031332809
https://openalex.org/W2081774910
https://openalex.org/W2081295469
https://openalex.org/W2051011481
https://openalex.org/W2110635979
https://openalex.org/W2408795213
https://openalex.org/W2143895721
https://openalex.org/W2130723579
https://openalex.org/W2088342534
https://openalex.org/W2409561514
https://openalex.org/W1983451982
https://openalex.org/W1992477880
https://openalex.org/W1916150323
https://openalex.org/W2140069986
https://openalex.org/W2772748863
https://openalex.org/W2899410377
https://openalex.org/W2908568928
https://openalex.org/W2947057405
https://openalex.org/W2954711521
https://openalex.org/W2988587326
https://openalex.org/W826441987
https://openalex.org/W1862488265
https://openalex.org/W2011862881
https://openalex.org/W2041556703
https://openalex.org/W2251172105
https://openalex.org/W2407134517
https://openalex.org/W2963071407
https://openalex.org/W135492682
https://openalex.org/W2160816921
https://openalex.org/W3009783816
https://openalex.org/W3036118543
https://openalex.org/W3042613531
https://openalex.org/W3088051071
https://openalex.org/W3097391633
https://openalex.org/W3159370898
https://openalex.org/W3163130618
https://openalex.org/W3164771453
https://openalex.org/W4200565989
https://openalex.org/W2137017213
https://openalex.org/W4250495069
https://openalex.org/W2031467504
https://openalex.org/W3164590948
https://openalex.org/W3213287683
https://openalex.org/W4206826888
https://openalex.org/W4294921393
https://openalex.org/W4307216114
https://openalex.org/W4311211684
https://openalex.org/W290719717
https://openalex.org/W4316039475
https://openalex.org/W4317743326
https://openalex.org/W4318333045
https://openalex.org/W4323810390
https://openalex.org/W4376988287
https://openalex.org/W4380421133
https://openalex.org/W4384925848
https://openalex.org/W4385076493
https://openalex.org/W4385226875
https://openalex.org/W4385257530
https://openalex.org/W4385337407
https://openalex.org/W4386157227
https://openalex.org/W4386641382
https://openalex.org/W4386831131
https://openalex.org/W4387077134
https://openalex.org/W4387892827
https://openalex.org/W4388313945
https://openalex.org/W4388583442
https://openalex.org/W4388942944
https://openalex.org/W2038186953
https://openalex.org/W2112068208
https://openalex.org/W1984332157
https://openalex.org/W2077647795
https://openalex.org/W2193832298
https://openalex.org/W2114120638
https://openalex.org/W2346707970
https://openalex.org/W2090748096
https://openalex.org/W2420693789
https://openalex.org/W2003940605
https://openalex.org/W2116463542
https://openalex.org/W3094869815
https://openalex.org/W1997133355
https://openalex.org/W1988412020
https://openalex.org/W2793028998
https://openalex.org/W2883243015
https://openalex.org/W1840345517
https://openalex.org/W1938730497
https://openalex.org/W2344720053
https://openalex.org/W2942287605
https://openalex.org/W2963450548
https://openalex.org/W2982455051
https://openalex.org/W2991495852
https://openalex.org/W3178325382
https://openalex.org/W2032240241
https://openalex.org/W2054533043
https://openalex.org/W2035616116
https://openalex.org/W2095990645
https://openalex.org/W2055958222
https://openalex.org/W1972959013
https://openalex.org/W1990051178
https://openalex.org/W2441604234
https://openalex.org/W2398225097
https://openalex.org/W1974736761
https://openalex.org/W2045870141
https://openalex.org/W2094843909
https://openalex.org/W55850860
https://openalex.org/W123752702
https://openalex.org/W2166679099
https://openalex.org/W2028735619
https://openalex.org/W2033725235
https://openalex.org/W2109597062
https://openalex.org/W55607501
https://openalex.org/W1602272934
https://openalex.org/W189408388
https://openalex.org/W2023689647
https://openalex.org/W2138165058
https://openalex.org/W2498872054
https://openalex.org/W2592346036
https://openalex.org/W2773003909
https://openalex.org/W2970091105
https://openalex.org/W2976333532
https://openalex.org/W2047443571
https://openalex.org/W2534082639
https://openalex.org/W3138435965
https://openalex.org/W3151347065
https://openalex.org/W3163239666
https://openalex.org/W3209025205
https://openalex.org/W2020712567
https://openalex.org/W4235354521
https://openalex.org/W1997295272
https://openalex.org/W121188589
https://openalex.org/W1244867783
https://openalex.org/W1998996859
https://openalex.org/W2161044679
https://openalex.org/W1198644790
https://openalex.org/W2319820272
https://openalex.org/W1967533988
https://openalex.org/W1985200976
https://openalex.org/W1990777291
https://openalex.org/W2146741247
https://openalex.org/W2340511027
https://openalex.org/W2606386498
https://openalex.org/W2608076091
https://openalex.org/W2742998843
https://openalex.org/W2762143483
https://openalex.org/W2766404600
https://openalex.org/W2904936319
https://openalex.org/W2921338373
https://openalex.org/W2943914259
https://openalex.org/W2947405831
https://openalex.org/W2971293632
https://openalex.org/W3017302601
https://openalex.org/W3103950333
https://openalex.org/W2182142806
https://openalex.org/W2417622887
https://openalex.org/W3168673871
https://openalex.org/W3183977406
https://openalex.org/W3201655154
https://openalex.org/W1984365123
https://openalex.org/W2060710754
https://openalex.org/W4210859543
https://openalex.org/W4289943283
https://openalex.org/W4304691998
https://openalex.org/W4307876845
https://openalex.org/W4307977040
https://openalex.org/W4312210630
https://openalex.org/W2145417820
https://openalex.org/W1992790979
https://openalex.org/W1973166842
https://openalex.org/W2089522171
https://openalex.org/W2171588789
https://openalex.org/W1965072308
https://openalex.org/W1997575274
https://openalex.org/W2027127744
https://openalex.org/W2046107354
https://openalex.org/W2810180777
https://openalex.org/W2168796152
https://openalex.org/W2294396264
https://openalex.org/W273249610
https://openalex.org/W2766356655
https://openalex.org/W2770360556
https://openalex.org/W3006467450
https://openalex.org/W3082750685
https://openalex.org/W3099427030
https://openalex.org/W3146216118
https://openalex.org/W4245877500
https://openalex.org/W2326669396
https://openalex.org/W2171951627
https://openalex.org/W2411089272
https://openalex.org/W4248283229
https://openalex.org/W2080470942
https://openalex.org/W1987041318
https://openalex.org/W2026807241
https://openalex.org/W2167061376
https://openalex.org/W2466675850
https://openalex.org/W1976961692
https://openalex.org/W2127427933
https://openalex.org/W2020932457
https://openalex.org/W21606134
https://openalex.org/W2388539703
https://openalex.org/W2769180650
https://openalex.org/W2786349341
https://openalex.org/W2790523849
https://openalex.org/W2904013499
https://openalex.org/W2919229565
https://openalex.org/W2971579681
https://openalex.org/W2996024638
https://openalex.org/W1531231563
https://openalex.org/W2070066890
https://openalex.org/W2184908367
https://openalex.org/W2312630101
https://openalex.org/W271404312
https://openalex.org/W3213828649
https://openalex.org/W2014046406
https://openalex.org/W2164947050
https://openalex.org/W2332661705
https://openalex.org/W813747096
https://openalex.org/W2056754494
https://openalex.org/W2094835938
https://openalex.org/W2101954623
https://openalex.org/W2144048083
https://openalex.org/W2060785721
https://openalex.org/W2029480770
https://openalex.org/W2048750325
https://openalex.org/W2426588130
https://openalex.org/W59197287
https://openalex.org/W2068154494
https://openalex.org/W2036564000
https://openalex.org/W2078521037
https://openalex.org/W2330054530
https://openalex.org/W1996569301
https://openalex.org/W1997279326
https://openalex.org/W2084606426
https://openalex.org/W2406100490
https://openalex.org/W2052495680
https://openalex.org/W2092281877
https://openalex.org/W243253758
https://openalex.org/W2742172827
https://openalex.org/W2787802624
https://openalex.org/W2792377449
https://openalex.org/W2809006303
https://openalex.org/W2956053239
https://openalex.org/W2991498972
https://openalex.org/W2994526550
https://openalex.org/W3011193602
https://openalex.org/W3025889333
https://openalex.org/W3040735135
https://openalex.org/W3047460710
https://openalex.org/W3091546124
https://openalex.org/W3101768717
https://openalex.org/W3163661043
https://openalex.org/W3180497066
https://openalex.org/W944065057
https://openalex.org/W2310006026
https://openalex.org/W2346629164
https://openalex.org/W2545313934
https://openalex.org/W2597793783
https://openalex.org/W2795605580
https://openalex.org/W2047605065
https://openalex.org/W4206634988
https://openalex.org/W4214505720
https://openalex.org/W4221109739
https://openalex.org/W4281295675
https://openalex.org/W4283119443
https://openalex.org/W4285298187
https://openalex.org/W4285388184
https://openalex.org/W4287377225
https://openalex.org/W4287878006
https://openalex.org/W4308862037
https://openalex.org/W4309269841
https://openalex.org/W2053236046
https://openalex.org/W409501584
https://openalex.org/W2124810999
https://openalex.org/W2003960275
https://openalex.org/W2419304696
https://openalex.org/W2046430239
https://openalex.org/W2061398613
https://openalex.org/W2074690226
https://openalex.org/W2210337934
https://openalex.org/W2767409713
https://openalex.org/W636486878
https://openalex.org/W66131779
https://openalex.org/W1190981583
https://openalex.org/W2001251739
https://openalex.org/W2007306334
https://openalex.org/W2563537965
https://openalex.org/W3021672185
https://openalex.org/W2051257098
https://openalex.org/W4256024853
https://openalex.org/W2002968298
https://openalex.org/W2017697727
https://openalex.org/W2485323269
https://openalex.org/W643539112
https://openalex.org/W1972486956
https://openalex.org/W2054464957
https://openalex.org/W180241637
https://openalex.org/W2161631839
https://openalex.org/W1970004394
https://openalex.org/W2158132039
https://openalex.org/W2112438756
https://openalex.org/W2761784913
https://openalex.org/W2783738420
https://openalex.org/W2888071484
https://openalex.org/W2971341633
https://openalex.org/W2972174296
https://openalex.org/W2978587537
https://openalex.org/W2990818953
https://openalex.org/W2994795129
https://openalex.org/W2998529923
https://openalex.org/W2999981415
https://openalex.org/W3009102012
https://openalex.org/W3088886730
https://openalex.org/W3091918689
https://openalex.org/W3128776147
https://openalex.org/W3144543038
https://openalex.org/W3157146330
https://openalex.org/W3182546069
https://openalex.org/W3194453472
https://openalex.org/W3206951649
https://openalex.org/W3215600888
https://openalex.org/W3217682361
https://openalex.org/W4200290512
https://openalex.org/W4205328910
https://openalex.org/W4239535749
https://openalex.org/W4287083301
https://openalex.org/W810889568
https://openalex.org/W2011897128
https://openalex.org/W2084974268
https://openalex.org/W2342612844
https://openalex.org/W2343620876
https://openalex.org/W2345069692
https://openalex.org/W2464087461
https://openalex.org/W2483111448
https://openalex.org/W2498491968
https://openalex.org/W2525140833
https://openalex.org/W2554150813
https://openalex.org/W2891072301
https://openalex.org/W4255870099
https://openalex.org/W4389951339
https://openalex.org/W2064156975
https://openalex.org/W1983969849
https://openalex.org/W2048075338
https://openalex.org/W2411875855
https://openalex.org/W2477370812
https://openalex.org/W4205254334
https://openalex.org/W2324190324
https://openalex.org/W2078704581
https://openalex.org/W2123367549
https://openalex.org/W1575188186
https://openalex.org/W1964600971
https://openalex.org/W1975150267
https://openalex.org/W1977150189
https://openalex.org/W1979007869
https://openalex.org/W2012941369
https://openalex.org/W2028750457
https://openalex.org/W2067324005
https://openalex.org/W2073482633
https://openalex.org/W207590499
https://openalex.org/W2152242220
https://openalex.org/W2163727779
https://openalex.org/W2179418560
https://openalex.org/W2317225156
https://openalex.org/W2335415968
https://openalex.org/W2034060988
https://openalex.org/W2048971979
https://openalex.org/W2072420638
https://openalex.org/W2075145387
https://openalex.org/W2316641942
https://openalex.org/W2414739931
https://openalex.org/W2416800188
https://openalex.org/W4310644694
https://openalex.org/W4311188509
https://openalex.org/W4317401769
https://openalex.org/W4322490168
https://openalex.org/W4323314831
https://openalex.org/W4323924752
https://openalex.org/W4327907440
https://openalex.org/W4327930756
https://openalex.org/W4327979108
https://openalex.org/W4361247253
https://openalex.org/W4361247257
https://openalex.org/W4361247274
https://openalex.org/W4361252634
https://openalex.org/W4361252720
https://openalex.org/W4361252768
https://openalex.org/W4361252799
https://openalex.org/W4361252801
https://openalex.org/W4361263948
https://openalex.org/W4361265957
https://openalex.org/W4361822536
https://openalex.org/W4361844153
https://openalex.org/W4361880085
https://openalex.org/W4361949153
https://openalex.org/W4361961414
https://openalex.org/W4362240418
https://openalex.org/W4362425671
https://openalex.org/W4362481602
https://openalex.org/W4362481659
https://openalex.org/W4362481663
https://openalex.org/W4362481667
https://openalex.org/W4362481669
https://openalex.org/W4362481690
https://openalex.org/W4362481727
https://openalex.org/W4362481736
https://openalex.org/W4362481742
https://openalex.org/W4362481763
https://openalex.org/W4362481782
https://openalex.org/W4362481797
https://openalex.org/W4362481892
https://openalex.org/W4362482145
https://openalex.org/W4362525830
https://openalex.org/W4362619861
https://openalex.org/W4366750934
https://openalex.org/W4367841355
https://openalex.org/W4375848381
https://openalex.org/W4377723486
https://openalex.org/W4378618932
https://openalex.org/W4379014775
https://openalex.org/W4379472273
https://openalex.org/W4379645898
https://openalex.org/W4379646082
https://openalex.org/W4379741400
https://openalex.org/W4380185315
https://openalex.org/W4380200458
https://openalex.org/W4382601352
https://openalex.org/W4383754865
https://openalex.org/W4383896289
https://openalex.org/W4384163853
https://openalex.org/W4384831416
https://openalex.org/W4385472386
https://openalex.org/W4385873068
https://openalex.org/W4386363692
https://openalex.org/W4386462503
https://openalex.org/W4386765380
https://openalex.org/W4386882272
https://openalex.org/W4387196430
https://openalex.org/W4387326994
https://openalex.org/W4387446149
https://openalex.org/W4387693237
https://openalex.org/W4387712372
https://openalex.org/W4387765717
https://openalex.org/W4388015611
https://openalex.org/W4388015662
https://openalex.org/W4388031601
https://openalex.org/W4388031632
https://openalex.org/W4388100579
https://openalex.org/W4388104090
https://openalex.org/W4388153180
https://openalex.org/W4388212888
https://openalex.org/W4388424074
https://openalex.org/W4388945889
https://openalex.org/W4389030797
https://openalex.org/W4389162187
https://openalex.org/W4389165096
https://openalex.org/W4389479474
https://openalex.org/W4389891292
https://openalex.org/W4389955402
https://openalex.org/W4390143249
https://openalex.org/W4390273913
https://openalex.org/W4392681362
https://openalex.org/W4392684813
https://openalex.org/W4392687465
https://openalex.org/W4394287452
https://openalex.org/W2438454118
https://openalex.org/W1922585777
https://openalex.org/W1974068264
https://openalex.org/W2062683323
https://openalex.org/W2129694148
https://openalex.org/W2416055124
https://openalex.org/W4254631346
https://openalex.org/W2525485007
https://openalex.org/W2726847194
https://openalex.org/W2759853499
https://openalex.org/W2762134103
https://openalex.org/W2768091044
https://openalex.org/W2904884054
https://openalex.org/W2954971527
https://openalex.org/W2008420813
https://openalex.org/W2009196734
https://openalex.org/W2031472409
https://openalex.org/W1547277358
https://openalex.org/W4236275944
https://openalex.org/W2766397457
https://openalex.org/W2806993273
https://openalex.org/W2891525257
https://openalex.org/W2895519346
https://openalex.org/W2905270857
https://openalex.org/W2910990638
https://openalex.org/W2912334188
https://openalex.org/W2915906039
https://openalex.org/W2926501582
https://openalex.org/W2944380861
https://openalex.org/W2950900997
https://openalex.org/W2959360485
https://openalex.org/W2963893357
https://openalex.org/W2966151604
https://openalex.org/W3082813791
https://openalex.org/W3088541856
https://openalex.org/W3094585076
https://openalex.org/W3095438385
https://openalex.org/W3096561543
https://openalex.org/W3103008836
https://openalex.org/W3110770795
https://openalex.org/W3127720050
https://openalex.org/W3166086857
https://openalex.org/W3194118023
https://openalex.org/W3197262697
https://openalex.org/W3214346098
https://openalex.org/W3217500698
https://openalex.org/W4200421797
https://openalex.org/W4251257134
https://openalex.org/W96846668
https://openalex.org/W2015728688
https://openalex.org/W2342520959
https://openalex.org/W2410965112
https://openalex.org/W2525362724
https://openalex.org/W2556047132
https://openalex.org/W2891332869
https://openalex.org/W2904845049
https://openalex.org/W2963218023
https://openalex.org/W3216097092
https://openalex.org/W4220841425
https://openalex.org/W4220873622
https://openalex.org/W4221104126
https://openalex.org/W4221117358
https://openalex.org/W4224038247
https://openalex.org/W4225845150
https://openalex.org/W4280495840
https://openalex.org/W4281866817
https://openalex.org/W4283783392
https://openalex.org/W4293236103
https://openalex.org/W4296795948
https://openalex.org/W4304890895
https://openalex.org/W4306750632
https://openalex.org/W4308704205
https://openalex.org/W4310787217
https://openalex.org/W2128200517
https://openalex.org/W2095319924
https://openalex.org/W207828537
https://openalex.org/W4244789055
https://openalex.org/W2008902383
https://openalex.org/W2172082072
https://openalex.org/W2408809014
https://openalex.org/W2439036362
https://openalex.org/W823833080
https://openalex.org/W150359275
https://openalex.org/W155933898
https://openalex.org/W1750992563
https://openalex.org/W1847253722
https://openalex.org/W1967255162
https://openalex.org/W1995965703
https://openalex.org/W2003843657
https://openalex.org/W2030207296
https://openalex.org/W2051501029
https://openalex.org/W2069931903
https://openalex.org/W209374805
https://openalex.org/W2132127926
https://openalex.org/W2176178297
https://openalex.org/W2314698985
https://openalex.org/W2315917422
https://openalex.org/W2325000981
https://openalex.org/W2371929554
https://openalex.org/W2371950961
https://openalex.org/W2408610901
https://openalex.org/W2497748429
https://openalex.org/W2614823859
https://openalex.org/W2930888408
https://openalex.org/W2963838316
https://openalex.org/W3023240281
https://openalex.org/W4249840205
https://openalex.org/W1964133167
https://openalex.org/W2050327021
https://openalex.org/W251924688
https://openalex.org/W1492243850
https://openalex.org/W2081517614
https://openalex.org/W2396030764
https://openalex.org/W2401445986
https://openalex.org/W139884205
https://openalex.org/W14922278
https://openalex.org/W1770486813
https://openalex.org/W181074562
https://openalex.org/W2033155812
https://openalex.org/W2094007823
https://openalex.org/W2170493496
https://openalex.org/W2315676471
https://openalex.org/W2332602247
https://openalex.org/W2592160889
https://openalex.org/W2724424087
https://openalex.org/W3011740114
https://openalex.org/W827241701
https://openalex.org/W2053259644
https://openalex.org/W2502415102
https://openalex.org/W146013990
https://openalex.org/W2124060219
https://openalex.org/W383058294
https://openalex.org/W2116878824
https://openalex.org/W2219484040
https://openalex.org/W2368683800
https://openalex.org/W2579589265
https://openalex.org/W2883896048
https://openalex.org/W2887733858
https://openalex.org/W2898889427
https://openalex.org/W2899228919
https://openalex.org/W4289105978
https://openalex.org/W785326209
https://openalex.org/W1976697768
https://openalex.org/W2050244707
https://openalex.org/W2513950187
https://openalex.org/W4230804515
https://openalex.org/W2327698617
https://openalex.org/W2085416902
https://openalex.org/W2366371878
https://openalex.org/W2416392824
https://openalex.org/W261925948
https://openalex.org/W2908596185
https://openalex.org/W2916992783
https://openalex.org/W2948122354
https://openalex.org/W2962687990
https://openalex.org/W2974016718
https://openalex.org/W2974093513
https://openalex.org/W2982656873
https://openalex.org/W2982879364
https://openalex.org/W2996012973
https://openalex.org/W3011927810
https://openalex.org/W3017312081
https://openalex.org/W3041914036
https://openalex.org/W3082550588
https://openalex.org/W3087985928
https://openalex.org/W3089751071
https://openalex.org/W3092309079
https://openalex.org/W3097558986
https://openalex.org/W3109718058
https://openalex.org/W3117993901
https://openalex.org/W3157373629
https://openalex.org/W327538477
https://openalex.org/W4285777842
https://openalex.org/W4393886504
https://openalex.org/W929889745
https://openalex.org/W2328127712
https://openalex.org/W4244871106
https://openalex.org/W167524105
https://openalex.org/W2004827407
https://openalex.org/W2416599563
https://openalex.org/W2177715618
https://openalex.org/W2502063559
https://openalex.org/W44309704
https://openalex.org/W774069603
https://openalex.org/W2590920586
https://openalex.org/W3137704310
https://openalex.org/W3159805045
https://openalex.org/W3164746463
https://openalex.org/W3165181736
https://openalex.org/W3200373482
https://openalex.org/W3207127885
https://openalex.org/W3210097056
https://openalex.org/W3214856443
https://openalex.org/W4205676933
https://openalex.org/W4206042426
https://openalex.org/W4206299315
https://openalex.org/W4225593391
https://openalex.org/W934121465
https://openalex.org/W2507492079
https://openalex.org/W2599394981
https://openalex.org/W2599931396
https://openalex.org/W2604942982
https://openalex.org/W2605015322
https://openalex.org/W2070145993
https://openalex.org/W2414433878
https://openalex.org/W1989683663
https://openalex.org/W2089475781
https://openalex.org/W2412114835
https://openalex.org/W844337094
https://openalex.org/W2008164484
https://openalex.org/W2052427236
https://openalex.org/W2333001992
https://openalex.org/W2334982145
https://openalex.org/W2340589715
https://openalex.org/W2341931164
https://openalex.org/W2399511705
https://openalex.org/W2408083784
https://openalex.org/W2411078568
https://openalex.org/W2412870269
https://openalex.org/W2418326569
https://openalex.org/W2418746011
https://openalex.org/W2422463012
https://openalex.org/W2508844943
https://openalex.org/W2512856525
https://openalex.org/W2613944897
https://openalex.org/W2618669742
https://openalex.org/W304010479
https://openalex.org/W327377666
https://openalex.org/W4235651235
https://openalex.org/W4292219679
https://openalex.org/W894683472
https://openalex.org/W1983146225
https://openalex.org/W2034038817
https://openalex.org/W2468155847
https://openalex.org/W2496660576
https://openalex.org/W2399774925
https://openalex.org/W1007781198
https://openalex.org/W1123743703
https://openalex.org/W1420508833
https://openalex.org/W1566089122
https://openalex.org/W1871337063
https://openalex.org/W194634172
https://openalex.org/W1967592346
https://openalex.org/W2004448023
https://openalex.org/W2048629652
https://openalex.org/W2062882900
https://openalex.org/W2087062552
https://openalex.org/W2093621318
https://openalex.org/W2123873861
https://openalex.org/W2135974807
https://openalex.org/W2139750066
https://openalex.org/W2141380449
https://openalex.org/W2145600871
https://openalex.org/W2188092513
https://openalex.org/W2189237844
https://openalex.org/W2238965404
https://openalex.org/W2299487600
https://openalex.org/W2313241049
https://openalex.org/W2319393761
https://openalex.org/W2325721744
https://openalex.org/W2332958703
https://openalex.org/W2334808241
https://openalex.org/W2346215190
https://openalex.org/W2402580718
https://openalex.org/W2410795736
https://openalex.org/W2415041414
https://openalex.org/W2415852705
https://openalex.org/W2416353946
https://openalex.org/W2417885971
https://openalex.org/W2462237816
https://openalex.org/W2477518800
https://openalex.org/W2477663582
https://openalex.org/W2477984661
https://openalex.org/W2482165349
https://openalex.org/W2498030967
https://openalex.org/W2500349205
https://openalex.org/W2501191106
https://openalex.org/W2507033427
https://openalex.org/W2512007377
https://openalex.org/W2512945307
https://openalex.org/W2516623649
https://openalex.org/W2517510050
https://openalex.org/W2548202622
https://openalex.org/W2553056284
https://openalex.org/W2554271273
https://openalex.org/W2555568319
https://openalex.org/W2556252970
https://openalex.org/W2560657277
https://openalex.org/W2563454436
https://openalex.org/W2565301169
https://openalex.org/W2598696436
https://openalex.org/W2602715780
https://openalex.org/W2620924353
https://openalex.org/W2730206135
https://openalex.org/W2747021707
https://openalex.org/W2749991016
https://openalex.org/W2751013532
https://openalex.org/W2774661443
https://openalex.org/W2786317693
https://openalex.org/W2903691396
https://openalex.org/W2916555595
https://openalex.org/W2951650597
https://openalex.org/W2952417608
https://openalex.org/W2960097840
https://openalex.org/W2963935972
https://openalex.org/W2970408599
https://openalex.org/W2978462629
https://openalex.org/W2982966302
https://openalex.org/W2991293228
https://openalex.org/W3035275029
https://openalex.org/W3117169508
https://openalex.org/W3120180411
https://openalex.org/W3140914268
https://openalex.org/W3141288733
https://openalex.org/W3169488689
https://openalex.org/W3194434795
https://openalex.org/W4214508553
https://openalex.org/W4229738355
https://openalex.org/W4233813057
https://openalex.org/W4296408259
https://openalex.org/W4296947579
https://openalex.org/W4297961647
https://openalex.org/W4298877098
https://openalex.org/W4299581166
https://openalex.org/W4299592156
https://openalex.org/W4300402898
https://openalex.org/W820342262
https://openalex.org/W833809047
https://openalex.org/W1178771674
https://openalex.org/W2507372794
https://openalex.org/W281775367
https://openalex.org/W2335487747
https://openalex.org/W2403178717
https://openalex.org/W4238549802
https://openalex.org/W1513720626
https://openalex.org/W1565324442
https://openalex.org/W1725081243
https://openalex.org/W1867671002
https://openalex.org/W1891885573
https://openalex.org/W1964158090
https://openalex.org/W1964370097
https://openalex.org/W1971681541
https://openalex.org/W1976454069
https://openalex.org/W1981487959
https://openalex.org/W1987599247
https://openalex.org/W1988611203
https://openalex.org/W1990481385
https://openalex.org/W1996710199
https://openalex.org/W1998728685
https://openalex.org/W2005694159
https://openalex.org/W2007296100
https://openalex.org/W2026344887
https://openalex.org/W2042613576
https://openalex.org/W2046871812
https://openalex.org/W2050491411
https://openalex.org/W2053526811
https://openalex.org/W2070066291
https://openalex.org/W2073308164
https://openalex.org/W2078998720
https://openalex.org/W2080304864
https://openalex.org/W2081016813
https://openalex.org/W2087695253
https://openalex.org/W2089631403
https://openalex.org/W2090979290
https://openalex.org/W2091954286
https://openalex.org/W2107304921
https://openalex.org/W2113590361
https://openalex.org/W2124426502
https://openalex.org/W2170236391
https://openalex.org/W2274620757
https://openalex.org/W2286299388
https://openalex.org/W2319225916
https://openalex.org/W2324997709
https://openalex.org/W2328404190
https://openalex.org/W2332617012
https://openalex.org/W2333561759
https://openalex.org/W2338458789
https://openalex.org/W2370073817
https://openalex.org/W2409702889
https://openalex.org/W2410582817
https://openalex.org/W2411574183
https://openalex.org/W2413153118
https://openalex.org/W2469736991
https://openalex.org/W248941255
https://openalex.org/W2524462807
https://openalex.org/W2530646184
https://openalex.org/W2600050608
https://openalex.org/W2613795977
https://openalex.org/W2619731683
https://openalex.org/W2750521609
https://openalex.org/W2783368438
https://openalex.org/W2791115657
https://openalex.org/W2800404367
https://openalex.org/W2896322028
https://openalex.org/W2921602177
https://openalex.org/W2939241476
https://openalex.org/W2952880286
https://openalex.org/W2954706250
https://openalex.org/W2963453187
https://openalex.org/W29670928
https://openalex.org/W3009212716
https://openalex.org/W3028688418
https://openalex.org/W3029646332
https://openalex.org/W309613854
https://openalex.org/W3170701710
https://openalex.org/W331481970
https://openalex.org/W4239348054
https://openalex.org/W4242003401
https://openalex.org/W4297851537
https://openalex.org/W656546887
https://openalex.org/W756879350
https://openalex.org/W804713480
https://openalex.org/W901483647
https://openalex.org/W936196516
https://openalex.org/W2040791855
https://openalex.org/W2561918297
https://openalex.org/W1001755929
https://openalex.org/W1972848277
https://openalex.org/W2113145209
https://openalex.org/W2416122293
https://openalex.org/W2419592161
https://openalex.org/W2463706548
https://openalex.org/W37806413
https://openalex.org/W1562008171
https://openalex.org/W1582048509
https://openalex.org/W1993738971
https://openalex.org/W2061726024
https://openalex.org/W2104102941
https://openalex.org/W2285037468
https://openalex.org/W2315568591
https://openalex.org/W2316054720
https://openalex.org/W2317889045
https://openalex.org/W2332724281
https://openalex.org/W2397615536
https://openalex.org/W2408018650
https://openalex.org/W2408480194
https://openalex.org/W2417554783
https://openalex.org/W2419633891
https://openalex.org/W2426568312
https://openalex.org/W2429223772
https://openalex.org/W2431364792
https://openalex.org/W2440593812
https://openalex.org/W2465651367
https://openalex.org/W2467671771
https://openalex.org/W2549581809
https://openalex.org/W2591102419
https://openalex.org/W2604226960
https://openalex.org/W2609273888
https://openalex.org/W2618320603
https://openalex.org/W2625380185
https://openalex.org/W2711274879
https://openalex.org/W2726649217
https://openalex.org/W2737325234
https://openalex.org/W2738586512
https://openalex.org/W2739216903
https://openalex.org/W2739668689
https://openalex.org/W2740645086
https://openalex.org/W2750735802
https://openalex.org/W2755503823
https://openalex.org/W2770716374
https://openalex.org/W2772342556
https://openalex.org/W2778871973
https://openalex.org/W2796116128
https://openalex.org/W2796397783
https://openalex.org/W2799550104
https://openalex.org/W2890428576
https://openalex.org/W2969223243
https://openalex.org/W2969925910
https://openalex.org/W2971487256
https://openalex.org/W2982183576
https://openalex.org/W2995633860
https://openalex.org/W3012400573
https://openalex.org/W3030138058
https://openalex.org/W3101784752
https://openalex.org/W3112563784
https://openalex.org/W346174759
https://openalex.org/W4230573176
https://openalex.org/W4240822259
https://openalex.org/W4243751168
https://openalex.org/W4246825431
https://openalex.org/W4255353580
https://openalex.org/W4255637678
https://openalex.org/W615400097
https://openalex.org/W2410330245
https://openalex.org/W2415306018
https://openalex.org/W1188609478
https://openalex.org/W128099963
https://openalex.org/W1532690455
https://openalex.org/W1989168447
https://openalex.org/W2014058426
https://openalex.org/W2086152250
https://openalex.org/W2158411695
https://openalex.org/W2317721937
https://openalex.org/W2333791036
https://openalex.org/W2385252554
https://openalex.org/W2413950823
https://openalex.org/W2464194483
https://openalex.org/W2527747324
https://openalex.org/W2597268418
https://openalex.org/W2800341270
https://openalex.org/W2891815361
https://openalex.org/W2908167295
https://openalex.org/W2912022828
https://openalex.org/W2941037459
https://openalex.org/W3015268530
https://openalex.org/W3024312270
https://openalex.org/W355941371
https://openalex.org/W4205223048
https://openalex.org/W4205850420
https://openalex.org/W4210378018
https://openalex.org/W4213016032
https://openalex.org/W4213019221
https://openalex.org/W4220683161
https://openalex.org/W4225406549
https://openalex.org/W4225523612
https://openalex.org/W4226359101
https://openalex.org/W4226416796
https://openalex.org/W4255236177
https://openalex.org/W4281397686
https://openalex.org/W4281634258
https://openalex.org/W4281741357
https://openalex.org/W4281891047
https://openalex.org/W4281929197
https://openalex.org/W4281992594
https://openalex.org/W4282555759
https://openalex.org/W4282940386
https://openalex.org/W4283026856
https://openalex.org/W4283220168
https://openalex.org/W4283821579
https://openalex.org/W4285092588
https://openalex.org/W4285109981
https://openalex.org/W4286826086
https://openalex.org/W4289523575
https://openalex.org/W4295037048
https://openalex.org/W4296236040
https://openalex.org/W4297453631
https://openalex.org/W4301179752
https://openalex.org/W4307633026
https://openalex.org/W4308718580
https://openalex.org/W4309488413
https://openalex.org/W4309912955
https://openalex.org/W4311287278
https://openalex.org/W4312609345
https://openalex.org/W4312834528
https://openalex.org/W4366080506
https://openalex.org/W4366741979
https://openalex.org/W4380836620
https://openalex.org/W4394100325
https://openalex.org/W4394105026
https://openalex.org/W2012238661
https://openalex.org/W2422643454
https://openalex.org/W2432880011
https://openalex.org/W2476063061
https://openalex.org/W4237270403
https://openalex.org/W174645063
https://openalex.org/W184556961
https://openalex.org/W1980602845
https://openalex.org/W2024346324
https://openalex.org/W2220824079
https://openalex.org/W2316417013
https://openalex.org/W2384902763
https://openalex.org/W2394701570
https://openalex.org/W2406415013
https://openalex.org/W2411190499
https://openalex.org/W2411849776
https://openalex.org/W2412267917
https://openalex.org/W2418090929
https://openalex.org/W2472040781
https://openalex.org/W2473856339
https://openalex.org/W2588563710
https://openalex.org/W2611592250
https://openalex.org/W2621457219
https://openalex.org/W2794662458
https://openalex.org/W2798052096
https://openalex.org/W2802044777
https://openalex.org/W2803411094
https://openalex.org/W2811044596
https://openalex.org/W2846028649
https://openalex.org/W2861060286
https://openalex.org/W2883833523
https://openalex.org/W2884986922
https://openalex.org/W2885170284
https://openalex.org/W2887392197
https://openalex.org/W2887983283
https://openalex.org/W2898712901
https://openalex.org/W2899311466
https://openalex.org/W2911745951
https://openalex.org/W2916340010
https://openalex.org/W2919815814
https://openalex.org/W2920574507
https://openalex.org/W2929795737
https://openalex.org/W2946441532
https://openalex.org/W2954440464
https://openalex.org/W2956160856
https://openalex.org/W2965610069
https://openalex.org/W2966984296
https://openalex.org/W2976109829
https://openalex.org/W2979624342
https://openalex.org/W2981541933
https://openalex.org/W2985471939
https://openalex.org/W2988782725
https://openalex.org/W2990695742
https://openalex.org/W2991568848
https://openalex.org/W2998101420
https://openalex.org/W2999263653
https://openalex.org/W3031578034
https://openalex.org/W3031953448
https://openalex.org/W3046361872
https://openalex.org/W3081827596
https://openalex.org/W3093355891
https://openalex.org/W3105301811
https://openalex.org/W3111097613
https://openalex.org/W3162577525
https://openalex.org/W3197744055
https://openalex.org/W3208314789
https://openalex.org/W3210158308
https://openalex.org/W3216336477
https://openalex.org/W4213216308
https://openalex.org/W4231168610
https://openalex.org/W4236770458
https://openalex.org/W4253354281
https://openalex.org/W4255614772
https://openalex.org/W4288025236
https://openalex.org/W4288243370
https://openalex.org/W4288364972
https://openalex.org/W4293265008
https://openalex.org/W4301173831
https://openalex.org/W4301352289
https://openalex.org/W4393725124
https://openalex.org/W4394113739
https://openalex.org/W4394154755
https://openalex.org/W4394349257
https://openalex.org/W4394400927
https://openalex.org/W4394462091
https://openalex.org/W4394639347
https://openalex.org/W1573120478
https://openalex.org/W209032769
https://openalex.org/W222040903
https://openalex.org/W2339474879
https://openalex.org/W2400326465
https://openalex.org/W2993341378
https://openalex.org/W334474940
https://openalex.org/W2060965639
https://openalex.org/W2101125403
https://openalex.org/W2429793194
https://openalex.org/W2460677923
https://openalex.org/W2500258534
https://openalex.org/W2584300980
https://openalex.org/W2587107225
https://openalex.org/W2601988700
https://openalex.org/W2617354348
https://openalex.org/W2747768432
https://openalex.org/W2989818594
https://openalex.org/W3003830440
https://openalex.org/W3012581767
https://openalex.org/W3013074639
https://openalex.org/W3013954039
https://openalex.org/W3035754515
https://openalex.org/W3040918440
https://openalex.org/W3047610650
https://openalex.org/W3081911688
https://openalex.org/W3084313859
https://openalex.org/W3086069229
https://openalex.org/W3094965519
https://openalex.org/W3095229686
https://openalex.org/W3100895628
https://openalex.org/W3123864993
https://openalex.org/W3165740849
https://openalex.org/W3181032816
https://openalex.org/W3193594580
https://openalex.org/W3196514477
https://openalex.org/W4249778433
https://openalex.org/W4251649561
https://openalex.org/W4394241712
https://openalex.org/W4394287731
https://openalex.org/W4394497058
https://openalex.org/W1997249004
https://openalex.org/W233159201
https://openalex.org/W328065145
https://openalex.org/W1973116654
https://openalex.org/W2172136653
https://openalex.org/W2217155785
https://openalex.org/W2235808755
https://openalex.org/W2257025356
https://openalex.org/W2346461761
https://openalex.org/W2355345680
https://openalex.org/W2364189577
https://openalex.org/W2391716910
https://openalex.org/W2407076042
https://openalex.org/W2431273100
https://openalex.org/W2431735905
https://openalex.org/W2437030515
https://openalex.org/W2473913029
https://openalex.org/W2591311723
https://openalex.org/W2752915967
https://openalex.org/W2791684373
https://openalex.org/W1601828705
https://openalex.org/W2303574736
https://openalex.org/W2358583593
https://openalex.org/W2407998500
https://openalex.org/W2410683238
https://openalex.org/W2441485721
https://openalex.org/W3125955257
https://openalex.org/W3126242499
https://openalex.org/W3128370530
https://openalex.org/W3135576225
https://openalex.org/W3136659232
https://openalex.org/W3137820364
https://openalex.org/W3137971747
https://openalex.org/W3138313495
https://openalex.org/W3141409307
https://openalex.org/W3150662480
https://openalex.org/W3155740138
https://openalex.org/W3167049002
https://openalex.org/W3173471041
https://openalex.org/W3174022911
https://openalex.org/W3183370487
https://openalex.org/W3184678911
https://openalex.org/W3186960554
https://openalex.org/W3189857431
https://openalex.org/W3196603443
https://openalex.org/W3213240898
https://openalex.org/W3214565946
https://openalex.org/W3215301530
https://openalex.org/W3217595241
https://openalex.org/W4200097403
https://openalex.org/W4200480954
https://openalex.org/W4205969856
https://openalex.org/W4206475423
https://openalex.org/W4207001380
https://openalex.org/W4225755486
https://openalex.org/W4226207751
https://openalex.org/W4226280819
https://openalex.org/W4226368361
https://openalex.org/W4226531495
https://openalex.org/W4234123172
https://openalex.org/W4236217401
https://openalex.org/W4248095156
https://openalex.org/W4253976203
https://openalex.org/W4287184202
https://openalex.org/W4287184318
https://openalex.org/W4312515467
https://openalex.org/W4394220164
https://openalex.org/W2022332190
https://openalex.org/W2070410266
https://openalex.org/W2328377033
https://openalex.org/W2375218409
https://openalex.org/W2555413613
https://openalex.org/W4233097871
https://openalex.org/W1981553800
https://openalex.org/W2190883920
https://openalex.org/W2293341996
https://openalex.org/W2416758890
https://openalex.org/W601651059
https://openalex.org/W983398546
https://openalex.org/W164797005
https://openalex.org/W2221293236
https://openalex.org/W4230241257
https://openalex.org/W4389153676
https://openalex.org/W4389153681
https://openalex.org/W1986512076
https://openalex.org/W2085028769
https://openalex.org/W223059025
https://openalex.org/W2464055509
https://openalex.org/W2475067923
https://openalex.org/W4252294058
https://openalex.org/W2041479348
https://openalex.org/W2314362679
https://openalex.org/W251875583
https://openalex.org/W274040750
https://openalex.org/W4249557248
https://openalex.org/W48527493
https://openalex.org/W108360847
https://openalex.org/W12856525
https://openalex.org/W133891796
https://openalex.org/W2021178845
https://openalex.org/W2036761917
https://openalex.org/W2080865094
https://openalex.org/W231097586
https://openalex.org/W2396239198
https://openalex.org/W2425794686
https://openalex.org/W2430247366
https://openalex.org/W2482875197
https://openalex.org/W2482929601
https://openalex.org/W26024141
https://openalex.org/W263480096
https://openalex.org/W2991862814
https://openalex.org/W2993990966
https://openalex.org/W311205743
https://openalex.org/W325138234
https://openalex.org/W349375242
https://openalex.org/W4251415788
https://openalex.org/W580208669
https://openalex.org/W584428038
https://openalex.org/W63798899
https://openalex.org/W65908894
https://openalex.org/W7176019
https://openalex.org/W2036747551
https://openalex.org/W2120888944
https://openalex.org/W1987683430
https://openalex.org/W2790501791
https://openalex.org/W2158057499
https://openalex.org/W2982216374
https://openalex.org/W2109766949
https://openalex.org/W1991445432
https://openalex.org/W2171082437
https://openalex.org/W1539705587
https://openalex.org/W2067885332
https://openalex.org/W1607047529
https://openalex.org/W2097867305
https://openalex.org/W1988513614
https://openalex.org/W2131964552
https://openalex.org/W2144997397
https://openalex.org/W2016895073
https://openalex.org/W2005063323
https://openalex.org/W2053300345
https://openalex.org/W2101205749
https://openalex.org/W2398245217
https://openalex.org/W2075541635
https://openalex.org/W1996423294
https://openalex.org/W1483531931
https://openalex.org/W2160386659
https://openalex.org/W2035962722
https://openalex.org/W2049048085
https://openalex.org/W2155957695
https://openalex.org/W2901557903
https://openalex.org/W2084160023
https://openalex.org/W1585653590
https://openalex.org/W1983889817
https://openalex.org/W2899025789
https://openalex.org/W1990092121
https://openalex.org/W2890808746
https://openalex.org/W2078356292
https://openalex.org/W2893806747
https://openalex.org/W2054581016
https://openalex.org/W3135364109
https://openalex.org/W2142087770
https://openalex.org/W2759584129
https://openalex.org/W2576849769
https://openalex.org/W2367683267
https://openalex.org/W2393054029
https://openalex.org/W3101884091
https://openalex.org/W2550886223
https://openalex.org/W2758475630
https://openalex.org/W3019363986
https://openalex.org/W3160411478
https://openalex.org/W2905350516
https://openalex.org/W2946074429
https://openalex.org/W3092288248
https://openalex.org/W4384922756
https://openalex.org/W3089437643
https://openalex.org/W3202287757
https://openalex.org/W4210781284
https://openalex.org/W4384937885
https://openalex.org/W4386191894
https://openalex.org/W2162825358
https://openalex.org/W2152951352
https://openalex.org/W2103477598
https://openalex.org/W1991061750
https://openalex.org/W1525107448
https://openalex.org/W2101742855
https://openalex.org/W2109039151
https://openalex.org/W2313238819
https://openalex.org/W52231915
https://openalex.org/W2001231779
https://openalex.org/W2083174752
https://openalex.org/W2159141578
https://openalex.org/W2063443647
https://openalex.org/W2166621540
https://openalex.org/W1999968533
https://openalex.org/W2010266568
https://openalex.org/W2017940639
https://openalex.org/W2103918731
https://openalex.org/W2023485219
https://openalex.org/W2006333775
https://openalex.org/W1970140396
https://openalex.org/W2145802624
https://openalex.org/W1981002254
https://openalex.org/W1990320350
https://openalex.org/W2038290790
https://openalex.org/W2025203003
https://openalex.org/W2158575280
https://openalex.org/W1537938646
https://openalex.org/W1998298719
https://openalex.org/W2045233171
https://openalex.org/W1963742898
https://openalex.org/W1984755048
https://openalex.org/W4211111038
https://openalex.org/W2159370394
https://openalex.org/W2342624875
https://openalex.org/W2126638918
https://openalex.org/W2160755745
https://openalex.org/W1988647419
https://openalex.org/W2498336688
https://openalex.org/W2809119374
https://openalex.org/W2141308479
https://openalex.org/W2141649284
https://openalex.org/W2062459243
https://openalex.org/W2081737251
https://openalex.org/W2091587301
https://openalex.org/W2090790734
https://openalex.org/W2009824580
https://openalex.org/W2130876515
https://openalex.org/W2325534328
https://openalex.org/W2001514887
https://openalex.org/W2915183228
https://openalex.org/W2075023628
https://openalex.org/W2924161985
https://openalex.org/W1502962715
https://openalex.org/W1990409661
https://openalex.org/W2030644251
https://openalex.org/W2897727952
https://openalex.org/W2572109084
https://openalex.org/W2072755256
https://openalex.org/W1532063136
https://openalex.org/W2416987812
https://openalex.org/W980554240
https://openalex.org/W2419587161
https://openalex.org/W2943677497
https://openalex.org/W2741180255
https://openalex.org/W2328577203
https://openalex.org/W2769352204
https://openalex.org/W2988550756
https://openalex.org/W3116024451
https://openalex.org/W3026210949
https://openalex.org/W3009173546
https://openalex.org/W3087753526
https://openalex.org/W3120916426
https://openalex.org/W3133970046
https://openalex.org/W4200485707
https://openalex.org/W4205979599
https://openalex.org/W4281484000
https://openalex.org/W4283739701
https://openalex.org/W4200532278
https://openalex.org/W4220830068
https://openalex.org/W4297215872
https://openalex.org/W4387364633
https://openalex.org/W4362640832
https://openalex.org/W4384461298
https://openalex.org/W4313477998
https://openalex.org/W4323923982
https://openalex.org/W4391470135
https://openalex.org/W2113541168
https://openalex.org/W2095013953
https://openalex.org/W2151233465
https://openalex.org/W1970338248
https://openalex.org/W2056442763
https://openalex.org/W2038752369
https://openalex.org/W2108005060
https://openalex.org/W2137452955
https://openalex.org/W1975221272
https://openalex.org/W2123114095
https://openalex.org/W2040862545
https://openalex.org/W2094805621
https://openalex.org/W2108430810
https://openalex.org/W2588149342
https://openalex.org/W2039194419
https://openalex.org/W2042552449
https://openalex.org/W2080265498
https://openalex.org/W1996434619
https://openalex.org/W2025375652
https://openalex.org/W8243580
https://openalex.org/W2759358529
https://openalex.org/W2175604378
https://openalex.org/W1964315807
https://openalex.org/W1974903286
https://openalex.org/W2114369115
https://openalex.org/W2152860104
https://openalex.org/W2071918518
https://openalex.org/W2216222447
https://openalex.org/W2095048088
https://openalex.org/W2083792966
https://openalex.org/W2154521310
https://openalex.org/W751460208
https://openalex.org/W2072384133
https://openalex.org/W2416101629
https://openalex.org/W1997287573
https://openalex.org/W990779638
https://openalex.org/W2110224461
https://openalex.org/W2131053451
https://openalex.org/W2152575495
https://openalex.org/W1976099949
https://openalex.org/W2120166815
https://openalex.org/W2084117164
https://openalex.org/W2112389863
https://openalex.org/W2769840916
https://openalex.org/W1999599654
https://openalex.org/W2752931625
https://openalex.org/W2806511168
https://openalex.org/W2902634583
https://openalex.org/W2736085010
https://openalex.org/W2782283060
https://openalex.org/W2019157563
https://openalex.org/W2151757310
https://openalex.org/W2266736818
https://openalex.org/W2314779486
https://openalex.org/W2334304999
https://openalex.org/W2733613887
https://openalex.org/W2519760925
https://openalex.org/W2884673302
https://openalex.org/W2724265272
https://openalex.org/W2932338352
https://openalex.org/W2951537161
https://openalex.org/W2985333121
https://openalex.org/W2542344557
https://openalex.org/W2631913004
https://openalex.org/W2785253276
https://openalex.org/W2795353014
https://openalex.org/W2946105917
https://openalex.org/W2999091119
https://openalex.org/W3039652957
https://openalex.org/W3014186218
https://openalex.org/W3033287834
https://openalex.org/W3107998089
https://openalex.org/W3094604733
https://openalex.org/W3032673317
https://openalex.org/W3119934831
https://openalex.org/W4296663123
https://openalex.org/W4214882894
https://openalex.org/W3213744414
https://openalex.org/W4290990031
https://openalex.org/W4210463683
https://openalex.org/W4390986102
https://openalex.org/W4391824938
https://openalex.org/W2083739030
https://openalex.org/W2043349158
https://openalex.org/W2001566039
https://openalex.org/W174832739
https://openalex.org/W2152934469
https://openalex.org/W2070799769
https://openalex.org/W1990102436
https://openalex.org/W2176102225
https://openalex.org/W579916176
https://openalex.org/W2115042832
https://openalex.org/W60904970
https://openalex.org/W1581595716
https://openalex.org/W1963887696
https://openalex.org/W2150886699
https://openalex.org/W145636110
https://openalex.org/W2127483435
https://openalex.org/W2063326972
https://openalex.org/W2060681530
https://openalex.org/W2161183278
https://openalex.org/W1973972052
https://openalex.org/W2030819196
https://openalex.org/W1592329430
https://openalex.org/W2115298225
https://openalex.org/W2125573360
https://openalex.org/W2159157300
https://openalex.org/W1995560174
https://openalex.org/W2037741509
https://openalex.org/W2081233603
https://openalex.org/W2065030731
https://openalex.org/W2070188076
https://openalex.org/W2130610927
https://openalex.org/W1603326196
https://openalex.org/W2008569332
https://openalex.org/W2067144095
https://openalex.org/W2083745826
https://openalex.org/W2105833027
https://openalex.org/W2141326855
https://openalex.org/W2131128034
https://openalex.org/W2013668655
https://openalex.org/W1964949716
https://openalex.org/W2738291168
https://openalex.org/W2302061252
https://openalex.org/W2312584804
https://openalex.org/W2417290036
https://openalex.org/W1971276313
https://openalex.org/W2418176771
https://openalex.org/W2171109039
https://openalex.org/W2594424631
https://openalex.org/W2418291077
https://openalex.org/W2619499709
https://openalex.org/W1906844634
https://openalex.org/W2103183435
https://openalex.org/W2898152704
https://openalex.org/W2916722894
https://openalex.org/W2510146214
https://openalex.org/W2151382260
https://openalex.org/W2403610438
https://openalex.org/W2750864501
https://openalex.org/W2891846252
https://openalex.org/W2292649548
https://openalex.org/W2755850354
https://openalex.org/W2917462406
https://openalex.org/W3080356411
https://openalex.org/W3035321887
https://openalex.org/W3085242825
https://openalex.org/W3003280435
https://openalex.org/W3087890883
https://openalex.org/W3114753388
https://openalex.org/W3201460397
https://openalex.org/W3126997435
https://openalex.org/W3136719642
https://openalex.org/W4200115483
https://openalex.org/W4309524783
https://openalex.org/W4297242756
https://openalex.org/W4296794198
https://openalex.org/W4313857047
https://openalex.org/W4362698572
https://openalex.org/W4378527901
https://openalex.org/W4386704812
https://openalex.org/W4313593276
https://openalex.org/W4318930385
https://openalex.org/W4365453948
https://openalex.org/W4378173043
https://openalex.org/W4382515144
https://openalex.org/W4387332538
https://openalex.org/W2002897515
https://openalex.org/W2059726575
https://openalex.org/W1848732551
https://openalex.org/W2018952663
https://openalex.org/W2091619964
https://openalex.org/W1830499565
https://openalex.org/W1981451934
https://openalex.org/W1972064394
https://openalex.org/W2050671188
https://openalex.org/W2072906548
https://openalex.org/W2020295852
https://openalex.org/W2097788594
https://openalex.org/W2124848035
https://openalex.org/W1978808925
https://openalex.org/W2025496326
https://openalex.org/W2090346307
https://openalex.org/W1982457449
https://openalex.org/W2040002883
https://openalex.org/W2062312611
https://openalex.org/W2055428611
https://openalex.org/W2060019714
https://openalex.org/W1983931124
https://openalex.org/W2098701506
https://openalex.org/W1975083513
https://openalex.org/W2134803212
https://openalex.org/W2002785938
https://openalex.org/W1998153567
https://openalex.org/W2093266825
https://openalex.org/W2121290279
https://openalex.org/W2051617074
https://openalex.org/W1771161514
https://openalex.org/W2011837325
https://openalex.org/W2025663413
https://openalex.org/W2045243241
https://openalex.org/W1968008639
https://openalex.org/W2091745283
https://openalex.org/W2010618768
https://openalex.org/W2133305112
https://openalex.org/W2135467209
https://openalex.org/W1981071971
https://openalex.org/W2090359176
https://openalex.org/W2098205750
https://openalex.org/W2116552344
https://openalex.org/W2020762850
https://openalex.org/W2048637820
https://openalex.org/W2070648767
https://openalex.org/W2028228062
https://openalex.org/W2139810787
https://openalex.org/W2461672864
https://openalex.org/W2123258789
https://openalex.org/W2099408228
https://openalex.org/W2131345280
https://openalex.org/W2347168365
https://openalex.org/W2614542569
https://openalex.org/W1936955508
https://openalex.org/W2081020114
https://openalex.org/W2279193917
https://openalex.org/W2289456908
https://openalex.org/W2272377587
https://openalex.org/W2276259285
https://openalex.org/W2292233804
https://openalex.org/W2473838936
https://openalex.org/W2528916103
https://openalex.org/W2411828788
https://openalex.org/W2770745877
https://openalex.org/W2730110032
https://openalex.org/W2887906657
https://openalex.org/W2019509451
https://openalex.org/W2899824740
https://openalex.org/W3010649138
https://openalex.org/W3003214802
https://openalex.org/W3022843051
https://openalex.org/W3000424140
https://openalex.org/W3197238646
https://openalex.org/W4200158822
https://openalex.org/W3129487420
https://openalex.org/W4206257620
https://openalex.org/W4296143320
https://openalex.org/W4210373386
https://openalex.org/W4306158028
https://openalex.org/W4308768861
https://openalex.org/W4285079104
https://openalex.org/W4309951222
https://openalex.org/W4385605735
https://openalex.org/W1979401608
https://openalex.org/W2077382981
https://openalex.org/W2070195112
https://openalex.org/W2078583803
https://openalex.org/W2091662617
https://openalex.org/W2111053959
https://openalex.org/W2040208177
https://openalex.org/W2094769376
https://openalex.org/W2113899043
https://openalex.org/W2133194411
https://openalex.org/W2189533656
https://openalex.org/W4247678798
https://openalex.org/W2036067068
https://openalex.org/W2106667789
https://openalex.org/W1602406214
https://openalex.org/W1581813694
https://openalex.org/W2045529403
https://openalex.org/W2053006277
https://openalex.org/W2061511417
https://openalex.org/W2155103266
https://openalex.org/W2093098609
https://openalex.org/W2168761467
https://openalex.org/W2002059446
https://openalex.org/W1723184855
https://openalex.org/W1998885786
https://openalex.org/W2029269956
https://openalex.org/W2057949907
https://openalex.org/W2082291349
https://openalex.org/W2111480202
https://openalex.org/W2119806329
https://openalex.org/W2154168034
https://openalex.org/W1966152101
https://openalex.org/W2162169842
https://openalex.org/W2091432054
https://openalex.org/W1206398184
https://openalex.org/W1966618098
https://openalex.org/W2056208720
https://openalex.org/W2060542650
https://openalex.org/W2086370923
https://openalex.org/W2045038958
https://openalex.org/W2134954943
https://openalex.org/W2152505262
https://openalex.org/W1985981716
https://openalex.org/W2083056119
https://openalex.org/W1728809351
https://openalex.org/W2274238354
https://openalex.org/W2416606454
https://openalex.org/W2517325156
https://openalex.org/W2792043029
https://openalex.org/W2899537517
https://openalex.org/W1965408422
https://openalex.org/W2059048247
https://openalex.org/W2142679419
https://openalex.org/W2191444573
https://openalex.org/W2766737844
https://openalex.org/W2985027186
https://openalex.org/W2066556904
https://openalex.org/W2338242629
https://openalex.org/W2342184612
https://openalex.org/W1941996677
https://openalex.org/W2802242674
https://openalex.org/W2327064869
https://openalex.org/W2328971221
https://openalex.org/W2510944469
https://openalex.org/W2801754463
https://openalex.org/W2949751763
https://openalex.org/W2947397099
https://openalex.org/W2960155897
https://openalex.org/W2962606689
https://openalex.org/W2973067981
https://openalex.org/W3037900146
https://openalex.org/W2995160616
https://openalex.org/W3049319010
https://openalex.org/W3004147307
https://openalex.org/W3009596041
https://openalex.org/W3126414711
https://openalex.org/W3153554524
https://openalex.org/W3170883086
https://openalex.org/W4200114094
https://openalex.org/W4282022167
https://openalex.org/W4307498345
https://openalex.org/W4320484690
https://openalex.org/W2057465693
https://openalex.org/W2074197155
https://openalex.org/W2157725749
https://openalex.org/W2604692165
https://openalex.org/W2008990638
https://openalex.org/W2014270144
https://openalex.org/W2058029165
https://openalex.org/W2078694016
https://openalex.org/W2028723390
https://openalex.org/W2077457454
https://openalex.org/W2142655184
https://openalex.org/W2081980299
https://openalex.org/W1975471977
https://openalex.org/W2013422344
https://openalex.org/W2054413636
https://openalex.org/W2056617450
https://openalex.org/W2118444650
https://openalex.org/W2138890615
https://openalex.org/W652304391
https://openalex.org/W2088814632
https://openalex.org/W2135972067
https://openalex.org/W96939183
https://openalex.org/W2150654937
https://openalex.org/W1988015788
https://openalex.org/W2185001617
https://openalex.org/W2056120364
https://openalex.org/W1969612449
https://openalex.org/W2022938741
https://openalex.org/W1867095186
https://openalex.org/W2100659149
https://openalex.org/W2169603321
https://openalex.org/W2162453406
https://openalex.org/W2578128382
https://openalex.org/W2728280893
https://openalex.org/W3144558005
https://openalex.org/W1963884797
https://openalex.org/W2095549542
https://openalex.org/W2020554400
https://openalex.org/W2798099664
https://openalex.org/W2587751387
https://openalex.org/W2772925633
https://openalex.org/W2808572893
https://openalex.org/W2912770573
https://openalex.org/W2799904540
https://openalex.org/W2948989501
https://openalex.org/W2972965797
https://openalex.org/W2945875153
https://openalex.org/W2990523117
https://openalex.org/W2911248176
https://openalex.org/W2974923570
https://openalex.org/W3080236706
https://openalex.org/W3106139060
https://openalex.org/W3121367628
https://openalex.org/W3138101668
https://openalex.org/W3160110415
https://openalex.org/W3164247828
https://openalex.org/W4200559293
https://openalex.org/W4286586358
https://openalex.org/W4210755865
https://openalex.org/W4310289702
https://openalex.org/W4226205297
https://openalex.org/W4319264346
https://openalex.org/W4365597352
https://openalex.org/W4386029125
https://openalex.org/W4386151409
https://openalex.org/W2082735501
https://openalex.org/W1599661645
https://openalex.org/W2024229206
https://openalex.org/W2074402993
https://openalex.org/W2065227060
https://openalex.org/W2069022837
https://openalex.org/W2086450017
https://openalex.org/W2001302064
https://openalex.org/W1943959668
https://openalex.org/W2029349193
https://openalex.org/W2024703374
https://openalex.org/W1964811235
https://openalex.org/W2160046601
https://openalex.org/W2172033064
https://openalex.org/W2052683565
https://openalex.org/W2129549369
https://openalex.org/W2132144858
https://openalex.org/W2012231023
https://openalex.org/W2075315216
https://openalex.org/W1983227688
https://openalex.org/W2004597846
https://openalex.org/W1999018690
https://openalex.org/W2074687394
https://openalex.org/W1977948029
https://openalex.org/W2047257490
https://openalex.org/W2042723067
https://openalex.org/W1573565280
https://openalex.org/W2085712929
https://openalex.org/W2112246338
https://openalex.org/W2150697080
https://openalex.org/W2158553042
https://openalex.org/W1998261600
https://openalex.org/W2024166814
https://openalex.org/W2113062304
https://openalex.org/W2127048335
https://openalex.org/W2087254700
https://openalex.org/W2119589320
https://openalex.org/W3615270
https://openalex.org/W1929482036
https://openalex.org/W1971425406
https://openalex.org/W198650857
https://openalex.org/W2059279839
https://openalex.org/W2082196794
https://openalex.org/W5002388
https://openalex.org/W775370545
https://openalex.org/W830102174
https://openalex.org/W2052147508
https://openalex.org/W2129089902
https://openalex.org/W1898124569
https://openalex.org/W2092895983
https://openalex.org/W2472077480
https://openalex.org/W2772159649
https://openalex.org/W2783055262
https://openalex.org/W2787472711
https://openalex.org/W2799969357
https://openalex.org/W2277532837
https://openalex.org/W2472376034
https://openalex.org/W2589038139
https://openalex.org/W2891139071
https://openalex.org/W2237323738
https://openalex.org/W2461689992
https://openalex.org/W2889396292
https://openalex.org/W2956066265
https://openalex.org/W2916293024
https://openalex.org/W2942551672
https://openalex.org/W3108103476
https://openalex.org/W2997908773
https://openalex.org/W3000629450
https://openalex.org/W3014282899
https://openalex.org/W3096810382
https://openalex.org/W3111425928
https://openalex.org/W3130674176
https://openalex.org/W3189632843
https://openalex.org/W3191097476
https://openalex.org/W3200698579
https://openalex.org/W4220915814
https://openalex.org/W4223600146
https://openalex.org/W4289522007
https://openalex.org/W4309593095
https://openalex.org/W4387683805
https://openalex.org/W4389956030
https://openalex.org/W4390053285
https://openalex.org/W4390204693
https://openalex.org/W4390245044
https://openalex.org/W4390488596
https://openalex.org/W4390887331
https://openalex.org/W4390891918
https://openalex.org/W4391174057
https://openalex.org/W4391257366
https://openalex.org/W4391257498
https://openalex.org/W4391257529
https://openalex.org/W4391257591
https://openalex.org/W4391264346
https://openalex.org/W4391264549
https://openalex.org/W4391466820
https://openalex.org/W4391849169
https://openalex.org/W4391851390
https://openalex.org/W4391958169
https://openalex.org/W4392303059
https://openalex.org/W4392308623
https://openalex.org/W4392355390
https://openalex.org/W4392360409
https://openalex.org/W4392461139
https://openalex.org/W4392464218
https://openalex.org/W4392802914
https://openalex.org/W4392808725
https://openalex.org/W4392855462
https://openalex.org/W4392973112
https://openalex.org/W4393087663
https://openalex.org/W4393219482
https://openalex.org/W4393255727
https://openalex.org/W4393334157
https://openalex.org/W4393349088
https://openalex.org/W4393373918
https://openalex.org/W4393948942
https://openalex.org/W4394686436
https://openalex.org/W4394785700
https://openalex.org/W4394814029
https://openalex.org/W4394939393
https://openalex.org/W4395017834
https://openalex.org/W4395956191
https://openalex.org/W4396229641
https://openalex.org/W4396552363
https://openalex.org/W13991422
https://openalex.org/W2044408722
https://openalex.org/W57608546
https://openalex.org/W1999895738
https://openalex.org/W1965943216
https://openalex.org/W2072910877
https://openalex.org/W2160050007
https://openalex.org/W128816780
https://openalex.org/W2122473590
https://openalex.org/W2009302456
https://openalex.org/W1935516919
https://openalex.org/W2086843452
https://openalex.org/W2090921990
https://openalex.org/W2144264159
https://openalex.org/W2050465739
https://openalex.org/W1992874519
https://openalex.org/W2086009731
https://openalex.org/W2001601365
https://openalex.org/W2017295550
https://openalex.org/W1994940711
https://openalex.org/W2085953819
https://openalex.org/W1997119128
https://openalex.org/W2026546304
https://openalex.org/W2049629541
https://openalex.org/W2185513276
https://openalex.org/W1487912095
https://openalex.org/W1971354316
https://openalex.org/W1995050727
https://openalex.org/W1987393607
https://openalex.org/W1993570459
https://openalex.org/W2094395372
https://openalex.org/W2025138577
https://openalex.org/W2074343226
https://openalex.org/W2146120130
https://openalex.org/W1997948117
https://openalex.org/W2010490966
https://openalex.org/W2016806612
https://openalex.org/W2044189946
https://openalex.org/W2050028615
https://openalex.org/W2067003013
https://openalex.org/W2075837963
https://openalex.org/W2151846301
https://openalex.org/W1546773410
https://openalex.org/W1988947359
https://openalex.org/W2114742223
https://openalex.org/W1560580271
https://openalex.org/W1979512989
https://openalex.org/W1986570971
https://openalex.org/W2001728974
https://openalex.org/W2026101866
https://openalex.org/W2153900207
https://openalex.org/W2166414294
https://openalex.org/W2322578080
https://openalex.org/W1737569432
https://openalex.org/W1835381180
https://openalex.org/W1977844327
https://openalex.org/W1985199910
https://openalex.org/W2750937326
https://openalex.org/W2142842128
https://openalex.org/W2287576667
https://openalex.org/W2320945807
https://openalex.org/W2417615497
https://openalex.org/W2557620752
https://openalex.org/W2576391063
https://openalex.org/W2793770225
https://openalex.org/W2898252097
https://openalex.org/W1497752000
https://openalex.org/W2201410261
https://openalex.org/W2299681079
https://openalex.org/W2316328185
https://openalex.org/W2463354991
https://openalex.org/W2565032031
https://openalex.org/W2795280617
https://openalex.org/W2938513900
https://openalex.org/W2964561542
https://openalex.org/W3128506997
https://openalex.org/W3132020753
https://openalex.org/W4323860398
https://openalex.org/W4360610282
https://openalex.org/W4367395863
https://openalex.org/W4383187664
https://openalex.org/W4386102338
https://openalex.org/W4386979584
https://openalex.org/W4387335599
https://openalex.org/W2044372336
https://openalex.org/W1979219894
https://openalex.org/W2083256246
https://openalex.org/W2027356337
https://openalex.org/W2073047256
https://openalex.org/W1995244945
https://openalex.org/W1972786780
https://openalex.org/W201106149
https://openalex.org/W1965356061
https://openalex.org/W2009882586
https://openalex.org/W2079018774
https://openalex.org/W2008874054
https://openalex.org/W2121436497
https://openalex.org/W2011269344
https://openalex.org/W2093233230
https://openalex.org/W2221110246
https://openalex.org/W2418876141
https://openalex.org/W2060352180
https://openalex.org/W2008523010
https://openalex.org/W2015014613
https://openalex.org/W2037784980
https://openalex.org/W1823435292
https://openalex.org/W2078042999
https://openalex.org/W2092014090
https://openalex.org/W1965144877
https://openalex.org/W1980716851
https://openalex.org/W2032886077
https://openalex.org/W2054846740
https://openalex.org/W2096983653
https://openalex.org/W2165794285
https://openalex.org/W1508657915
https://openalex.org/W1991735945
https://openalex.org/W2027827846
https://openalex.org/W2089532491
https://openalex.org/W2102866044
https://openalex.org/W2123576890
https://openalex.org/W2125812990
https://openalex.org/W1981307538
https://openalex.org/W2030168188
https://openalex.org/W2152445443
https://openalex.org/W1593384654
https://openalex.org/W1993330945
https://openalex.org/W2009258693
https://openalex.org/W2026169521
https://openalex.org/W2058697658
https://openalex.org/W2067710853
https://openalex.org/W2082293193
https://openalex.org/W2334682674
https://openalex.org/W1958665066
https://openalex.org/W1972960078
https://openalex.org/W2022175883
https://openalex.org/W2165100805
https://openalex.org/W2317792337
https://openalex.org/W2766846052
https://openalex.org/W2787635926
https://openalex.org/W2808598448
https://openalex.org/W2895086088
https://openalex.org/W2900820805
https://openalex.org/W2151718706
https://openalex.org/W2213142146
https://openalex.org/W2522964415
https://openalex.org/W2562940154
https://openalex.org/W2793163532
https://openalex.org/W2807569129
https://openalex.org/W2259817191
https://openalex.org/W2309971821
https://openalex.org/W2920943805
https://openalex.org/W2953754800
https://openalex.org/W2989661296
https://openalex.org/W776515010
https://openalex.org/W3017849098
https://openalex.org/W3048291109
https://openalex.org/W3090314803
https://openalex.org/W3166051426
https://openalex.org/W3209007656
https://openalex.org/W3207463143
https://openalex.org/W4213055251
https://openalex.org/W4213420482
https://openalex.org/W4285492582
https://openalex.org/W4292560125
https://openalex.org/W4311154470
https://openalex.org/W2020074790
https://openalex.org/W2031128407
https://openalex.org/W2032045788
https://openalex.org/W2095050696
https://openalex.org/W1977930539
https://openalex.org/W2082695493
https://openalex.org/W2178944803
https://openalex.org/W80893455
https://openalex.org/W1573475475
https://openalex.org/W2053435972
https://openalex.org/W2135979673
https://openalex.org/W2006642758
https://openalex.org/W2107266763
https://openalex.org/W1978442843
https://openalex.org/W2070162739
https://openalex.org/W2093283848
https://openalex.org/W2033439134
https://openalex.org/W2133781944
https://openalex.org/W1988809956
https://openalex.org/W2124867669
https://openalex.org/W1523530722
https://openalex.org/W2020581780
https://openalex.org/W2044318440
https://openalex.org/W2073693547
https://openalex.org/W2023915566
https://openalex.org/W2108402764
https://openalex.org/W2108453513
https://openalex.org/W2129588669
https://openalex.org/W1578691558
https://openalex.org/W1827903741
https://openalex.org/W2060791758
https://openalex.org/W2090689136
https://openalex.org/W2258759629
https://openalex.org/W2579050221
https://openalex.org/W2598392088
https://openalex.org/W2736538889
https://openalex.org/W2795221939
https://openalex.org/W2903416096
https://openalex.org/W1982591090
https://openalex.org/W2048454790
https://openalex.org/W2060449544
https://openalex.org/W2232978384
https://openalex.org/W2398187779
https://openalex.org/W2783095771
https://openalex.org/W2788438531
https://openalex.org/W2794029009
https://openalex.org/W2946493062
https://openalex.org/W2510917362
https://openalex.org/W2946546466
https://openalex.org/W3005210554
https://openalex.org/W3048693942
https://openalex.org/W3118525033
https://openalex.org/W3175139120
https://openalex.org/W3187851912
https://openalex.org/W4213353557
https://openalex.org/W4213369070
https://openalex.org/W4213452646
https://openalex.org/W4220776634
https://openalex.org/W4282568651
https://openalex.org/W4310044165
https://openalex.org/W1910032889
https://openalex.org/W2037007480
https://openalex.org/W2037647003
https://openalex.org/W1985029137
https://openalex.org/W1502679514
https://openalex.org/W2075019049
https://openalex.org/W1545130692
https://openalex.org/W1989196868
https://openalex.org/W2030339788
https://openalex.org/W2107021618
https://openalex.org/W2162299036
https://openalex.org/W2059365788
https://openalex.org/W2413756531
https://openalex.org/W2003383095
https://openalex.org/W2035213597
https://openalex.org/W2041853830
https://openalex.org/W2148259688
https://openalex.org/W2059471142
https://openalex.org/W2099873782
https://openalex.org/W2114853946
https://openalex.org/W2166290797
https://openalex.org/W1799388888
https://openalex.org/W1992421192
https://openalex.org/W2022281014
https://openalex.org/W2034043856
https://openalex.org/W2040909494
https://openalex.org/W2045329474
https://openalex.org/W2052524588
https://openalex.org/W2138681924
https://openalex.org/W2189938470
https://openalex.org/W2405866099
https://openalex.org/W2537607917
https://openalex.org/W2739363833
https://openalex.org/W2745643030
https://openalex.org/W2761773048
https://openalex.org/W2786409670
https://openalex.org/W2887767966
https://openalex.org/W2906317895
https://openalex.org/W3041792665
https://openalex.org/W1697604326
https://openalex.org/W1965462099
https://openalex.org/W1966762689
https://openalex.org/W1989457785
https://openalex.org/W2041487660
https://openalex.org/W2135027478
https://openalex.org/W2742720994
https://openalex.org/W2757265486
https://openalex.org/W2762786275
https://openalex.org/W2793973661
https://openalex.org/W2794585827
https://openalex.org/W2800336716
https://openalex.org/W2885872543
https://openalex.org/W2897335600
https://openalex.org/W2943362272
https://openalex.org/W2992542072
https://openalex.org/W2994639332
https://openalex.org/W2313320488
https://openalex.org/W2471416336
https://openalex.org/W2519013274
https://openalex.org/W2520974627
https://openalex.org/W3006205584
https://openalex.org/W3025074710
https://openalex.org/W3029084633
https://openalex.org/W3033188667
https://openalex.org/W3035149970
https://openalex.org/W3083087275
https://openalex.org/W3107770889
https://openalex.org/W3123184459
https://openalex.org/W2968873808
https://openalex.org/W3015090726
https://openalex.org/W3082447650
https://openalex.org/W3137385076
https://openalex.org/W3138457411
https://openalex.org/W3163399216
https://openalex.org/W3151968651
https://openalex.org/W4379517280
https://openalex.org/W2117426115
https://openalex.org/W1032405144
https://openalex.org/W129624319
https://openalex.org/W2145510069
https://openalex.org/W2046294714
https://openalex.org/W2129173876
https://openalex.org/W2027867119
https://openalex.org/W2409375423
https://openalex.org/W206053529
https://openalex.org/W2166201731
https://openalex.org/W1489590796
https://openalex.org/W2222717407
https://openalex.org/W2005698028
https://openalex.org/W2002571750
https://openalex.org/W2058911589
https://openalex.org/W2082136681
https://openalex.org/W2109466821
https://openalex.org/W1522460243
https://openalex.org/W1768738928
https://openalex.org/W1854030687
https://openalex.org/W1958761863
https://openalex.org/W1974831275
https://openalex.org/W1977202047
https://openalex.org/W1994761191
https://openalex.org/W2043633146
https://openalex.org/W2083650099
https://openalex.org/W2091042654
https://openalex.org/W2097168537
https://openalex.org/W2299037163
https://openalex.org/W2796031391
https://openalex.org/W1971202427
https://openalex.org/W1995858135
https://openalex.org/W1997023500
https://openalex.org/W2110629875
https://openalex.org/W2159644122
https://openalex.org/W2233572360
https://openalex.org/W2295474354
https://openalex.org/W2323682570
https://openalex.org/W2516899470
https://openalex.org/W2914882232
https://openalex.org/W2937134630
https://openalex.org/W2972690450
https://openalex.org/W2978771478
https://openalex.org/W973253605
https://openalex.org/W2998302813
https://openalex.org/W2998980436
https://openalex.org/W3080205012
https://openalex.org/W3110302876
https://openalex.org/W3170413471
https://openalex.org/W3175455932
https://openalex.org/W3177015589
https://openalex.org/W3202383928
https://openalex.org/W4205377799
https://openalex.org/W4206444743
https://openalex.org/W4213226945
https://openalex.org/W4225730509
https://openalex.org/W4280526901
https://openalex.org/W4307427140
https://openalex.org/W4308333648
https://openalex.org/W4309326934
https://openalex.org/W4307066564
https://openalex.org/W4316663307
https://openalex.org/W4319058108
https://openalex.org/W4321480560
https://openalex.org/W4361823293
https://openalex.org/W4361853034
https://openalex.org/W4362578416
https://openalex.org/W4368362874
https://openalex.org/W4380987771
https://openalex.org/W4382893532
https://openalex.org/W4383058659
https://openalex.org/W4385799741
https://openalex.org/W4385978303
https://openalex.org/W4387141556
https://openalex.org/W4387363380
https://openalex.org/W4387801093
https://openalex.org/W4389481254
https://openalex.org/W4389980683
https://openalex.org/W4390271474
https://openalex.org/W1511598709
https://openalex.org/W2086586378
https://openalex.org/W116251839
https://openalex.org/W2164117750
https://openalex.org/W99135419
https://openalex.org/W2112977788
https://openalex.org/W162654496
https://openalex.org/W2022031080
https://openalex.org/W2048722271
https://openalex.org/W2602241302
https://openalex.org/W2084240106
https://openalex.org/W2156605238
https://openalex.org/W2145673083
https://openalex.org/W1989027016
https://openalex.org/W2012388015
https://openalex.org/W2126695032
https://openalex.org/W1983031803
https://openalex.org/W2016649635
https://openalex.org/W2035889095
https://openalex.org/W2121891522
https://openalex.org/W1993000359
https://openalex.org/W2027178241
https://openalex.org/W2041726130
https://openalex.org/W2077130544
https://openalex.org/W2088877906
https://openalex.org/W2570850378
https://openalex.org/W2602928166
https://openalex.org/W2611122281
https://openalex.org/W2737740800
https://openalex.org/W2785411289
https://openalex.org/W2788305343
https://openalex.org/W2789208899
https://openalex.org/W2015331548
https://openalex.org/W2016679697
https://openalex.org/W2079065876
https://openalex.org/W2289753390
https://openalex.org/W2295941827
https://openalex.org/W2334925616
https://openalex.org/W2395792774
https://openalex.org/W2402946336
https://openalex.org/W2438813575
https://openalex.org/W2497930119
https://openalex.org/W2614233833
https://openalex.org/W2754399421
https://openalex.org/W2768038886
https://openalex.org/W2901342266
https://openalex.org/W2921007907
https://openalex.org/W2973012742
https://openalex.org/W2982628548
https://openalex.org/W2986574974
https://openalex.org/W2996970036
https://openalex.org/W576679387
https://openalex.org/W2195046254
https://openalex.org/W2469824976
https://openalex.org/W2066867232
https://openalex.org/W2075753410
https://openalex.org/W4245423828
https://openalex.org/W2015759599
https://openalex.org/W2084390990
https://openalex.org/W2148157820
https://openalex.org/W1982405846
https://openalex.org/W2029266263
https://openalex.org/W2038891440
https://openalex.org/W2525025634
https://openalex.org/W1981553351
https://openalex.org/W1970736972
https://openalex.org/W2050450773
https://openalex.org/W2054337027
https://openalex.org/W2075996128
https://openalex.org/W2007118718
https://openalex.org/W24996664
https://openalex.org/W1988601004
https://openalex.org/W2002455765
https://openalex.org/W2008796991
https://openalex.org/W2034354708
https://openalex.org/W2126029511
https://openalex.org/W2165575781
https://openalex.org/W2328931873
https://openalex.org/W2781988047
https://openalex.org/W2793750952
https://openalex.org/W2895746899
https://openalex.org/W4205846251
https://openalex.org/W4229849526
https://openalex.org/W1988653974
https://openalex.org/W1991313955
https://openalex.org/W1995719252
https://openalex.org/W2011187028
https://openalex.org/W2045023458
https://openalex.org/W2073433020
https://openalex.org/W2411415267
https://openalex.org/W2517827856
https://openalex.org/W2526679419
https://openalex.org/W2610062505
https://openalex.org/W2614002459
https://openalex.org/W2770663502
https://openalex.org/W2793776788
https://openalex.org/W2918350308
https://openalex.org/W2936524132
https://openalex.org/W2989053238
https://openalex.org/W3035668854
https://openalex.org/W3083582395
https://openalex.org/W3095541753
https://openalex.org/W4253147012
https://openalex.org/W2300565800
https://openalex.org/W2330254193
https://openalex.org/W2463058978
https://openalex.org/W2509248861
https://openalex.org/W3114808631
https://openalex.org/W3157449944
https://openalex.org/W3203279127
https://openalex.org/W3205890021
https://openalex.org/W3215645955
https://openalex.org/W4200520350
https://openalex.org/W2394845249
https://openalex.org/W2011712944
https://openalex.org/W1843247950
https://openalex.org/W2119257657
https://openalex.org/W2139735414
https://openalex.org/W2157731214
https://openalex.org/W1984043308
https://openalex.org/W2053224752
https://openalex.org/W1987282785
https://openalex.org/W2005012123
https://openalex.org/W2016861134
https://openalex.org/W2123153517
https://openalex.org/W2298468350
https://openalex.org/W2787087829
https://openalex.org/W2802920203
https://openalex.org/W2887401165
https://openalex.org/W1538345383
https://openalex.org/W1697042652
https://openalex.org/W2008269566
https://openalex.org/W2043171100
https://openalex.org/W2068946025
https://openalex.org/W2134160928
https://openalex.org/W2155731606
https://openalex.org/W2233309298
https://openalex.org/W2323948242
https://openalex.org/W2339183256
https://openalex.org/W2567065071
https://openalex.org/W2573028893
https://openalex.org/W2586168928
https://openalex.org/W2743136906
https://openalex.org/W2751297221
https://openalex.org/W2762572443
https://openalex.org/W2778853157
https://openalex.org/W3041267160
https://openalex.org/W3046051641
https://openalex.org/W4206119611
https://openalex.org/W42230202
https://openalex.org/W985593616
https://openalex.org/W3115457121
https://openalex.org/W3115473526
https://openalex.org/W3177040060
https://openalex.org/W3180004776
https://openalex.org/W4213218344
https://openalex.org/W4225316104
https://openalex.org/W4280599592
https://openalex.org/W4283008748
https://openalex.org/W4294897991
https://openalex.org/W4296690520
https://openalex.org/W4306926058
https://openalex.org/W4308297441
https://openalex.org/W1521828143
https://openalex.org/W2056780123
https://openalex.org/W2075479792
https://openalex.org/W2412739834
https://openalex.org/W2413243970
https://openalex.org/W1974168154
https://openalex.org/W2010009804
https://openalex.org/W2073523632
https://openalex.org/W1568296816
https://openalex.org/W2084874792
https://openalex.org/W2615910719
https://openalex.org/W2147830619
https://openalex.org/W2225393010
https://openalex.org/W2792617316
https://openalex.org/W2794984649
https://openalex.org/W2800421863
https://openalex.org/W2899170835
https://openalex.org/W1574340957
https://openalex.org/W2076500461
https://openalex.org/W2121005584
https://openalex.org/W2172956115
https://openalex.org/W2210907967
https://openalex.org/W2276419602
https://openalex.org/W2337232720
https://openalex.org/W2518876423
https://openalex.org/W2548562868
https://openalex.org/W2736193154
https://openalex.org/W3000331007
https://openalex.org/W3002026476
https://openalex.org/W3012947060
https://openalex.org/W3023102849
https://openalex.org/W3046320961
https://openalex.org/W3087091414
https://openalex.org/W3087813599
https://openalex.org/W3106317927
https://openalex.org/W4205757325
https://openalex.org/W2149750054
https://openalex.org/W4233664441
https://openalex.org/W51642819
https://openalex.org/W2019216645
https://openalex.org/W2061008597
https://openalex.org/W163930227
https://openalex.org/W2035301618
https://openalex.org/W2183187260
https://openalex.org/W1991564281
https://openalex.org/W2056332816
https://openalex.org/W2257273196
https://openalex.org/W1985551797
https://openalex.org/W190074228
https://openalex.org/W2014420231
https://openalex.org/W2044762980
https://openalex.org/W2468619938
https://openalex.org/W3077801353
https://openalex.org/W4300250553
https://openalex.org/W2003168490
https://openalex.org/W2014240928
https://openalex.org/W2019549422
https://openalex.org/W2035936940
https://openalex.org/W2060996130
https://openalex.org/W2586331156
https://openalex.org/W2782737727
https://openalex.org/W2790812384
https://openalex.org/W2882995736
https://openalex.org/W2917061964
https://openalex.org/W2941393898
https://openalex.org/W2966580038
https://openalex.org/W2971331349
https://openalex.org/W2979536797
https://openalex.org/W1919180987
https://openalex.org/W2172549241
https://openalex.org/W2177337328
https://openalex.org/W2233450774
https://openalex.org/W2286243189
https://openalex.org/W2287906977
https://openalex.org/W2300461893
https://openalex.org/W2328686719
https://openalex.org/W2410230765
https://openalex.org/W2560521024
https://openalex.org/W2588385763
https://openalex.org/W3088262927
https://openalex.org/W3129542198
https://openalex.org/W3135208690
https://openalex.org/W3138043048
https://openalex.org/W3162021190
https://openalex.org/W3190431332
https://openalex.org/W3198966863
https://openalex.org/W3207213955
https://openalex.org/W3211573583
https://openalex.org/W1523608588
https://openalex.org/W147677234
https://openalex.org/W1988804720
https://openalex.org/W1992746038
https://openalex.org/W2409153552
https://openalex.org/W2051562576
https://openalex.org/W2078093288
https://openalex.org/W2073058969
https://openalex.org/W2018114561
https://openalex.org/W1582319623
https://openalex.org/W2072261906
https://openalex.org/W2077820491
https://openalex.org/W2410730955
https://openalex.org/W2166884503
https://openalex.org/W2792821208
https://openalex.org/W2087538549
https://openalex.org/W2111819172
https://openalex.org/W2119607736
https://openalex.org/W2163152870
https://openalex.org/W1968133275
https://openalex.org/W1968705986
https://openalex.org/W2031804619
https://openalex.org/W2069701530
https://openalex.org/W2182333991
https://openalex.org/W2184273834
https://openalex.org/W2187915779
https://openalex.org/W2737741711
https://openalex.org/W2786419088
https://openalex.org/W2787261076
https://openalex.org/W2924049912
https://openalex.org/W2970219784
https://openalex.org/W2990791450
https://openalex.org/W3005205591
https://openalex.org/W3009092084
https://openalex.org/W3035706788
https://openalex.org/W3037427431
https://openalex.org/W3043866188
https://openalex.org/W3047119276
https://openalex.org/W3094061481
https://openalex.org/W3101986074
https://openalex.org/W3114958691
https://openalex.org/W3193875845
https://openalex.org/W2197434846
https://openalex.org/W2312312435
https://openalex.org/W2342423606
https://openalex.org/W2406852625
https://openalex.org/W2408069059
https://openalex.org/W2422260859
https://openalex.org/W2469810623
https://openalex.org/W2494413449
https://openalex.org/W3111354331
https://openalex.org/W3213685021
https://openalex.org/W4206947854
https://openalex.org/W4212825717
https://openalex.org/W4220743920
https://openalex.org/W4223610819
https://openalex.org/W4224995730
https://openalex.org/W4229013748
https://openalex.org/W4280560601
https://openalex.org/W4281480336
https://openalex.org/W4282916205
https://openalex.org/W4283330987
https://openalex.org/W4284880374
https://openalex.org/W4290565004
https://openalex.org/W4295074346
https://openalex.org/W4296236210
https://openalex.org/W4297326490
https://openalex.org/W4297906251
https://openalex.org/W4308451174
https://openalex.org/W4309095432
https://openalex.org/W2428435539
https://openalex.org/W2077267553
https://openalex.org/W2471894638
https://openalex.org/W120711194
https://openalex.org/W2044699897
https://openalex.org/W2167293833
https://openalex.org/W2409924491
https://openalex.org/W1993858071
https://openalex.org/W2011924145
https://openalex.org/W2049274312
https://openalex.org/W2413396536
https://openalex.org/W2000024803
https://openalex.org/W2140632210
https://openalex.org/W2470423527
https://openalex.org/W2004703093
https://openalex.org/W2115587133
https://openalex.org/W4322578534
https://openalex.org/W1964074575
https://openalex.org/W1966748094
https://openalex.org/W1984096866
https://openalex.org/W2042479152
https://openalex.org/W2059648380
https://openalex.org/W2076693948
https://openalex.org/W3089903776
https://openalex.org/W2020620450
https://openalex.org/W2067975908
https://openalex.org/W2468853283
https://openalex.org/W2019121356
https://openalex.org/W2061904909
https://openalex.org/W2054486704
https://openalex.org/W1971076858
https://openalex.org/W2016204392
https://openalex.org/W2140933064
https://openalex.org/W2898641546
https://openalex.org/W2128405266
https://openalex.org/W2150712952
https://openalex.org/W1030462
https://openalex.org/W2068889360
https://openalex.org/W2477536976
https://openalex.org/W2588443245
https://openalex.org/W2600342254
https://openalex.org/W2613887690
https://openalex.org/W2614819977
https://openalex.org/W2782622577
https://openalex.org/W2783961750
https://openalex.org/W2787989390
https://openalex.org/W2792925968
https://openalex.org/W2793096203
https://openalex.org/W2801859751
https://openalex.org/W2803286382
https://openalex.org/W2886672016
https://openalex.org/W2896764498
https://openalex.org/W2910856664
https://openalex.org/W2972100908
https://openalex.org/W2977768410
https://openalex.org/W2981685712
https://openalex.org/W2986982366
https://openalex.org/W2987218108
https://openalex.org/W3022489311
https://openalex.org/W3035421527
https://openalex.org/W3036453747
https://openalex.org/W3041095418
https://openalex.org/W3097862281
https://openalex.org/W3112341705
https://openalex.org/W3119068416
https://openalex.org/W3120965318
https://openalex.org/W3123213562
https://openalex.org/W3128256625
https://openalex.org/W3158615419
https://openalex.org/W3160885791
https://openalex.org/W3176347001
https://openalex.org/W3196261613
https://openalex.org/W3199010981
https://openalex.org/W3215506676
https://openalex.org/W2231440738
https://openalex.org/W2240152883
https://openalex.org/W2294587848
https://openalex.org/W2337613160
https://openalex.org/W2507996195
https://openalex.org/W2530184493
https://openalex.org/W2560430198
https://openalex.org/W2564232493
https://openalex.org/W4237446922
https://openalex.org/W1897074544
https://openalex.org/W2113319335
https://openalex.org/W32462324
https://openalex.org/W2010346391
https://openalex.org/W2020348158
https://openalex.org/W2058563214
https://openalex.org/W2623484159
https://openalex.org/W2114838640
https://openalex.org/W1995920604
https://openalex.org/W2153537394
https://openalex.org/W2183316250
https://openalex.org/W1458511813
https://openalex.org/W1512412177
https://openalex.org/W1698031214
https://openalex.org/W1975499924
https://openalex.org/W1983078176
https://openalex.org/W1987976938
https://openalex.org/W1997409416
https://openalex.org/W2015334740
https://openalex.org/W2021310722
https://openalex.org/W2068416937
https://openalex.org/W2100867349
https://openalex.org/W2101104432
https://openalex.org/W2170101392
https://openalex.org/W2170621584
https://openalex.org/W2262425819
https://openalex.org/W2332205684
https://openalex.org/W2341385120
https://openalex.org/W2401694482
https://openalex.org/W2409111560
https://openalex.org/W2462835430
https://openalex.org/W3146447235
https://openalex.org/W52533745
https://openalex.org/W2073983101
https://openalex.org/W4315631960
https://openalex.org/W4319322188
https://openalex.org/W4319459450
https://openalex.org/W4320033736
https://openalex.org/W4321794087
https://openalex.org/W4322490592
https://openalex.org/W4322490639
https://openalex.org/W4322490712
https://openalex.org/W4323865720
https://openalex.org/W4324140185
https://openalex.org/W4327932596
https://openalex.org/W4360606819
https://openalex.org/W4360956599
https://openalex.org/W4361298314
https://openalex.org/W4361752856
https://openalex.org/W4361822343
https://openalex.org/W4361825817
https://openalex.org/W4361825819
https://openalex.org/W4361825823
https://openalex.org/W4361825840
https://openalex.org/W4361825850
https://openalex.org/W4361825884
https://openalex.org/W4361825893
https://openalex.org/W4361825895
https://openalex.org/W4361825896
https://openalex.org/W4361825898
https://openalex.org/W4361825901
https://openalex.org/W4361825907
https://openalex.org/W4361825909
https://openalex.org/W4361825911
https://openalex.org/W4361825918
https://openalex.org/W4361825926
https://openalex.org/W4361825929
https://openalex.org/W4361825941
https://openalex.org/W4361825949
https://openalex.org/W4361826091
https://openalex.org/W4361826433
https://openalex.org/W4361831600
https://openalex.org/W4361833598
https://openalex.org/W4361836195
https://openalex.org/W4361836211
https://openalex.org/W4361836414
https://openalex.org/W4361842077
https://openalex.org/W4361842095
https://openalex.org/W4361842098
https://openalex.org/W4361842170
https://openalex.org/W4361842196
https://openalex.org/W4361842262
https://openalex.org/W4361893229
https://openalex.org/W4361893235
https://openalex.org/W4361893248
https://openalex.org/W4361893272
https://openalex.org/W4362003577
https://openalex.org/W4362006172
https://openalex.org/W4362015273
https://openalex.org/W4362237653
https://openalex.org/W4362237658
https://openalex.org/W4362237667
https://openalex.org/W4362237669
https://openalex.org/W4362237753
https://openalex.org/W4362237760
https://openalex.org/W4362237854
https://openalex.org/W4362237862
https://openalex.org/W4362237892
https://openalex.org/W4362241342
https://openalex.org/W4362241636
https://openalex.org/W4362241694
https://openalex.org/W4362241886
https://openalex.org/W4362416633
https://openalex.org/W4362417087
https://openalex.org/W4362417669
https://openalex.org/W4362487610
https://openalex.org/W4362487696
https://openalex.org/W4362491722
https://openalex.org/W4362491845
https://openalex.org/W4362491888
https://openalex.org/W4362491891
https://openalex.org/W4362605567
https://openalex.org/W4365791804
https://openalex.org/W4366313873
https://openalex.org/W4367306761
https://openalex.org/W4372300997
https://openalex.org/W4376619811
https://openalex.org/W4377092104
https://openalex.org/W4377694452
https://openalex.org/W4378746535
https://openalex.org/W4378902821
https://openalex.org/W4379961479
https://openalex.org/W4380228352
https://openalex.org/W4382345155
https://openalex.org/W4382359113
https://openalex.org/W4382931435
https://openalex.org/W4386032963
https://openalex.org/W4386032998
https://openalex.org/W4386086276
https://openalex.org/W4386151664
https://openalex.org/W4386211559
https://openalex.org/W4386215825
https://openalex.org/W4386481164
https://openalex.org/W4386481213
https://openalex.org/W4386625242
https://openalex.org/W4386725941
https://openalex.org/W4387110586
https://openalex.org/W4387160827
https://openalex.org/W4387343938
https://openalex.org/W4387345363
https://openalex.org/W4387351300
https://openalex.org/W4387397889
https://openalex.org/W4387500209
https://openalex.org/W4387518648
https://openalex.org/W4387949937
https://openalex.org/W4387967268
https://openalex.org/W4388279629
https://openalex.org/W4388322384
https://openalex.org/W4388331648
https://openalex.org/W4388365523
https://openalex.org/W4388807409
https://openalex.org/W4388848523
https://openalex.org/W4389151003
https://openalex.org/W4389227077
https://openalex.org/W4389227115
https://openalex.org/W4389227117
https://openalex.org/W4389227128
https://openalex.org/W4389227157
https://openalex.org/W4389227226
https://openalex.org/W4389227245
https://openalex.org/W4389227272
https://openalex.org/W4389239303
https://openalex.org/W4389239305
https://openalex.org/W4389239306
https://openalex.org/W4389239307
https://openalex.org/W4389239321
https://openalex.org/W4389239323
https://openalex.org/W4389239324
https://openalex.org/W4389239326
https://openalex.org/W4389239327
https://openalex.org/W4389239328
https://openalex.org/W4389239330
https://openalex.org/W4389239336
https://openalex.org/W4389242443
https://openalex.org/W4389242459
https://openalex.org/W4389242533
https://openalex.org/W4389245042
https://openalex.org/W4389489563
https://openalex.org/W4389519645
https://openalex.org/W4389559603
https://openalex.org/W4389792379
https://openalex.org/W4389944120
https://openalex.org/W4390190489
https://openalex.org/W4390222925
https://openalex.org/W4391089831
https://openalex.org/W4392210875
https://openalex.org/W4392678676
https://openalex.org/W4392684069
https://openalex.org/W4392686317
https://openalex.org/W4392692825
https://openalex.org/W4392725987
https://openalex.org/W1997364624
https://openalex.org/W64876311
https://openalex.org/W2047395682
https://openalex.org/W2097992078
https://openalex.org/W1938872050
https://openalex.org/W2212211941
https://openalex.org/W2410221054
https://openalex.org/W3149392569
https://openalex.org/W1668093885
https://openalex.org/W2185579640
https://openalex.org/W2574323582
https://openalex.org/W2609627292
https://openalex.org/W2612482436
https://openalex.org/W2619677030
https://openalex.org/W2619860133
https://openalex.org/W2729184160
https://openalex.org/W2736225891
https://openalex.org/W2744638840
https://openalex.org/W2765654191
https://openalex.org/W2787032579
https://openalex.org/W2948448443
https://openalex.org/W2074324224
https://openalex.org/W2076527195
https://openalex.org/W2157251302
https://openalex.org/W2396721058
https://openalex.org/W1984981924
https://openalex.org/W2201907676
https://openalex.org/W2123521350
https://openalex.org/W2164264335
https://openalex.org/W2294995744
https://openalex.org/W2340282256
https://openalex.org/W2525159617
https://openalex.org/W2767831131
https://openalex.org/W2786069516
https://openalex.org/W2787019382
https://openalex.org/W2791843050
https://openalex.org/W2794244624
https://openalex.org/W2796217939
https://openalex.org/W2801988948
https://openalex.org/W2895872306
https://openalex.org/W2922147521
https://openalex.org/W2966728820
https://openalex.org/W2969275208
https://openalex.org/W2990961247
https://openalex.org/W3012536624
https://openalex.org/W3044211958
https://openalex.org/W3090346109
https://openalex.org/W3092029960
https://openalex.org/W3134850267
https://openalex.org/W3138995260
https://openalex.org/W3163294844
https://openalex.org/W3177185440
https://openalex.org/W3188702660
https://openalex.org/W3191952400
https://openalex.org/W3198694363
https://openalex.org/W3198805340
https://openalex.org/W3202329067
https://openalex.org/W3207203985
https://openalex.org/W3208625917
https://openalex.org/W3209941874
https://openalex.org/W3210780918
https://openalex.org/W4246844017
https://openalex.org/W818781656
https://openalex.org/W2276494396
https://openalex.org/W2291216244
https://openalex.org/W2565505192
https://openalex.org/W4200179181
https://openalex.org/W4224246471
https://openalex.org/W4225128881
https://openalex.org/W4226334896
https://openalex.org/W4285388163
https://openalex.org/W4286560819
https://openalex.org/W4293064888
https://openalex.org/W4306971024
https://openalex.org/W4311585302
https://openalex.org/W4312094508
https://openalex.org/W4313418262
https://openalex.org/W1985317907
https://openalex.org/W1598902445
https://openalex.org/W1965298663
https://openalex.org/W312838002
https://openalex.org/W1936529580
https://openalex.org/W2035874465
https://openalex.org/W2062461298
https://openalex.org/W2120260428
https://openalex.org/W2317889943
https://openalex.org/W2461655084
https://openalex.org/W1897102137
https://openalex.org/W1988892595
https://openalex.org/W1991897270
https://openalex.org/W1994919283
https://openalex.org/W2009648868
https://openalex.org/W2021412356
https://openalex.org/W2057112356
https://openalex.org/W207486281
https://openalex.org/W2075674523
https://openalex.org/W2089592207
https://openalex.org/W2124339966
https://openalex.org/W2164552275
https://openalex.org/W2181330234
https://openalex.org/W226483956
https://openalex.org/W226484178
https://openalex.org/W2329923233
https://openalex.org/W2418346425
https://openalex.org/W2418447864
https://openalex.org/W2553854970
https://openalex.org/W2586982470
https://openalex.org/W313345490
https://openalex.org/W3139907022
https://openalex.org/W4211253937
https://openalex.org/W4256214941
https://openalex.org/W4282932433
https://openalex.org/W4310992354
https://openalex.org/W747827156
https://openalex.org/W810751143
https://openalex.org/W2499337905
https://openalex.org/W1963692747
https://openalex.org/W2001318983
https://openalex.org/W2033394210
https://openalex.org/W2076317134
https://openalex.org/W2134771092
https://openalex.org/W2149290859
https://openalex.org/W129864837
https://openalex.org/W2058029253
https://openalex.org/W2083001502
https://openalex.org/W2087656726
https://openalex.org/W2090249133
https://openalex.org/W2124358774
https://openalex.org/W2157734921
https://openalex.org/W2347144743
https://openalex.org/W2589918432
https://openalex.org/W2591509038
https://openalex.org/W2603588418
https://openalex.org/W2737058449
https://openalex.org/W2755021918
https://openalex.org/W2767887816
https://openalex.org/W2774141986
https://openalex.org/W2793081637
https://openalex.org/W2894567578
https://openalex.org/W2981285009
https://openalex.org/W3025659480
https://openalex.org/W3204765625
https://openalex.org/W789842934
https://openalex.org/W2411693962
https://openalex.org/W2368762968
https://openalex.org/W3145575152
https://openalex.org/W2004406440
https://openalex.org/W2094326820
https://openalex.org/W2121798437
https://openalex.org/W2168236608
https://openalex.org/W2186713713
https://openalex.org/W2189027974
https://openalex.org/W2559814419
https://openalex.org/W2616760888
https://openalex.org/W2777719878
https://openalex.org/W2787104087
https://openalex.org/W2787378128
https://openalex.org/W2790961731
https://openalex.org/W2808268115
https://openalex.org/W2884551142
https://openalex.org/W2443742168
https://openalex.org/W2110484923
https://openalex.org/W2408445522
https://openalex.org/W2791814144
https://openalex.org/W2888914282
https://openalex.org/W2945453337
https://openalex.org/W2972839529
https://openalex.org/W2980520668
https://openalex.org/W3017694514
https://openalex.org/W3020119296
https://openalex.org/W3023095763
https://openalex.org/W3023258286
https://openalex.org/W3048152553
https://openalex.org/W3084856965
https://openalex.org/W3091377331
https://openalex.org/W3104813254
https://openalex.org/W3159961678
https://openalex.org/W3164270586
https://openalex.org/W3173553034
https://openalex.org/W3180066071
https://openalex.org/W3215912306
https://openalex.org/W4232553547
https://openalex.org/W4250675397
https://openalex.org/W2093143394
https://openalex.org/W2404168146
https://openalex.org/W2417692776
https://openalex.org/W4238565224
https://openalex.org/W2047838514
https://openalex.org/W2082718743
https://openalex.org/W2131296114
https://openalex.org/W2412740093
https://openalex.org/W2413588468
https://openalex.org/W2047964464
https://openalex.org/W2280364259
https://openalex.org/W2614120620
https://openalex.org/W3096214100
https://openalex.org/W3153047085
https://openalex.org/W3174710080
https://openalex.org/W3179753102
https://openalex.org/W3181799797
https://openalex.org/W3201001513
https://openalex.org/W3203517869
https://openalex.org/W38111772
https://openalex.org/W4237289046
https://openalex.org/W4250929564
https://openalex.org/W4286896666
https://openalex.org/W4287111113
https://openalex.org/W2059630955
https://openalex.org/W2409555228
https://openalex.org/W1581017951
https://openalex.org/W2001860658
https://openalex.org/W2220916358
https://openalex.org/W2020694732
https://openalex.org/W2313604544
https://openalex.org/W2319369887
https://openalex.org/W2363473486
https://openalex.org/W2396024878
https://openalex.org/W2417431651
https://openalex.org/W2466249641
https://openalex.org/W2490826292
https://openalex.org/W3082819933
https://openalex.org/W3090805411
https://openalex.org/W2412358282
https://openalex.org/W2436781050
https://openalex.org/W4388384807
https://openalex.org/W1757268818
https://openalex.org/W1966827572
https://openalex.org/W1972375296
https://openalex.org/W1981003403
https://openalex.org/W1995785747
https://openalex.org/W2000568367
https://openalex.org/W2062967992
https://openalex.org/W2087363086
https://openalex.org/W2090525364
https://openalex.org/W2094267264
https://openalex.org/W2128722850
https://openalex.org/W2181882884
https://openalex.org/W2186864912
https://openalex.org/W2222226293
https://openalex.org/W2235306882
https://openalex.org/W2238670172
https://openalex.org/W2241265365
https://openalex.org/W2243034058
https://openalex.org/W2246590705
https://openalex.org/W2248489480
https://openalex.org/W2250021968
https://openalex.org/W2259385088
https://openalex.org/W2262323422
https://openalex.org/W2273167757
https://openalex.org/W2275352673
https://openalex.org/W2278087316
https://openalex.org/W2278103623
https://openalex.org/W2280204536
https://openalex.org/W2286538004
https://openalex.org/W2293840956
https://openalex.org/W2294813597
https://openalex.org/W2295286538
https://openalex.org/W2302060475
https://openalex.org/W2307868355
https://openalex.org/W2315553979
https://openalex.org/W2316204649
https://openalex.org/W2323667247
https://openalex.org/W2327921651
https://openalex.org/W2333926352
https://openalex.org/W2338281313
https://openalex.org/W2369742448
https://openalex.org/W2394839754
https://openalex.org/W2396421492
https://openalex.org/W2401533908
https://openalex.org/W2408964806
https://openalex.org/W2417277466
https://openalex.org/W2470608744
https://openalex.org/W2507864787
https://openalex.org/W2508075425
https://openalex.org/W2510115740
https://openalex.org/W2513135055
https://openalex.org/W2519451728
https://openalex.org/W2529399269
https://openalex.org/W2530784677
https://openalex.org/W2551527380
https://openalex.org/W2557376973
https://openalex.org/W2557953777
https://openalex.org/W2558604134
https://openalex.org/W2559670240
https://openalex.org/W2563512586
https://openalex.org/W2564635328
https://openalex.org/W2567855381
https://openalex.org/W2569419264
https://openalex.org/W2580470886
https://openalex.org/W2581674696
https://openalex.org/W2595734324
https://openalex.org/W2603848415
https://openalex.org/W2606619710
https://openalex.org/W2619759430
https://openalex.org/W264743130
https://openalex.org/W2735333915
https://openalex.org/W2742680070
https://openalex.org/W2744019528
https://openalex.org/W2745563510
https://openalex.org/W2745749359
https://openalex.org/W2747732647
https://openalex.org/W2752806871
https://openalex.org/W2752859158
https://openalex.org/W2752914561
https://openalex.org/W2753563202
https://openalex.org/W2766181599
https://openalex.org/W2772800896
https://openalex.org/W2789459791
https://openalex.org/W2899296042
https://openalex.org/W2921999931
https://openalex.org/W2931428250
https://openalex.org/W2944605488
https://openalex.org/W2945435563
https://openalex.org/W2953310542
https://openalex.org/W2978687324
https://openalex.org/W3023124273
https://openalex.org/W3025501289
https://openalex.org/W3026291910
https://openalex.org/W3027158458
https://openalex.org/W3027709466
https://openalex.org/W3028100444
https://openalex.org/W3028113002
https://openalex.org/W3028959136
https://openalex.org/W3029834138
https://openalex.org/W3030122164
https://openalex.org/W306144192
https://openalex.org/W3139872290
https://openalex.org/W3158051549
https://openalex.org/W3163232670
https://openalex.org/W3163341264
https://openalex.org/W3198327220
https://openalex.org/W3209433988
https://openalex.org/W334134720
https://openalex.org/W4211225879
https://openalex.org/W4232735460
https://openalex.org/W4234459085
https://openalex.org/W4235542767
https://openalex.org/W4241091342
https://openalex.org/W4246664686
https://openalex.org/W4252164902
https://openalex.org/W4256004526
https://openalex.org/W4256562995
https://openalex.org/W4298379241
https://openalex.org/W4389026019
https://openalex.org/W4394142285
https://openalex.org/W4394236611
https://openalex.org/W4394254669
https://openalex.org/W4394259408
https://openalex.org/W4394266631
https://openalex.org/W4394316141
https://openalex.org/W4394358423
https://openalex.org/W4394378118
https://openalex.org/W4394485563
https://openalex.org/W4394508183
https://openalex.org/W4395421965
https://openalex.org/W925374736
https://openalex.org/W2019663097
https://openalex.org/W2413233996
https://openalex.org/W4300349561
https://openalex.org/W167728910
https://openalex.org/W1772920677
https://openalex.org/W1947678984
https://openalex.org/W1974685356
https://openalex.org/W1977119163
https://openalex.org/W1981744600
https://openalex.org/W2003048729
https://openalex.org/W2016048326
https://openalex.org/W2048586655
https://openalex.org/W2054034907
https://openalex.org/W2060268579
https://openalex.org/W2062651633
https://openalex.org/W2068280834
https://openalex.org/W2075665675
https://openalex.org/W2127834795
https://openalex.org/W2128812008
https://openalex.org/W2139802689
https://openalex.org/W2181593384
https://openalex.org/W2182801691
https://openalex.org/W2183929205
https://openalex.org/W2184595045
https://openalex.org/W2184722597
https://openalex.org/W2186087408
https://openalex.org/W2187439844
https://openalex.org/W2204475284
https://openalex.org/W2224487120
https://openalex.org/W2247018151
https://openalex.org/W2288471120
https://openalex.org/W2312465259
https://openalex.org/W2312483250
https://openalex.org/W2314348480
https://openalex.org/W2315549231
https://openalex.org/W2330258963
https://openalex.org/W2337994828
https://openalex.org/W2343355760
https://openalex.org/W2343361435
https://openalex.org/W2343735541
https://openalex.org/W2355373124
https://openalex.org/W2357592616
https://openalex.org/W2367745133
https://openalex.org/W2384561695
https://openalex.org/W2391327017
https://openalex.org/W2406107411
https://openalex.org/W2430501325
https://openalex.org/W2467531045
https://openalex.org/W2473409592
https://openalex.org/W2479034304
https://openalex.org/W2546774241
https://openalex.org/W2550641907
https://openalex.org/W2557508257
https://openalex.org/W2587167497
https://openalex.org/W2594966599
https://openalex.org/W2610587650
https://openalex.org/W2743503507
https://openalex.org/W2745535302
https://openalex.org/W2771377844
https://openalex.org/W2796183864
https://openalex.org/W2810966816
https://openalex.org/W288401614
https://openalex.org/W2950874949
https://openalex.org/W2980747556
https://openalex.org/W2998442328
https://openalex.org/W3029157618
https://openalex.org/W3031277830
https://openalex.org/W3034980336
https://openalex.org/W3035575530
https://openalex.org/W3082031545
https://openalex.org/W3082189063
https://openalex.org/W3082790910
https://openalex.org/W3163670703
https://openalex.org/W3211832932
https://openalex.org/W3215893217
https://openalex.org/W4233710596
https://openalex.org/W4235284146
https://openalex.org/W4248498289
https://openalex.org/W4251375862
https://openalex.org/W4252114032
https://openalex.org/W4253790504
https://openalex.org/W4394668788
https://openalex.org/W774593134
https://openalex.org/W83795836
https://openalex.org/W2163811881
https://openalex.org/W2472044420
https://openalex.org/W1006917988
https://openalex.org/W1514332679
https://openalex.org/W1823966953
https://openalex.org/W1964772528
https://openalex.org/W1965781732
https://openalex.org/W1973780277
https://openalex.org/W1986375452
https://openalex.org/W2014219029
https://openalex.org/W2025826744
https://openalex.org/W2084166893
https://openalex.org/W2087385098
https://openalex.org/W2284662135
https://openalex.org/W2302586138
https://openalex.org/W2318438233
https://openalex.org/W2319158830
https://openalex.org/W2326208008
https://openalex.org/W2339420404
https://openalex.org/W2346786027
https://openalex.org/W2351139310
https://openalex.org/W2389542919
https://openalex.org/W2399918771
https://openalex.org/W2429200930
https://openalex.org/W2513390152
https://openalex.org/W2558971236
https://openalex.org/W2581374614
https://openalex.org/W2592520742
https://openalex.org/W2592929831
https://openalex.org/W2593327569
https://openalex.org/W2610260172
https://openalex.org/W2626668578
https://openalex.org/W2738142997
https://openalex.org/W2739301635
https://openalex.org/W2741756444
https://openalex.org/W2742149897
https://openalex.org/W2743266573
https://openalex.org/W2743280727
https://openalex.org/W2745246918
https://openalex.org/W2755047208
https://openalex.org/W2765143512
https://openalex.org/W2766654515
https://openalex.org/W2766954373
https://openalex.org/W2767690133
https://openalex.org/W2784353347
https://openalex.org/W2807216228
https://openalex.org/W2807841026
https://openalex.org/W2911424185
https://openalex.org/W2940445220
https://openalex.org/W2975409930
https://openalex.org/W2977279307
https://openalex.org/W2981298326
https://openalex.org/W3012980484
https://openalex.org/W3025476331
https://openalex.org/W3029111066
https://openalex.org/W3161320341
https://openalex.org/W3175287165
https://openalex.org/W3198639253
https://openalex.org/W36458200
https://openalex.org/W4230905950
https://openalex.org/W4231817005
https://openalex.org/W4235519881
https://openalex.org/W4239339667
https://openalex.org/W4241243788
https://openalex.org/W4244506332
https://openalex.org/W4248807899
https://openalex.org/W4394526057
https://openalex.org/W15117945
https://openalex.org/W1972418393
https://openalex.org/W2007853763
https://openalex.org/W2035125246
https://openalex.org/W2076545553
https://openalex.org/W2122220456
https://openalex.org/W2129542743
https://openalex.org/W2155476310
https://openalex.org/W2214163884
https://openalex.org/W2289079628
https://openalex.org/W2357177776
https://openalex.org/W2397465138
https://openalex.org/W2410480872
https://openalex.org/W2410948999
https://openalex.org/W2411103878
https://openalex.org/W2560804828
https://openalex.org/W2747346049
https://openalex.org/W2888922709
https://openalex.org/W2911988082
https://openalex.org/W2980445142
https://openalex.org/W2982595479
https://openalex.org/W301945520
https://openalex.org/W4205642966
https://openalex.org/W4220701041
https://openalex.org/W4220764824
https://openalex.org/W4220820287
https://openalex.org/W4220864324
https://openalex.org/W4237070986
https://openalex.org/W4280529461
https://openalex.org/W4283362860
https://openalex.org/W4285199092
https://openalex.org/W4286434161
https://openalex.org/W4288719363
https://openalex.org/W4292335411
https://openalex.org/W4292873515
https://openalex.org/W4293060663
https://openalex.org/W4293079738
https://openalex.org/W4294308922
https://openalex.org/W4297216293
https://openalex.org/W4299909134
https://openalex.org/W4303644831
https://openalex.org/W4307098691
https://openalex.org/W4308571548
https://openalex.org/W4313887516
https://openalex.org/W4321437548
https://openalex.org/W4365800616
https://openalex.org/W4393468874
https://openalex.org/W4393894623
https://openalex.org/W4394205626
https://openalex.org/W4395507067
https://openalex.org/W1489327433
https://openalex.org/W2061063135
https://openalex.org/W2092738900
https://openalex.org/W2126133437
https://openalex.org/W2163290215
https://openalex.org/W2270951348
https://openalex.org/W2322924571
https://openalex.org/W2369364939
https://openalex.org/W2418700499
https://openalex.org/W2752067613
https://openalex.org/W2787612902
https://openalex.org/W2787851167
https://openalex.org/W2789157709
https://openalex.org/W2789352608
https://openalex.org/W2789466653
https://openalex.org/W2791750969
https://openalex.org/W2792044025
https://openalex.org/W2792719878
https://openalex.org/W2792816926
https://openalex.org/W2793124322
https://openalex.org/W2809971683
https://openalex.org/W2810478373
https://openalex.org/W2854346517
https://openalex.org/W2885809479
https://openalex.org/W2889572544
https://openalex.org/W2890103296
https://openalex.org/W2890123559
https://openalex.org/W2891870603
https://openalex.org/W2906360427
https://openalex.org/W2910233719
https://openalex.org/W2911609689
https://openalex.org/W2912909777
https://openalex.org/W2918919306
https://openalex.org/W2919886607
https://openalex.org/W2920320309
https://openalex.org/W2920876856
https://openalex.org/W2922458491
https://openalex.org/W2923015622
https://openalex.org/W2924795304
https://openalex.org/W2965730355
https://openalex.org/W2968093682
https://openalex.org/W2968307359
https://openalex.org/W2977782419
https://openalex.org/W2979109959
https://openalex.org/W2979392254
https://openalex.org/W2980163663
https://openalex.org/W2986172237
https://openalex.org/W2989259443
https://openalex.org/W2996302907
https://openalex.org/W3013422917
https://openalex.org/W3014778910
https://openalex.org/W3021530875
https://openalex.org/W3022250972
https://openalex.org/W3023223944
https://openalex.org/W3025149207
https://openalex.org/W3028098451
https://openalex.org/W3028748393
https://openalex.org/W3028789441
https://openalex.org/W3028852393
https://openalex.org/W3028979092
https://openalex.org/W3044508683
https://openalex.org/W3087800430
https://openalex.org/W3143432528
https://openalex.org/W3169642627
https://openalex.org/W3171334430
https://openalex.org/W3181235772
https://openalex.org/W3190486935
https://openalex.org/W3191990344
https://openalex.org/W3198747777
https://openalex.org/W3209658681
https://openalex.org/W3217705605
https://openalex.org/W4231756734
https://openalex.org/W4238083070
https://openalex.org/W4238112769
https://openalex.org/W4244529441
https://openalex.org/W4247233717
https://openalex.org/W4252214270
https://openalex.org/W4252633258
https://openalex.org/W4255994441
https://openalex.org/W4307660190
https://openalex.org/W4307752710
https://openalex.org/W4394010646
https://openalex.org/W4394180755
https://openalex.org/W4394478149
https://openalex.org/W4395240050
https://openalex.org/W13173773
https://openalex.org/W1984204445
https://openalex.org/W2405600032
https://openalex.org/W2460314275
https://openalex.org/W51204371
https://openalex.org/W1538553574
https://openalex.org/W1544546855
https://openalex.org/W1756133848
https://openalex.org/W198544605
https://openalex.org/W2015986743
https://openalex.org/W2121412612
https://openalex.org/W2147909145
https://openalex.org/W2258589926
https://openalex.org/W2279431918
https://openalex.org/W2296528711
https://openalex.org/W2302047614
https://openalex.org/W2347705129
https://openalex.org/W2391012579
https://openalex.org/W2409332637
https://openalex.org/W2496823958
https://openalex.org/W2553223014
https://openalex.org/W2580460240
https://openalex.org/W2598956172
https://openalex.org/W2611539650
https://openalex.org/W2740400259
https://openalex.org/W2978270421
https://openalex.org/W2985906062
https://openalex.org/W3001694066
https://openalex.org/W3007721741
https://openalex.org/W3007784328
https://openalex.org/W3007840075
https://openalex.org/W3007912312
https://openalex.org/W3008035035
https://openalex.org/W3008737213
https://openalex.org/W3011027695
https://openalex.org/W3012331104
https://openalex.org/W3021195800
https://openalex.org/W3024071637
https://openalex.org/W3033205135
https://openalex.org/W3033515040
https://openalex.org/W3034042266
https://openalex.org/W3038883850
https://openalex.org/W3041200275
https://openalex.org/W3041298601
https://openalex.org/W3047025875
https://openalex.org/W3081983293
https://openalex.org/W3084261245
https://openalex.org/W3092479936
https://openalex.org/W3092907838
https://openalex.org/W3106610297
https://openalex.org/W3112317740
https://openalex.org/W3117327764
https://openalex.org/W3120392218
https://openalex.org/W3124696084
https://openalex.org/W3165470070
https://openalex.org/W3165982981
https://openalex.org/W3193778059
https://openalex.org/W4205686542
https://openalex.org/W4230945897
https://openalex.org/W4246360690
https://openalex.org/W4248806842
https://openalex.org/W4249413283
https://openalex.org/W4250492301
https://openalex.org/W4255030288
https://openalex.org/W4255787928
https://openalex.org/W4287549788
https://openalex.org/W4300170788
https://openalex.org/W4307677045
https://openalex.org/W4394096428
https://openalex.org/W4394339385
https://openalex.org/W4394435738
https://openalex.org/W4394511703
https://openalex.org/W4394534748
https://openalex.org/W2409450072
https://openalex.org/W2412798740
https://openalex.org/W2418308580
https://openalex.org/W1984332618
https://openalex.org/W2005377287
https://openalex.org/W2079898892
https://openalex.org/W2091489338
https://openalex.org/W2296832233
https://openalex.org/W2411733523
https://openalex.org/W2429712889
https://openalex.org/W2980373007
https://openalex.org/W3169260975
https://openalex.org/W3193440168
https://openalex.org/W870674301
https://openalex.org/W1650815211
https://openalex.org/W1923383998
https://openalex.org/W2049169319
https://openalex.org/W2155109244
https://openalex.org/W2411060074
https://openalex.org/W2607319231
https://openalex.org/W3112023300
https://openalex.org/W3120498182
https://openalex.org/W3128115611
https://openalex.org/W3131191844
https://openalex.org/W3143435915
https://openalex.org/W3152602594
https://openalex.org/W3163001594
https://openalex.org/W3166701933
https://openalex.org/W3169525807
https://openalex.org/W3172539220
https://openalex.org/W3175826632
https://openalex.org/W3178065433
https://openalex.org/W3178188792
https://openalex.org/W3179545138
https://openalex.org/W3179869719
https://openalex.org/W3181102493
https://openalex.org/W3182240739
https://openalex.org/W3194259462
https://openalex.org/W3196716679
https://openalex.org/W3201959433
https://openalex.org/W3202042418
https://openalex.org/W3203700184
https://openalex.org/W3204634748
https://openalex.org/W3211447833
https://openalex.org/W4200436260
https://openalex.org/W4225763902
https://openalex.org/W4230759948
https://openalex.org/W4233724084
https://openalex.org/W4245101441
https://openalex.org/W4250816317
https://openalex.org/W4286896826
https://openalex.org/W4395490936
https://openalex.org/W1995043849
https://openalex.org/W2004343406
https://openalex.org/W2377236851
https://openalex.org/W2410774830
https://openalex.org/W2416017406
https://openalex.org/W2416986216
https://openalex.org/W2439834181
https://openalex.org/W2091586518
https://openalex.org/W2400390429
https://openalex.org/W2401796849
https://openalex.org/W2413684367
https://openalex.org/W1972396071
https://openalex.org/W2808684745
https://openalex.org/W2928965402
https://openalex.org/W3208527695
https://openalex.org/W175028750
https://openalex.org/W1990625938
https://openalex.org/W2030445665
https://openalex.org/W2258524239
https://openalex.org/W2397213973
https://openalex.org/W2404525764
https://openalex.org/W2412587347
https://openalex.org/W2437733437
https://openalex.org/W2950193415
https://openalex.org/W3204358853
https://openalex.org/W133752432
https://openalex.org/W1997020522
https://openalex.org/W2025016915
https://openalex.org/W2163367848
https://openalex.org/W2248249896
https://openalex.org/W2327136288
https://openalex.org/W2408232438
https://openalex.org/W2411697975
https://openalex.org/W2413341210
https://openalex.org/W2414773207
https://openalex.org/W2442650638
https://openalex.org/W2465409975
https://openalex.org/W2465617932
https://openalex.org/W2471428173
https://openalex.org/W2474885849
https://openalex.org/W2482037090
https://openalex.org/W2889430722
https://openalex.org/W3151538278
https://openalex.org/W3207550395
https://openalex.org/W2033488731
https://openalex.org/W2053308519
https://openalex.org/W2068278524
https://openalex.org/W2077832379
https://openalex.org/W2395780514
https://openalex.org/W2402504710
https://openalex.org/W2403655026
https://openalex.org/W2409935467
https://openalex.org/W2410044387
https://openalex.org/W2410654972
https://openalex.org/W2411884785
https://openalex.org/W2411954517
https://openalex.org/W2415318993
https://openalex.org/W2417387218
https://openalex.org/W2419317843
https://openalex.org/W2427575875
https://openalex.org/W2436495764
https://openalex.org/W2437340070
https://openalex.org/W2441687205
https://openalex.org/W2465928362
https://openalex.org/W2471379247
https://openalex.org/W2529800461
https://openalex.org/W2591341556
https://openalex.org/W3146086955
https://openalex.org/W381686381
https://openalex.org/W2004840558
https://openalex.org/W2083092631
https://openalex.org/W2780715796
https://openalex.org/W2045136590
https://openalex.org/W2329310459
https://openalex.org/W2025022665
https://openalex.org/W2120155625
https://openalex.org/W2988969159
https://openalex.org/W1988045941
https://openalex.org/W2062454926
https://openalex.org/W2017474562
https://openalex.org/W2045963397
https://openalex.org/W2969292601
https://openalex.org/W1972642912
https://openalex.org/W2061314395
https://openalex.org/W2033011949
https://openalex.org/W2038660711
https://openalex.org/W2334208756
https://openalex.org/W2953037856
https://openalex.org/W1918065319
https://openalex.org/W2008564146
https://openalex.org/W2111876746
https://openalex.org/W3019181748
https://openalex.org/W2088264916
https://openalex.org/W2733234384
https://openalex.org/W2334063909
https://openalex.org/W3017504588
https://openalex.org/W2168156024
https://openalex.org/W1493353512
https://openalex.org/W2331994017
https://openalex.org/W4220722519
https://openalex.org/W2000053953
https://openalex.org/W3164006366
https://openalex.org/W2517309197
https://openalex.org/W2477508186
https://openalex.org/W2517628321
https://openalex.org/W3033351464
https://openalex.org/W2964510017
https://openalex.org/W4220788924
https://openalex.org/W3090861539
https://openalex.org/W2999864747
https://openalex.org/W4210747912
https://openalex.org/W3196610164
https://openalex.org/W4226347385
https://openalex.org/W4283651360
https://openalex.org/W4387784461
https://openalex.org/W4309922059
https://openalex.org/W4386418452
https://openalex.org/W1500415400
https://openalex.org/W2017402467
https://openalex.org/W1971097984
https://openalex.org/W2112378746
https://openalex.org/W2007836497
https://openalex.org/W2064470344
https://openalex.org/W2076045216
https://openalex.org/W2100181716
https://openalex.org/W2164685899
https://openalex.org/W2069201713
https://openalex.org/W151292308
https://openalex.org/W2099901191
https://openalex.org/W2125013655
https://openalex.org/W2044952025
https://openalex.org/W1975686452
https://openalex.org/W1894504899
https://openalex.org/W1976155285
https://openalex.org/W2094358598
https://openalex.org/W2032166612
https://openalex.org/W2131748151
https://openalex.org/W2122701769
https://openalex.org/W2000887400
https://openalex.org/W2042212295
https://openalex.org/W2156744048
https://openalex.org/W2006108379
https://openalex.org/W2111711854
https://openalex.org/W2017958087
https://openalex.org/W2327846632
https://openalex.org/W2131892053
https://openalex.org/W2138068778
https://openalex.org/W2011182207
https://openalex.org/W2408884739
https://openalex.org/W2009783788
https://openalex.org/W2038628089
https://openalex.org/W2135318242
https://openalex.org/W2009320318
https://openalex.org/W2040108612
https://openalex.org/W2003286069
https://openalex.org/W2085404510
https://openalex.org/W2101576799
https://openalex.org/W2154435129
https://openalex.org/W1848279380
https://openalex.org/W2161835009
https://openalex.org/W2266236293
https://openalex.org/W1980042008
https://openalex.org/W2190635074
https://openalex.org/W2144935128
https://openalex.org/W2024383886
https://openalex.org/W2074907161
https://openalex.org/W2083355252
https://openalex.org/W2103532924
https://openalex.org/W2022775836
https://openalex.org/W2119185559
https://openalex.org/W2164552220
https://openalex.org/W2288565689
https://openalex.org/W1971687007
https://openalex.org/W2160829270
https://openalex.org/W2067760184
https://openalex.org/W1976957140
https://openalex.org/W2025556080
https://openalex.org/W2229431932
https://openalex.org/W2886718392
https://openalex.org/W2091788412
https://openalex.org/W2124069411
https://openalex.org/W2028257582
https://openalex.org/W2130302977
https://openalex.org/W2753905371
https://openalex.org/W2999356900
https://openalex.org/W1757532234
https://openalex.org/W2507629418
https://openalex.org/W2781445155
https://openalex.org/W2325953222
https://openalex.org/W2890880960
https://openalex.org/W2946113777
https://openalex.org/W2334675164
https://openalex.org/W2921544782
https://openalex.org/W3081100275
https://openalex.org/W2115006322
https://openalex.org/W2756306165
https://openalex.org/W2266131428
https://openalex.org/W2803375800
https://openalex.org/W2000347328
https://openalex.org/W2766746651
https://openalex.org/W2888023996
https://openalex.org/W2998914842
https://openalex.org/W2803051647
https://openalex.org/W2883781225
https://openalex.org/W3135686923
https://openalex.org/W2905960655
https://openalex.org/W3041713188
https://openalex.org/W3159759878
https://openalex.org/W3131686561
https://openalex.org/W3135827368
https://openalex.org/W3048365909
https://openalex.org/W2991257130
https://openalex.org/W3192472075
https://openalex.org/W3111476321
https://openalex.org/W3142512822
https://openalex.org/W3143465652
https://openalex.org/W4200363986
https://openalex.org/W3163314271
https://openalex.org/W3202781013
https://openalex.org/W3177420748
https://openalex.org/W3164544037
https://openalex.org/W3216641720
https://openalex.org/W4292394872
https://openalex.org/W3186755366
https://openalex.org/W4214811309
https://openalex.org/W4282937893
https://openalex.org/W4293377732
https://openalex.org/W4362635554
https://openalex.org/W4308155904
https://openalex.org/W4391188224
https://openalex.org/W86799087
https://openalex.org/W2044932421
https://openalex.org/W2043429797
https://openalex.org/W2093154530
https://openalex.org/W2155741470
https://openalex.org/W1982615827
https://openalex.org/W2123014029
https://openalex.org/W2130071048
https://openalex.org/W2064548992
https://openalex.org/W2130538431
https://openalex.org/W4249829750
https://openalex.org/W1899323852
https://openalex.org/W2017150135
https://openalex.org/W2034963012
https://openalex.org/W2466253782
https://openalex.org/W2116947706
https://openalex.org/W1987993244
https://openalex.org/W2282722486
https://openalex.org/W2134151303
https://openalex.org/W1963823163
https://openalex.org/W2148359420
https://openalex.org/W2066985195
https://openalex.org/W1861575443
https://openalex.org/W2024086991
https://openalex.org/W2041944768
https://openalex.org/W75985248
https://openalex.org/W1952640763
https://openalex.org/W71317722
https://openalex.org/W2018157379
https://openalex.org/W2063292604
https://openalex.org/W2164879362
https://openalex.org/W2109128720
https://openalex.org/W2151798416
https://openalex.org/W1514911077
https://openalex.org/W1966101074
https://openalex.org/W2021576817
https://openalex.org/W1965337671
https://openalex.org/W1965325089
https://openalex.org/W2043557305
https://openalex.org/W2147194311
https://openalex.org/W1966148531
https://openalex.org/W2132020097
https://openalex.org/W2148317817
https://openalex.org/W2124285670
https://openalex.org/W2090009204
https://openalex.org/W2016284098
https://openalex.org/W2029152760
https://openalex.org/W1998741246
https://openalex.org/W2061587458
https://openalex.org/W2001943629
https://openalex.org/W1538839647
https://openalex.org/W1992669125
https://openalex.org/W2022763847
https://openalex.org/W2107703344
https://openalex.org/W2069221404
https://openalex.org/W1990736053
https://openalex.org/W2145534346
https://openalex.org/W2413369643
https://openalex.org/W2903306912
https://openalex.org/W2025162620
https://openalex.org/W2261403618
https://openalex.org/W2898130513
https://openalex.org/W2767388526
https://openalex.org/W2810382830
https://openalex.org/W2821749606
https://openalex.org/W2117492046
https://openalex.org/W2802435570
https://openalex.org/W2334953392
https://openalex.org/W2131040623
https://openalex.org/W2196119492
https://openalex.org/W2793712559
https://openalex.org/W2888207015
https://openalex.org/W2607165634
https://openalex.org/W2607266578
https://openalex.org/W2195093938
https://openalex.org/W2254273524
https://openalex.org/W2410339685
https://openalex.org/W2946591322
https://openalex.org/W2622465088
https://openalex.org/W2908926419
https://openalex.org/W2936836068
https://openalex.org/W3031913806
https://openalex.org/W3037380949
https://openalex.org/W2783055234
https://openalex.org/W3034597903
https://openalex.org/W2918068185
https://openalex.org/W3043150782
https://openalex.org/W2950914010
https://openalex.org/W2949683893
https://openalex.org/W3028822318
https://openalex.org/W3006408222
https://openalex.org/W3125976338
https://openalex.org/W3170071116
https://openalex.org/W3177868022
https://openalex.org/W4205515082
https://openalex.org/W4224318884
https://openalex.org/W4226413268
https://openalex.org/W4282964010
https://openalex.org/W4200504118
https://openalex.org/W4285048582
https://openalex.org/W4296325221
https://openalex.org/W4318757243
https://openalex.org/W4323066758
https://openalex.org/W4323920635
https://openalex.org/W4385520525
https://openalex.org/W4386575031
https://openalex.org/W4390694141
https://openalex.org/W4391162836
https://openalex.org/W4391930651
https://openalex.org/W2082176091
https://openalex.org/W1527033377
https://openalex.org/W1839771938
https://openalex.org/W2172259931
https://openalex.org/W2009289374
https://openalex.org/W2086077201
https://openalex.org/W2171190459
https://openalex.org/W2071803372
https://openalex.org/W2103417517
https://openalex.org/W1481198790
https://openalex.org/W1594308672
https://openalex.org/W2133134128
https://openalex.org/W2120703089
https://openalex.org/W2055812700
https://openalex.org/W2018706642
https://openalex.org/W1967155009
https://openalex.org/W2411876164
https://openalex.org/W2125494889
https://openalex.org/W2085171161
https://openalex.org/W2188017529
https://openalex.org/W2073957507
https://openalex.org/W2024383718
https://openalex.org/W2102816190
https://openalex.org/W2487928998
https://openalex.org/W2027052986
https://openalex.org/W2045186898
https://openalex.org/W2003960192
https://openalex.org/W2090637715
https://openalex.org/W2089749590
https://openalex.org/W1990188699
https://openalex.org/W1978977172
https://openalex.org/W2113704796
https://openalex.org/W2144777717
https://openalex.org/W2145442532
https://openalex.org/W2101629192
https://openalex.org/W2095774566
https://openalex.org/W2132132162
https://openalex.org/W2085899452
https://openalex.org/W2051042764
https://openalex.org/W1271224038
https://openalex.org/W2064731149
https://openalex.org/W2090344354
https://openalex.org/W1991863703
https://openalex.org/W2112202302
https://openalex.org/W2121991190
https://openalex.org/W127609597
https://openalex.org/W2024330082
https://openalex.org/W2031452442
https://openalex.org/W2043669590
https://openalex.org/W2059871617
https://openalex.org/W2118045681
https://openalex.org/W1907272737
https://openalex.org/W2184180985
https://openalex.org/W2322217964
https://openalex.org/W2077528978
https://openalex.org/W1999523442
https://openalex.org/W2005565004
https://openalex.org/W2099744962
https://openalex.org/W2149999290
https://openalex.org/W2075079015
https://openalex.org/W2319023668
https://openalex.org/W1495306983
https://openalex.org/W2012072492
https://openalex.org/W2054926104
https://openalex.org/W1686202919
https://openalex.org/W2018492939
https://openalex.org/W1982594719
https://openalex.org/W1995100147
https://openalex.org/W2000188354
https://openalex.org/W2778712697
https://openalex.org/W2328849045
https://openalex.org/W2768217846
https://openalex.org/W4210628588
https://openalex.org/W1826906912
https://openalex.org/W2624374073
https://openalex.org/W2021600983
https://openalex.org/W2063598443
https://openalex.org/W2573287834
https://openalex.org/W2949315515
https://openalex.org/W2045095436
https://openalex.org/W2980652609
https://openalex.org/W2398745934
https://openalex.org/W2419237211
https://openalex.org/W2884658837
https://openalex.org/W2973829310
https://openalex.org/W2800349779
https://openalex.org/W2810100357
https://openalex.org/W2897110796
https://openalex.org/W3183556696
https://openalex.org/W2954809721
https://openalex.org/W2995940858
https://openalex.org/W3016258258
https://openalex.org/W3036238702
https://openalex.org/W2956091993
https://openalex.org/W3006664585
https://openalex.org/W3041433598
https://openalex.org/W3108165461
https://openalex.org/W2969042142
https://openalex.org/W3033112034
https://openalex.org/W3086446917
https://openalex.org/W3001830832
https://openalex.org/W3023865437
https://openalex.org/W3034580843
https://openalex.org/W3193879743
https://openalex.org/W3121346654
https://openalex.org/W3197894984
https://openalex.org/W3189650315
https://openalex.org/W2240105003
https://openalex.org/W4283010068
https://openalex.org/W4290994129
https://openalex.org/W4200190696
https://openalex.org/W4281787358
https://openalex.org/W4309860035
https://openalex.org/W4378800493
https://openalex.org/W4292307396
https://openalex.org/W4313397941
https://openalex.org/W4318930759
https://openalex.org/W4377141338
https://openalex.org/W4386726289
https://openalex.org/W2025707524
https://openalex.org/W2071335908
https://openalex.org/W2034005730
https://openalex.org/W2066152842
https://openalex.org/W2081763339
https://openalex.org/W4232968742
https://openalex.org/W2126820133
https://openalex.org/W1975420023
https://openalex.org/W2002428018
https://openalex.org/W2035446451
https://openalex.org/W2012543592
https://openalex.org/W2162445261
https://openalex.org/W1966909335
https://openalex.org/W2327760889
https://openalex.org/W2086906129
https://openalex.org/W2095205011
https://openalex.org/W2054018563
https://openalex.org/W2168244364
https://openalex.org/W2091844784
https://openalex.org/W2030596457
https://openalex.org/W2031978210
https://openalex.org/W2060857376
https://openalex.org/W1547736387
https://openalex.org/W1994687401
https://openalex.org/W2124206848
https://openalex.org/W2044753740
https://openalex.org/W2060573288
https://openalex.org/W2401926219
https://openalex.org/W2103094056
https://openalex.org/W2103805194
https://openalex.org/W2127657503
https://openalex.org/W1987730447
https://openalex.org/W2130995901
https://openalex.org/W2165499048
https://openalex.org/W2124209848
https://openalex.org/W2003811703
https://openalex.org/W2064933334
https://openalex.org/W2071982691
https://openalex.org/W2013686347
https://openalex.org/W2031420084
https://openalex.org/W2152993895
https://openalex.org/W2161716182
https://openalex.org/W2035163935
https://openalex.org/W1576983632
https://openalex.org/W2034204770
https://openalex.org/W2088448440
https://openalex.org/W2097152330
https://openalex.org/W2098657207
https://openalex.org/W1995216461
https://openalex.org/W2131435009
https://openalex.org/W1973043545
https://openalex.org/W2063142457
https://openalex.org/W2088747713
https://openalex.org/W2315946952
https://openalex.org/W1995108089
https://openalex.org/W2038489780
https://openalex.org/W2018265710
https://openalex.org/W2052734884
https://openalex.org/W2003150492
https://openalex.org/W2145234148
https://openalex.org/W2138906868
https://openalex.org/W2004380633
https://openalex.org/W2010514588
https://openalex.org/W2065120229
https://openalex.org/W2322380727
https://openalex.org/W1920083332
https://openalex.org/W2015970158
https://openalex.org/W2048481788
https://openalex.org/W2093402977
https://openalex.org/W2204172854
https://openalex.org/W2292917393
https://openalex.org/W2740542960
https://openalex.org/W2097852075
https://openalex.org/W2200716086
https://openalex.org/W2337001617
https://openalex.org/W2482059024
https://openalex.org/W1924614746
https://openalex.org/W2263153325
https://openalex.org/W2338980829
https://openalex.org/W2443924744
https://openalex.org/W2768370261
https://openalex.org/W2218989363
https://openalex.org/W2417699485
https://openalex.org/W2740085567
https://openalex.org/W2792197142
https://openalex.org/W2614755089
https://openalex.org/W2742007876
https://openalex.org/W2791014026
https://openalex.org/W2900221347
https://openalex.org/W568729855
https://openalex.org/W2518829223
https://openalex.org/W2979650873
https://openalex.org/W2471379186
https://openalex.org/W2793946502
https://openalex.org/W2898811622
https://openalex.org/W2913524932
https://openalex.org/W2966319340
https://openalex.org/W2979753283
https://openalex.org/W2899115869
https://openalex.org/W3025614560
https://openalex.org/W2995466719
https://openalex.org/W3005544335
https://openalex.org/W3007008929
https://openalex.org/W3009222996
https://openalex.org/W3010812053
https://openalex.org/W3011055177
https://openalex.org/W3184992154
https://openalex.org/W3194008089
https://openalex.org/W3094986546
https://openalex.org/W3207474082
https://openalex.org/W4308950458
https://openalex.org/W4383302419
https://openalex.org/W2040536585
https://openalex.org/W2183415855
https://openalex.org/W2002016568
https://openalex.org/W2010479676
https://openalex.org/W2166043856
https://openalex.org/W2157517728
https://openalex.org/W2133306734
https://openalex.org/W2072674315
https://openalex.org/W2054114329
https://openalex.org/W1753427066
https://openalex.org/W2038208807
https://openalex.org/W2216737930
https://openalex.org/W1965733108
https://openalex.org/W2002928279
https://openalex.org/W2091986375
https://openalex.org/W2012436769
https://openalex.org/W2116792837
https://openalex.org/W1550267570
https://openalex.org/W2001774639
https://openalex.org/W2075013148
https://openalex.org/W2051281498
https://openalex.org/W2143914955
https://openalex.org/W2012862628
https://openalex.org/W2126824445
https://openalex.org/W1991889711
https://openalex.org/W2131946827
https://openalex.org/W2012235703
https://openalex.org/W2031174393
https://openalex.org/W2036679407
https://openalex.org/W2041009069
https://openalex.org/W2078394401
https://openalex.org/W2128695023
https://openalex.org/W2006343165
https://openalex.org/W2072393855
https://openalex.org/W1993656850
https://openalex.org/W2060031297
https://openalex.org/W2067006545
https://openalex.org/W2028343288
https://openalex.org/W2083043962
https://openalex.org/W2086609353
https://openalex.org/W2029668809
https://openalex.org/W2136839994
https://openalex.org/W2143614411
https://openalex.org/W2163906989
https://openalex.org/W2045024898
https://openalex.org/W2109569814
https://openalex.org/W2027505886
https://openalex.org/W2056531232
https://openalex.org/W2072643318
https://openalex.org/W2127106083
https://openalex.org/W3023279729
https://openalex.org/W1545970005
https://openalex.org/W2081050640
https://openalex.org/W2119955685
https://openalex.org/W2254317596
https://openalex.org/W2004062382
https://openalex.org/W2021977255
https://openalex.org/W2061323594
https://openalex.org/W2134997696
https://openalex.org/W2587893539
https://openalex.org/W2062056071
https://openalex.org/W2072606025
https://openalex.org/W2095166926
https://openalex.org/W2339641006
https://openalex.org/W2404478184
https://openalex.org/W2799725812
https://openalex.org/W2865948987
https://openalex.org/W2883059926
https://openalex.org/W1991049147
https://openalex.org/W2165144951
https://openalex.org/W2548133807
https://openalex.org/W2767248066
https://openalex.org/W2790936534
https://openalex.org/W2338186674
https://openalex.org/W2555208789
https://openalex.org/W2753310251
https://openalex.org/W2793328174
https://openalex.org/W2809013346
https://openalex.org/W2594362226
https://openalex.org/W2607141662
https://openalex.org/W2980615060
https://openalex.org/W2465015855
https://openalex.org/W2942761486
https://openalex.org/W2964318819
https://openalex.org/W3095183302
https://openalex.org/W2999011192
https://openalex.org/W2999473529
https://openalex.org/W3027279478
https://openalex.org/W3043961789
https://openalex.org/W3036707683
https://openalex.org/W3114795938
https://openalex.org/W3139274950
https://openalex.org/W3203937035
https://openalex.org/W3209784030
https://openalex.org/W4283644594
https://openalex.org/W4293222424
https://openalex.org/W4285679352
https://openalex.org/W4312196399
https://openalex.org/W1976913001
https://openalex.org/W2132649736
https://openalex.org/W1984058846
https://openalex.org/W2025339079
https://openalex.org/W1980473712
https://openalex.org/W2036365685
https://openalex.org/W205069363
https://openalex.org/W1984740505
https://openalex.org/W1999998565
https://openalex.org/W2027545007
https://openalex.org/W2064419297
https://openalex.org/W2083218735
https://openalex.org/W1985394723
https://openalex.org/W2134257237
https://openalex.org/W1909778072
https://openalex.org/W2079618515
https://openalex.org/W2160039781
https://openalex.org/W2085735438
https://openalex.org/W5957499
https://openalex.org/W1552285054
https://openalex.org/W1965441909
https://openalex.org/W2163112965
https://openalex.org/W2028100203
https://openalex.org/W1975214899
https://openalex.org/W2062765439
https://openalex.org/W1965630580
https://openalex.org/W2171288127
https://openalex.org/W2008181033
https://openalex.org/W2104393821
https://openalex.org/W2335630306
https://openalex.org/W2143541921
https://openalex.org/W2163132209
https://openalex.org/W1552420320
https://openalex.org/W2069118558
https://openalex.org/W2046916302
https://openalex.org/W2155881220
https://openalex.org/W2171046634
https://openalex.org/W2013308448
https://openalex.org/W2074399877
https://openalex.org/W2029989006
https://openalex.org/W2033794304
https://openalex.org/W1987732603
https://openalex.org/W2005311560
https://openalex.org/W2034667262
https://openalex.org/W2119142908
https://openalex.org/W2047560825
https://openalex.org/W2327245332
https://openalex.org/W2464027593
https://openalex.org/W1978526958
https://openalex.org/W2017376193
https://openalex.org/W2076061940
https://openalex.org/W2315164325
https://openalex.org/W2071975109
https://openalex.org/W1973183346
https://openalex.org/W2053958601
https://openalex.org/W2075702051
https://openalex.org/W2078391190
https://openalex.org/W2146385190
https://openalex.org/W93014500
https://openalex.org/W2013241795
https://openalex.org/W2128583272
https://openalex.org/W1972699548
https://openalex.org/W2109193333
https://openalex.org/W2136769653
https://openalex.org/W2586333617
https://openalex.org/W2615779840
https://openalex.org/W1916818105
https://openalex.org/W2094315680
https://openalex.org/W2296919884
https://openalex.org/W2596814879
https://openalex.org/W1991548821
https://openalex.org/W2339535592
https://openalex.org/W2410789171
https://openalex.org/W2206050872
https://openalex.org/W2253619593
https://openalex.org/W2805031212
https://openalex.org/W2889524525
https://openalex.org/W2800354664
https://openalex.org/W2895804850
https://openalex.org/W2955824907
https://openalex.org/W2808751860
https://openalex.org/W2950819426
https://openalex.org/W2955574723
https://openalex.org/W2990206889
https://openalex.org/W2992024634
https://openalex.org/W2999973417
https://openalex.org/W3023367080
https://openalex.org/W3032124165
https://openalex.org/W3109879725
https://openalex.org/W3012578946
https://openalex.org/W2909692555
https://openalex.org/W3118380717
https://openalex.org/W3136473358
https://openalex.org/W3177191800
https://openalex.org/W4200435097
https://openalex.org/W3107291969
https://openalex.org/W3137557993
https://openalex.org/W3211146406
https://openalex.org/W4213039632
https://openalex.org/W4286213448
https://openalex.org/W4297143345
https://openalex.org/W4315607770
https://openalex.org/W4378746677
https://openalex.org/W2074201906
https://openalex.org/W2103587488
https://openalex.org/W2151151769
https://openalex.org/W2090778382
https://openalex.org/W1976284410
https://openalex.org/W2007598451
https://openalex.org/W2046066076
https://openalex.org/W2116053844
https://openalex.org/W1481618664
https://openalex.org/W2070735512
https://openalex.org/W2006740131
https://openalex.org/W2029317761
https://openalex.org/W2064696704
https://openalex.org/W2171975613
https://openalex.org/W2079328127
https://openalex.org/W2098198054
https://openalex.org/W1595502310
https://openalex.org/W1974623341
https://openalex.org/W1979254634
https://openalex.org/W2096032748
https://openalex.org/W2126281279
https://openalex.org/W2086399235
https://openalex.org/W2114190536
https://openalex.org/W2146634981
https://openalex.org/W2159697262
https://openalex.org/W2051908898
https://openalex.org/W2087329656
https://openalex.org/W2192806378
https://openalex.org/W2015805969
https://openalex.org/W2066868251
https://openalex.org/W1990135791
https://openalex.org/W2046520219
https://openalex.org/W2148809911
https://openalex.org/W2159251566
https://openalex.org/W2088415756
https://openalex.org/W2155866836
https://openalex.org/W1533068262
https://openalex.org/W1976594178
https://openalex.org/W1987373896
https://openalex.org/W2017464034
https://openalex.org/W1602767740
https://openalex.org/W1964069178
https://openalex.org/W1583367038
https://openalex.org/W1594411415
https://openalex.org/W2140961082
https://openalex.org/W2068212653
https://openalex.org/W2158633154
https://openalex.org/W2036946771
https://openalex.org/W2090919428
https://openalex.org/W1967765849
https://openalex.org/W2050433329
https://openalex.org/W2078560695
https://openalex.org/W1994043966
https://openalex.org/W2030131538
https://openalex.org/W2155189404
https://openalex.org/W1997069227
https://openalex.org/W2020101999
https://openalex.org/W1966682186
https://openalex.org/W1983432825
https://openalex.org/W2029549846
https://openalex.org/W2087020538
https://openalex.org/W2152984575
https://openalex.org/W2203246415
https://openalex.org/W2046950180
https://openalex.org/W2066063352
https://openalex.org/W2472121886
https://openalex.org/W2157216157
https://openalex.org/W2205339645
https://openalex.org/W237880232
https://openalex.org/W2488766144
https://openalex.org/W2809991249
https://openalex.org/W2321949395
https://openalex.org/W2506426612
https://openalex.org/W2810784423
https://openalex.org/W2898605937
https://openalex.org/W2904143312
https://openalex.org/W844345542
https://openalex.org/W2471153293
https://openalex.org/W2766998031
https://openalex.org/W2777361963
https://openalex.org/W2790453266
https://openalex.org/W2801274449
https://openalex.org/W2804899262
https://openalex.org/W2985843837
https://openalex.org/W2948736667
https://openalex.org/W3014022168
https://openalex.org/W3023202459
https://openalex.org/W3032269994
https://openalex.org/W3081268149
https://openalex.org/W3111932008
https://openalex.org/W2993384967
https://openalex.org/W3009519953
https://openalex.org/W3094013020
https://openalex.org/W3108940736
https://openalex.org/W3014680015
https://openalex.org/W3091202129
https://openalex.org/W3120512669
https://openalex.org/W3199096936
https://openalex.org/W3128223396
https://openalex.org/W3155863327
https://openalex.org/W3187637545
https://openalex.org/W2023972804
https://openalex.org/W4206977660
https://openalex.org/W4229042177
https://openalex.org/W4285801172
https://openalex.org/W4291365558
https://openalex.org/W4293537753
https://openalex.org/W4385549824
https://openalex.org/W4385549937
https://openalex.org/W4385549938
https://openalex.org/W4385549977
https://openalex.org/W4385550003
https://openalex.org/W4386580834
https://openalex.org/W4388744591
https://openalex.org/W4388818681
https://openalex.org/W4389671971
https://openalex.org/W4389738467
https://openalex.org/W4389986258
https://openalex.org/W4390646347
https://openalex.org/W4390829873
https://openalex.org/W4390858425
https://openalex.org/W4390876935
https://openalex.org/W4390902731
https://openalex.org/W4390917297
https://openalex.org/W4391158566
https://openalex.org/W4391385702
https://openalex.org/W4391390157
https://openalex.org/W4391428600
https://openalex.org/W4391601278
https://openalex.org/W4391678443
https://openalex.org/W4391838641
https://openalex.org/W4391993423
https://openalex.org/W4392247509
https://openalex.org/W4392347983
https://openalex.org/W4392367925
https://openalex.org/W4392593978
https://openalex.org/W4392620675
https://openalex.org/W4392641766
https://openalex.org/W4392650096
https://openalex.org/W4392851691
https://openalex.org/W4392875905
https://openalex.org/W4392887902
https://openalex.org/W4393095652
https://openalex.org/W4393192426
https://openalex.org/W4393302844
https://openalex.org/W4393485303
https://openalex.org/W4393867421
https://openalex.org/W4393924553
https://openalex.org/W4393991434
https://openalex.org/W4393995285
https://openalex.org/W4393998104
https://openalex.org/W4394577349
https://openalex.org/W4394786833
https://openalex.org/W4395079817
https://openalex.org/W4395688742
https://openalex.org/W4396494583
https://openalex.org/W4396557584
https://openalex.org/W1978469649
https://openalex.org/W1985851058
https://openalex.org/W1970229830
https://openalex.org/W2026266399
https://openalex.org/W1977983786
https://openalex.org/W1981201050
https://openalex.org/W1989599825
https://openalex.org/W2006634625
https://openalex.org/W2067927857
https://openalex.org/W2074558564
https://openalex.org/W2128197059
https://openalex.org/W2954299980
https://openalex.org/W2027214369
https://openalex.org/W2030975003
https://openalex.org/W2054995893
https://openalex.org/W4942740
https://openalex.org/W1965943918
https://openalex.org/W2008943399
https://openalex.org/W2073688064
https://openalex.org/W2141593354
https://openalex.org/W1582145375
https://openalex.org/W2121145970
https://openalex.org/W2050598218
https://openalex.org/W2059659050
https://openalex.org/W2102405441
https://openalex.org/W1983897007
https://openalex.org/W2014326634
https://openalex.org/W2106761800
https://openalex.org/W2010060213
https://openalex.org/W1494717881
https://openalex.org/W2150269596
https://openalex.org/W1996484256
https://openalex.org/W2056394869
https://openalex.org/W2114687841
https://openalex.org/W1462921298
https://openalex.org/W1992407089
https://openalex.org/W2017501157
https://openalex.org/W2045688128
https://openalex.org/W1968552166
https://openalex.org/W2003755805
https://openalex.org/W2077877092
https://openalex.org/W2038629689
https://openalex.org/W2052144369
https://openalex.org/W1970666372
https://openalex.org/W2094908153
https://openalex.org/W2077169134
https://openalex.org/W2103898390
https://openalex.org/W1970486370
https://openalex.org/W1994136759
https://openalex.org/W2039119379
https://openalex.org/W2080272673
https://openalex.org/W2137103916
https://openalex.org/W1758486722
https://openalex.org/W2045380798
https://openalex.org/W2138836420
https://openalex.org/W2147362072
https://openalex.org/W2550357151
https://openalex.org/W1829325407
https://openalex.org/W2054373139
https://openalex.org/W220347902
https://openalex.org/W2222581183
https://openalex.org/W2343748393
https://openalex.org/W2774351412
https://openalex.org/W2785105438
https://openalex.org/W2792112443
https://openalex.org/W2793524452
https://openalex.org/W2891907584
https://openalex.org/W2904141739
https://openalex.org/W1995228744
https://openalex.org/W2223622600
https://openalex.org/W2396941481
https://openalex.org/W2561629030
https://openalex.org/W2892444463
https://openalex.org/W2907541540
https://openalex.org/W2922011226
https://openalex.org/W2936005377
https://openalex.org/W2953400606
https://openalex.org/W2314385570
https://openalex.org/W2930900258
https://openalex.org/W2906166300
https://openalex.org/W3000957403
https://openalex.org/W3001010620
https://openalex.org/W3023462248
https://openalex.org/W3036812172
https://openalex.org/W3045440128
https://openalex.org/W3137501324
https://openalex.org/W4308029251
https://openalex.org/W4320483127
https://openalex.org/W4321239525
https://openalex.org/W4322495029
https://openalex.org/W4361275486
https://openalex.org/W4362657434
https://openalex.org/W4364360387
https://openalex.org/W4364362164
https://openalex.org/W4379537560
https://openalex.org/W4381936536
https://openalex.org/W4385708629
https://openalex.org/W4387517695
https://openalex.org/W4389397515
https://openalex.org/W1997130463
https://openalex.org/W1488198163
https://openalex.org/W1977417798
https://openalex.org/W2078132938
https://openalex.org/W2079469218
https://openalex.org/W2079547509
https://openalex.org/W2032295348
https://openalex.org/W2009275405
https://openalex.org/W2075267500
https://openalex.org/W2095550269
https://openalex.org/W1857929448
https://openalex.org/W2160413146
https://openalex.org/W1980729972
https://openalex.org/W2029229204
https://openalex.org/W2047780464
https://openalex.org/W2138852236
https://openalex.org/W2263418443
https://openalex.org/W1578641304
https://openalex.org/W2054502274
https://openalex.org/W1967625537
https://openalex.org/W1993081489
https://openalex.org/W2092642088
https://openalex.org/W1545222566
https://openalex.org/W2020874432
https://openalex.org/W2142035732
https://openalex.org/W2039383486
https://openalex.org/W2117615524
https://openalex.org/W2120379602
https://openalex.org/W2399545606
https://openalex.org/W2033481970
https://openalex.org/W2112924012
https://openalex.org/W2147721239
https://openalex.org/W1980893563
https://openalex.org/W2058627763
https://openalex.org/W2089698190
https://openalex.org/W2043427649
https://openalex.org/W2067534038
https://openalex.org/W2069114954
https://openalex.org/W2095374879
https://openalex.org/W2099733704
https://openalex.org/W2047806795
https://openalex.org/W1967007102
https://openalex.org/W1978161952
https://openalex.org/W2047337337
https://openalex.org/W1987294960
https://openalex.org/W2008526620
https://openalex.org/W2071590833
https://openalex.org/W1740898679
https://openalex.org/W1914799302
https://openalex.org/W1965941804
https://openalex.org/W1992156947
https://openalex.org/W2098711021
https://openalex.org/W2127850357
https://openalex.org/W1121571213
https://openalex.org/W2135075774
https://openalex.org/W2327920474
https://openalex.org/W2746127843
https://openalex.org/W2794820221
https://openalex.org/W2799511449
https://openalex.org/W2901050450
https://openalex.org/W2903544897
https://openalex.org/W2001149521
https://openalex.org/W2017663645
https://openalex.org/W2188534924
https://openalex.org/W2322948443
https://openalex.org/W2416122337
https://openalex.org/W2619027814
https://openalex.org/W2773632823
https://openalex.org/W2811005993
https://openalex.org/W2883637808
https://openalex.org/W2898567719
https://openalex.org/W2566161690
https://openalex.org/W2771078045
https://openalex.org/W3016169140
https://openalex.org/W3028779365
https://openalex.org/W3032402902
https://openalex.org/W3036663877
https://openalex.org/W3092546788
https://openalex.org/W3007127122
https://openalex.org/W3049755105
https://openalex.org/W3096772980
https://openalex.org/W3109790041
https://openalex.org/W3112686319
https://openalex.org/W3150337759
https://openalex.org/W3176972146
https://openalex.org/W3199088278
https://openalex.org/W3201565067
https://openalex.org/W4200299943
https://openalex.org/W4214903580
https://openalex.org/W3201393814
https://openalex.org/W3215028061
https://openalex.org/W4220857743
https://openalex.org/W4223452433
https://openalex.org/W4288433595
https://openalex.org/W4306725216
https://openalex.org/W2022591247
https://openalex.org/W2099081290
https://openalex.org/W1988449442
https://openalex.org/W2019332168
https://openalex.org/W2051723148
https://openalex.org/W2026635545
https://openalex.org/W4255792358
https://openalex.org/W2091552902
https://openalex.org/W1933232990
https://openalex.org/W1974129903
https://openalex.org/W2162255494
https://openalex.org/W2006481442
https://openalex.org/W2116404840
https://openalex.org/W2165361745
https://openalex.org/W1964980986
https://openalex.org/W1970857271
https://openalex.org/W1980020413
https://openalex.org/W2160406435
https://openalex.org/W2064069966
https://openalex.org/W2065381749
https://openalex.org/W2086559172
https://openalex.org/W2124536320
https://openalex.org/W2168985566
https://openalex.org/W2079681577
https://openalex.org/W2079764068
https://openalex.org/W2144056190
https://openalex.org/W7682941
https://openalex.org/W2105163089
https://openalex.org/W2072482537
https://openalex.org/W2129099848
https://openalex.org/W1976922760
https://openalex.org/W1970761598
https://openalex.org/W2078050908
https://openalex.org/W4229955851
https://openalex.org/W2010243148
https://openalex.org/W2119492879
https://openalex.org/W2146974355
https://openalex.org/W2326089695
https://openalex.org/W2616154106
https://openalex.org/W2736677790
https://openalex.org/W2787812660
https://openalex.org/W2792605763
https://openalex.org/W1517723427
https://openalex.org/W2013958737
https://openalex.org/W2070084224
https://openalex.org/W2187691382
https://openalex.org/W2290524158
https://openalex.org/W2301171596
https://openalex.org/W2468559544
https://openalex.org/W2514796754
https://openalex.org/W2550057105
https://openalex.org/W2900520540
https://openalex.org/W2930077353
https://openalex.org/W2969830131
https://openalex.org/W2990056376
https://openalex.org/W2909976853
https://openalex.org/W2938790172
https://openalex.org/W2951995619
https://openalex.org/W2991144593
https://openalex.org/W3011320139
https://openalex.org/W3016271902
https://openalex.org/W3103004838
https://openalex.org/W2080355956
https://openalex.org/W3111955104
https://openalex.org/W3119333989
https://openalex.org/W3120579476
https://openalex.org/W3138449068
https://openalex.org/W3176021342
https://openalex.org/W2009017364
https://openalex.org/W4210605523
https://openalex.org/W4221131929
https://openalex.org/W4281772996
https://openalex.org/W4281788160
https://openalex.org/W4285809789
https://openalex.org/W4291208646
https://openalex.org/W4308290951
https://openalex.org/W2090843540
https://openalex.org/W2031509154
https://openalex.org/W2086742860
https://openalex.org/W2098976166
https://openalex.org/W1992640335
https://openalex.org/W2049094569
https://openalex.org/W2099621876
https://openalex.org/W2107354111
https://openalex.org/W1505908302
https://openalex.org/W2012231286
https://openalex.org/W2165589438
https://openalex.org/W2331584466
https://openalex.org/W2071102340
https://openalex.org/W2088390171
https://openalex.org/W2150011488
https://openalex.org/W2173906117
https://openalex.org/W1532018271
https://openalex.org/W1977070185
https://openalex.org/W2074997130
https://openalex.org/W1986747241
https://openalex.org/W1993904695
https://openalex.org/W2125639535
https://openalex.org/W2017670958
https://openalex.org/W2031545666
https://openalex.org/W2042686854
https://openalex.org/W2066981488
https://openalex.org/W1974036495
https://openalex.org/W1976531295
https://openalex.org/W2040037159
https://openalex.org/W2105163389
https://openalex.org/W2122107618
https://openalex.org/W2154919353
https://openalex.org/W2014110814
https://openalex.org/W2160893073
https://openalex.org/W2132366323
https://openalex.org/W2082926803
https://openalex.org/W1969120204
https://openalex.org/W1971548074
https://openalex.org/W2020688607
https://openalex.org/W2335589242
https://openalex.org/W2606044804
https://openalex.org/W2607763293
https://openalex.org/W2782899308
https://openalex.org/W2109827885
https://openalex.org/W2318705932
https://openalex.org/W2592006682
https://openalex.org/W2790049935
https://openalex.org/W2884073553
https://openalex.org/W2945971098
https://openalex.org/W2956050701
https://openalex.org/W2961182131
https://openalex.org/W2517871173
https://openalex.org/W3011322492
https://openalex.org/W3043800891
https://openalex.org/W3087883252
https://openalex.org/W4252134290
https://openalex.org/W3022320233
https://openalex.org/W3033585899
https://openalex.org/W3093715808
https://openalex.org/W3029178992
https://openalex.org/W3090633943
https://openalex.org/W3096124825
https://openalex.org/W3103193879
https://openalex.org/W3112686202
https://openalex.org/W3134245779
https://openalex.org/W3179493478
https://openalex.org/W1974608594
https://openalex.org/W2046492681
https://openalex.org/W2255510862
https://openalex.org/W2021694428
https://openalex.org/W2054298776
https://openalex.org/W2094455685
https://openalex.org/W2150039741
https://openalex.org/W2158807622
https://openalex.org/W2323569903
https://openalex.org/W1895615954
https://openalex.org/W1974556597
https://openalex.org/W2952576448
https://openalex.org/W2035230831
https://openalex.org/W2046645058
https://openalex.org/W2162417364
https://openalex.org/W2074932002
https://openalex.org/W2163323469
https://openalex.org/W2022728399
https://openalex.org/W2049432195
https://openalex.org/W2139574899
https://openalex.org/W2160822690
https://openalex.org/W1976548086
https://openalex.org/W2070824065
https://openalex.org/W2136491338
https://openalex.org/W2170955665
https://openalex.org/W4231353774
https://openalex.org/W1973130388
https://openalex.org/W1972815390
https://openalex.org/W2036488442
https://openalex.org/W2053232022
https://openalex.org/W1969702117
https://openalex.org/W68564762
https://openalex.org/W1514201367
https://openalex.org/W2059078647
https://openalex.org/W2057922306
https://openalex.org/W2059325492
https://openalex.org/W1971124186
https://openalex.org/W2051619388
https://openalex.org/W2050311909
https://openalex.org/W2056575823
https://openalex.org/W2066014817
https://openalex.org/W2074809151
https://openalex.org/W2075772832
https://openalex.org/W2090900307
https://openalex.org/W2099626767
https://openalex.org/W2191582188
https://openalex.org/W2331004132
https://openalex.org/W2596386193
https://openalex.org/W2598327363
https://openalex.org/W2598705698
https://openalex.org/W2606441783
https://openalex.org/W2733667702
https://openalex.org/W2797896696
https://openalex.org/W2807068290
https://openalex.org/W2892335295
https://openalex.org/W2095081501
https://openalex.org/W2293670707
https://openalex.org/W2530203363
https://openalex.org/W2533470796
https://openalex.org/W2947388026
https://openalex.org/W2962859103
https://openalex.org/W3010780657
https://openalex.org/W3027854802
https://openalex.org/W3029127227
https://openalex.org/W3039593733
https://openalex.org/W3094390588
https://openalex.org/W3109340948
https://openalex.org/W3117541237
https://openalex.org/W3131893893
https://openalex.org/W3153752406
https://openalex.org/W3165458001
https://openalex.org/W3201851351
https://openalex.org/W3215510131
https://openalex.org/W4210495860
https://openalex.org/W4212896891
https://openalex.org/W4224211493
https://openalex.org/W4224883238
https://openalex.org/W4226035361
https://openalex.org/W4281690569
https://openalex.org/W4283753234
https://openalex.org/W4318967556
https://openalex.org/W4310525103
https://openalex.org/W4312221289
https://openalex.org/W4313681205
https://openalex.org/W4323353181
https://openalex.org/W4362580814
https://openalex.org/W4365448132
https://openalex.org/W4365504352
https://openalex.org/W4376621641
https://openalex.org/W4380148593
https://openalex.org/W4385605666
https://openalex.org/W4385827662
https://openalex.org/W4387006762
https://openalex.org/W4387255881
https://openalex.org/W4387765594
https://openalex.org/W4387784582
https://openalex.org/W4388238829
https://openalex.org/W4388451145
https://openalex.org/W4389137934
https://openalex.org/W4389455023
https://openalex.org/W4389559015
https://openalex.org/W4390154181
https://openalex.org/W4390347123
https://openalex.org/W2070279237
https://openalex.org/W2093605208
https://openalex.org/W2142139417
https://openalex.org/W1952184049
https://openalex.org/W1972768791
https://openalex.org/W2038491848
https://openalex.org/W2081150981
https://openalex.org/W2096316869
https://openalex.org/W1997048437
https://openalex.org/W2066150099
https://openalex.org/W2075612376
https://openalex.org/W2011453565
https://openalex.org/W2059126768
https://openalex.org/W2063555628
https://openalex.org/W2084512455
https://openalex.org/W1975069460
https://openalex.org/W2148858982
https://openalex.org/W832902114
https://openalex.org/W2057413909
https://openalex.org/W2148746851
https://openalex.org/W2401227621
https://openalex.org/W2126000116
https://openalex.org/W1542527218
https://openalex.org/W1987201280
https://openalex.org/W2062790499
https://openalex.org/W2067601288
https://openalex.org/W2092128810
https://openalex.org/W1979205561
https://openalex.org/W2021695639
https://openalex.org/W2038514928
https://openalex.org/W2053729228
https://openalex.org/W2108661706
https://openalex.org/W1970208444
https://openalex.org/W1529468529
https://openalex.org/W1990176165
https://openalex.org/W2070511455
https://openalex.org/W2136966806
https://openalex.org/W2601590556
https://openalex.org/W2610776741
https://openalex.org/W2725147964
https://openalex.org/W2755156649
https://openalex.org/W2766423042
https://openalex.org/W2782548786
https://openalex.org/W2789386132
https://openalex.org/W2790649846
https://openalex.org/W2804738061
https://openalex.org/W2892905063
https://openalex.org/W4242166981
https://openalex.org/W2055304984
https://openalex.org/W2058455897
https://openalex.org/W2069561616
https://openalex.org/W2490984262
https://openalex.org/W2605712698
https://openalex.org/W2614124036
https://openalex.org/W2885426744
https://openalex.org/W2921329937
https://openalex.org/W2922390512
https://openalex.org/W2947565373
https://openalex.org/W2951999876
https://openalex.org/W2958587820
https://openalex.org/W4243536505
https://openalex.org/W1191729939
https://openalex.org/W2000053462
https://openalex.org/W2005547609
https://openalex.org/W2027359590
https://openalex.org/W2038009019
https://openalex.org/W2039931355
https://openalex.org/W2088341541
https://openalex.org/W2116889455
https://openalex.org/W2149723646
https://openalex.org/W2992280829
https://openalex.org/W1686734890
https://openalex.org/W2073256264
https://openalex.org/W4239486985
https://openalex.org/W2031693046
https://openalex.org/W207583684
https://openalex.org/W2141616727
https://openalex.org/W1939134335
https://openalex.org/W1995264135
https://openalex.org/W1997481163
https://openalex.org/W2005808999
https://openalex.org/W2061125990
https://openalex.org/W2437386568
https://openalex.org/W1987393274
https://openalex.org/W2137196137
https://openalex.org/W1966541871
https://openalex.org/W2064191303
https://openalex.org/W2101652084
https://openalex.org/W2128697929
https://openalex.org/W3022774519
https://openalex.org/W2029574678
https://openalex.org/W2036858772
https://openalex.org/W2038598733
https://openalex.org/W2061787830
https://openalex.org/W2082018712
https://openalex.org/W1586890472
https://openalex.org/W1973053850
https://openalex.org/W288410080
https://openalex.org/W4232893206
https://openalex.org/W2015582732
https://openalex.org/W2019203506
https://openalex.org/W2038758716
https://openalex.org/W2044224918
https://openalex.org/W2072059374
https://openalex.org/W2087015645
https://openalex.org/W2122601350
https://openalex.org/W2122854759
https://openalex.org/W2783103325
https://openalex.org/W2794147249
https://openalex.org/W2800919380
https://openalex.org/W2887139379
https://openalex.org/W1578412816
https://openalex.org/W2007730510
https://openalex.org/W2149392719
https://openalex.org/W2170116730
https://openalex.org/W2346999983
https://openalex.org/W2463874320
https://openalex.org/W2590415004
https://openalex.org/W2753930323
https://openalex.org/W2775005989
https://openalex.org/W2776431158
https://openalex.org/W2914265886
https://openalex.org/W2937458877
https://openalex.org/W2977799264
https://openalex.org/W2980754358
https://openalex.org/W2981394932
https://openalex.org/W2998922965
https://openalex.org/W3004892448
https://openalex.org/W3005490456
https://openalex.org/W3043039846
https://openalex.org/W3044851650
https://openalex.org/W3088421628
https://openalex.org/W3094611105
https://openalex.org/W3098257758
https://openalex.org/W2519744177
https://openalex.org/W3120785631
https://openalex.org/W3157599403
https://openalex.org/W3184849526
https://openalex.org/W3186574147
https://openalex.org/W4200374292
https://openalex.org/W1574394507
https://openalex.org/W2032400855
https://openalex.org/W2050835866
https://openalex.org/W1586873018
https://openalex.org/W2027391825
https://openalex.org/W2048640921
https://openalex.org/W2063503858
https://openalex.org/W2100675742
https://openalex.org/W2006215299
https://openalex.org/W2319069395
https://openalex.org/W1563852641
https://openalex.org/W1969946484
https://openalex.org/W1977516905
https://openalex.org/W1982272128
https://openalex.org/W2028718817
https://openalex.org/W2032280404
https://openalex.org/W2039669461
https://openalex.org/W2159039243
https://openalex.org/W2317004379
https://openalex.org/W2075219158
https://openalex.org/W2081727881
https://openalex.org/W1973399100
https://openalex.org/W401028712
https://openalex.org/W1914416433
https://openalex.org/W1986597228
https://openalex.org/W1999045803
https://openalex.org/W1976312922
https://openalex.org/W2159950025
https://openalex.org/W2103201713
https://openalex.org/W2766937528
https://openalex.org/W2793777720
https://openalex.org/W2886123624
https://openalex.org/W1974647254
https://openalex.org/W1978769753
https://openalex.org/W1999737323
https://openalex.org/W2027272620
https://openalex.org/W2052466170
https://openalex.org/W2053553979
https://openalex.org/W2054819888
https://openalex.org/W2125159850
https://openalex.org/W2156750500
https://openalex.org/W2172280957
https://openalex.org/W2279028335
https://openalex.org/W2315900208
https://openalex.org/W2529007822
https://openalex.org/W2559212819
https://openalex.org/W2564068646
https://openalex.org/W2597888087
https://openalex.org/W2657689165
https://openalex.org/W2760259943
https://openalex.org/W2773607212
https://openalex.org/W2910176636
https://openalex.org/W2917160750
https://openalex.org/W2941035601
https://openalex.org/W2978346269
https://openalex.org/W2978663653
https://openalex.org/W2979458217
https://openalex.org/W3008198694
https://openalex.org/W3024533718
https://openalex.org/W3035716030
https://openalex.org/W3047453392
https://openalex.org/W3171618234
https://openalex.org/W4230243955
https://openalex.org/W3081609797
https://openalex.org/W3124908964
https://openalex.org/W3127089713
https://openalex.org/W3127654898
https://openalex.org/W3133658300
https://openalex.org/W3200993369
https://openalex.org/W4205300983
https://openalex.org/W4206843996
https://openalex.org/W4207024609
https://openalex.org/W4210726562
https://openalex.org/W4213366699
https://openalex.org/W4214495792
https://openalex.org/W4214571696
https://openalex.org/W4281694085
https://openalex.org/W4281719064
https://openalex.org/W4292687405
https://openalex.org/W2001870440
https://openalex.org/W2015536227
https://openalex.org/W2085922606
https://openalex.org/W2165437954
https://openalex.org/W2286436258
https://openalex.org/W1965721813
https://openalex.org/W2015528035
https://openalex.org/W2119009768
https://openalex.org/W2398703096
https://openalex.org/W2133461092
https://openalex.org/W2148928395
https://openalex.org/W2016643870
https://openalex.org/W2009924482
https://openalex.org/W329248429
https://openalex.org/W646886427
https://openalex.org/W2003311034
https://openalex.org/W2080557229
https://openalex.org/W2121325549
https://openalex.org/W2426310652
https://openalex.org/W118697778
https://openalex.org/W2147600051
https://openalex.org/W2017431836
https://openalex.org/W2116875856
https://openalex.org/W2022381322
https://openalex.org/W1982629488
https://openalex.org/W2021212068
https://openalex.org/W2794362087
https://openalex.org/W2795269602
https://openalex.org/W2800425803
https://openalex.org/W2805913192
https://openalex.org/W1498209223
https://openalex.org/W1612397867
https://openalex.org/W1960794353
https://openalex.org/W2045005759
https://openalex.org/W2056244981
https://openalex.org/W2056456279
https://openalex.org/W2143635512
https://openalex.org/W2155876927
https://openalex.org/W2315728292
https://openalex.org/W2400042400
https://openalex.org/W2506195507
https://openalex.org/W2592206910
https://openalex.org/W2614629362
https://openalex.org/W2752435135
https://openalex.org/W3034771163
https://openalex.org/W3035619502
https://openalex.org/W3045719998
https://openalex.org/W3080805514
https://openalex.org/W2032686000
https://openalex.org/W2324169985
https://openalex.org/W2038820874
https://openalex.org/W2064740267
https://openalex.org/W2008390219
https://openalex.org/W2069944209
https://openalex.org/W2318059049
https://openalex.org/W2113091327
https://openalex.org/W2143253002
https://openalex.org/W2156595572
https://openalex.org/W1974513740
https://openalex.org/W1998855406
https://openalex.org/W2030548410
https://openalex.org/W2013028370
https://openalex.org/W2066892642
https://openalex.org/W2089920229
https://openalex.org/W429551751
https://openalex.org/W2143075655
https://openalex.org/W1981249301
https://openalex.org/W2763758051
https://openalex.org/W2769512767
https://openalex.org/W2790977426
https://openalex.org/W2885119338
https://openalex.org/W2970691010
https://openalex.org/W2972810019
https://openalex.org/W2972841916
https://openalex.org/W2982006645
https://openalex.org/W2983096311
https://openalex.org/W1978277275
https://openalex.org/W2303035567
https://openalex.org/W2539521027
https://openalex.org/W2596660240
https://openalex.org/W2938580439
https://openalex.org/W3047123415
https://openalex.org/W3134770078
https://openalex.org/W3149838831
https://openalex.org/W3164296340
https://openalex.org/W3177757781
https://openalex.org/W3193448858
https://openalex.org/W3197161064
https://openalex.org/W3197188041
https://openalex.org/W3202264347
https://openalex.org/W3211999914
https://openalex.org/W4200307738
https://openalex.org/W4200572289
https://openalex.org/W1979053314
https://openalex.org/W2013840816
https://openalex.org/W2019841952
https://openalex.org/W1628929266
https://openalex.org/W2003336689
https://openalex.org/W2134102476
https://openalex.org/W1497689416
https://openalex.org/W1989796750
https://openalex.org/W2066721223
https://openalex.org/W2067015780
https://openalex.org/W2131281395
https://openalex.org/W2044235021
https://openalex.org/W2065935704
https://openalex.org/W1584899613
https://openalex.org/W1594473101
https://openalex.org/W1579618680
https://openalex.org/W2010909562
https://openalex.org/W2020055011
https://openalex.org/W2047565137
https://openalex.org/W2152944248
https://openalex.org/W2417785463
https://openalex.org/W2591022778
https://openalex.org/W1964258053
https://openalex.org/W1968091431
https://openalex.org/W2012945476
https://openalex.org/W2013015663
https://openalex.org/W2157085783
https://openalex.org/W2384732060
https://openalex.org/W1968652001
https://openalex.org/W1991233862
https://openalex.org/W2018425772
https://openalex.org/W2025279086
https://openalex.org/W2102518808
https://openalex.org/W2111114043
https://openalex.org/W2185533049
https://openalex.org/W2611588950
https://openalex.org/W2738748244
https://openalex.org/W2791254844
https://openalex.org/W2798003076
https://openalex.org/W2951239666
https://openalex.org/W2964674361
https://openalex.org/W2971248821
https://openalex.org/W2981864082
https://openalex.org/W2986862169
https://openalex.org/W2987149545
https://openalex.org/W2990945878
https://openalex.org/W3024259995
https://openalex.org/W3037136540
https://openalex.org/W3086085599
https://openalex.org/W3088569390
https://openalex.org/W3095810301
https://openalex.org/W4236161138
https://openalex.org/W4240070502
https://openalex.org/W2027034063
https://openalex.org/W2036246949
https://openalex.org/W2257107392
https://openalex.org/W2318536296
https://openalex.org/W2346702425
https://openalex.org/W2519166009
https://openalex.org/W2555950043
https://openalex.org/W4206379167
https://openalex.org/W4210319515
https://openalex.org/W4211218127
https://openalex.org/W4220923353
https://openalex.org/W4224255593
https://openalex.org/W4283738135
https://openalex.org/W4311824219
https://openalex.org/W4313328156
https://openalex.org/W2002854577
https://openalex.org/W1975168472
https://openalex.org/W1978914938
https://openalex.org/W1991552883
https://openalex.org/W2021062228
https://openalex.org/W2046768619
https://openalex.org/W2052684414
https://openalex.org/W136724522
https://openalex.org/W1993763419
https://openalex.org/W2013802866
https://openalex.org/W2117798584
https://openalex.org/W288259550
https://openalex.org/W2031748793
https://openalex.org/W2054967134
https://openalex.org/W2092441584
https://openalex.org/W2121393556
https://openalex.org/W1994588029
https://openalex.org/W2020093356
https://openalex.org/W2159757015
https://openalex.org/W2019129913
https://openalex.org/W2034265856
https://openalex.org/W2142255326
https://openalex.org/W1970291685
https://openalex.org/W2123578265
https://openalex.org/W2035120625
https://openalex.org/W53173402
https://openalex.org/W1581352523
https://openalex.org/W1971525597
https://openalex.org/W2033726099
https://openalex.org/W2047666900
https://openalex.org/W2049118163
https://openalex.org/W2124706813
https://openalex.org/W2546556352
https://openalex.org/W2590636427
https://openalex.org/W3097455400
https://openalex.org/W2011858876
https://openalex.org/W2014883564
https://openalex.org/W2038174748
https://openalex.org/W2076941576
https://openalex.org/W2052251693
https://openalex.org/W2108073404
https://openalex.org/W2168634605
https://openalex.org/W1839927001
https://openalex.org/W2076822464
https://openalex.org/W2111592812
https://openalex.org/W2609028568
https://openalex.org/W2750663302
https://openalex.org/W2765811432
https://openalex.org/W2791518134
https://openalex.org/W2799699363
https://openalex.org/W2800810996
https://openalex.org/W2888261347
https://openalex.org/W2901288117
https://openalex.org/W2972331274
https://openalex.org/W2981025188
https://openalex.org/W2984793986
https://openalex.org/W2985161036
https://openalex.org/W2988075996
https://openalex.org/W2996032537
https://openalex.org/W3021442331
https://openalex.org/W3027938982
https://openalex.org/W3085649772
https://openalex.org/W3105779585
https://openalex.org/W3132438777
https://openalex.org/W3142821599
https://openalex.org/W3142929314
https://openalex.org/W3144130782
https://openalex.org/W3151655117
https://openalex.org/W3160323010
https://openalex.org/W4244537631
https://openalex.org/W2339722069
https://openalex.org/W2506255109
https://openalex.org/W2553370448
https://openalex.org/W2560361101
https://openalex.org/W2595707698
https://openalex.org/W2738893295
https://openalex.org/W1534215154
https://openalex.org/W1967578407
https://openalex.org/W2012106246
https://openalex.org/W2019261860
https://openalex.org/W2052778873
https://openalex.org/W2060049757
https://openalex.org/W2061745701
https://openalex.org/W4234258205
https://openalex.org/W2027095568
https://openalex.org/W2050717553
https://openalex.org/W2060640354
https://openalex.org/W2003277307
https://openalex.org/W2062219517
https://openalex.org/W2089497129
https://openalex.org/W2009258381
https://openalex.org/W2018440312
https://openalex.org/W2038262883
https://openalex.org/W131493397
https://openalex.org/W2093459653
https://openalex.org/W2585047090
https://openalex.org/W140724438
https://openalex.org/W1975231423
https://openalex.org/W2414901458
https://openalex.org/W1603032299
https://openalex.org/W1979040038
https://openalex.org/W1989293704
https://openalex.org/W1998970553
https://openalex.org/W2011713501
https://openalex.org/W2014877197
https://openalex.org/W2035376911
https://openalex.org/W2062793009
https://openalex.org/W2188926401
https://openalex.org/W2278248523
https://openalex.org/W2314896301
https://openalex.org/W2500379414
https://openalex.org/W870569172
https://openalex.org/W966926448
https://openalex.org/W1984929417
https://openalex.org/W1999795869
https://openalex.org/W4315433567
https://openalex.org/W4322731051
https://openalex.org/W4323076308
https://openalex.org/W4361912316
https://openalex.org/W4361912344
https://openalex.org/W4361912688
https://openalex.org/W4361945283
https://openalex.org/W4361951857
https://openalex.org/W4362397074
https://openalex.org/W4362397085
https://openalex.org/W4362433267
https://openalex.org/W4363649420
https://openalex.org/W4367172668
https://openalex.org/W4377232289
https://openalex.org/W4377941058
https://openalex.org/W4377987790
https://openalex.org/W4378672938
https://openalex.org/W4379540242
https://openalex.org/W4380687181
https://openalex.org/W4380853780
https://openalex.org/W4380904468
https://openalex.org/W4381611478
https://openalex.org/W4381678609
https://openalex.org/W4383377727
https://openalex.org/W4383876700
https://openalex.org/W4384023892
https://openalex.org/W4384030432
https://openalex.org/W4384298971
https://openalex.org/W4384526157
https://openalex.org/W4385263857
https://openalex.org/W4385284227
https://openalex.org/W4385300312
https://openalex.org/W4385361315
https://openalex.org/W4385525240
https://openalex.org/W4385633772
https://openalex.org/W4385667229
https://openalex.org/W4385743541
https://openalex.org/W4385952974
https://openalex.org/W4386022646
https://openalex.org/W4386046997
https://openalex.org/W4386102401
https://openalex.org/W4386160804
https://openalex.org/W4386222192
https://openalex.org/W4386305848
https://openalex.org/W4386616475
https://openalex.org/W4386804057
https://openalex.org/W4387476369
https://openalex.org/W4387503955
https://openalex.org/W4387665132
https://openalex.org/W4387820412
https://openalex.org/W4388441742
https://openalex.org/W4388453717
https://openalex.org/W4388640154
https://openalex.org/W4388824136
https://openalex.org/W4388895147
https://openalex.org/W4389235233
https://openalex.org/W4389247152
https://openalex.org/W4389317644
https://openalex.org/W4389329363
https://openalex.org/W4389559028
https://openalex.org/W4389684324
https://openalex.org/W4389805151
https://openalex.org/W4389808064
https://openalex.org/W4390341908
https://openalex.org/W4392724034
https://openalex.org/W4394115863
https://openalex.org/W1988719917
https://openalex.org/W1997115850
https://openalex.org/W2011048559
https://openalex.org/W2270344811
https://openalex.org/W1991000485
https://openalex.org/W2047411107
https://openalex.org/W2147693952
https://openalex.org/W2151403422
https://openalex.org/W1984666457
https://openalex.org/W2000087371
https://openalex.org/W2015096182
https://openalex.org/W2980105847
https://openalex.org/W1163479433
https://openalex.org/W1815421661
https://openalex.org/W2055338916
https://openalex.org/W2576848490
https://openalex.org/W2611660098
https://openalex.org/W2625907877
https://openalex.org/W3118412515
https://openalex.org/W2400079915
https://openalex.org/W1981089834
https://openalex.org/W2013845116
https://openalex.org/W2063826089
https://openalex.org/W2412983508
https://openalex.org/W2527884245
https://openalex.org/W2066411529
https://openalex.org/W2082734610
https://openalex.org/W1964368041
https://openalex.org/W2048791002
https://openalex.org/W2242952326
https://openalex.org/W2281660916
https://openalex.org/W2369138025
https://openalex.org/W1986078984
https://openalex.org/W2013057113
https://openalex.org/W2380010598
https://openalex.org/W2768519410
https://openalex.org/W2772918405
https://openalex.org/W2791819041
https://openalex.org/W2797150095
https://openalex.org/W2801367341
https://openalex.org/W2804982819
https://openalex.org/W2901764791
https://openalex.org/W2905325652
https://openalex.org/W2905588062
https://openalex.org/W2910101270
https://openalex.org/W2946928300
https://openalex.org/W2953571982
https://openalex.org/W2965524477
https://openalex.org/W2969861551
https://openalex.org/W2980996379
https://openalex.org/W3010983751
https://openalex.org/W3011338279
https://openalex.org/W3016271478
https://openalex.org/W3021276553
https://openalex.org/W3024188402
https://openalex.org/W3036752831
https://openalex.org/W3040330746
https://openalex.org/W3044944853
https://openalex.org/W3082573863
https://openalex.org/W3095487872
https://openalex.org/W3122603677
https://openalex.org/W3126676893
https://openalex.org/W3130239335
https://openalex.org/W3133470901
https://openalex.org/W3133513846
https://openalex.org/W3136380968
https://openalex.org/W3137296108
https://openalex.org/W3139530363
https://openalex.org/W3154914654
https://openalex.org/W3157111034
https://openalex.org/W3161800429
https://openalex.org/W3163514503
https://openalex.org/W3179911610
https://openalex.org/W3196294279
https://openalex.org/W3214011263
https://openalex.org/W3216089810
https://openalex.org/W4200535894
https://openalex.org/W4211179754
https://openalex.org/W4236405961
https://openalex.org/W4240162288
https://openalex.org/W4242550404
https://openalex.org/W2316763648
https://openalex.org/W2474375642
https://openalex.org/W2530963912
https://openalex.org/W2561144815
https://openalex.org/W2582207682
https://openalex.org/W2986741432
https://openalex.org/W4206750811
https://openalex.org/W4220829683
https://openalex.org/W4225665587
https://openalex.org/W4280619940
https://openalex.org/W4282590242
https://openalex.org/W4282831094
https://openalex.org/W4288047064
https://openalex.org/W4291491281
https://openalex.org/W4293065504
https://openalex.org/W4295899641
https://openalex.org/W4307134475
https://openalex.org/W4313429612
https://openalex.org/W2008121436
https://openalex.org/W2022369336
https://openalex.org/W2046935139
https://openalex.org/W1973084138
https://openalex.org/W2000467321
https://openalex.org/W2000879041
https://openalex.org/W2027960842
https://openalex.org/W2029261484
https://openalex.org/W2078674841
https://openalex.org/W2081903851
https://openalex.org/W2187774132
https://openalex.org/W2269231190
https://openalex.org/W2279855736
https://openalex.org/W2416305292
https://openalex.org/W1982203665
https://openalex.org/W2016789218
https://openalex.org/W2045258057
https://openalex.org/W2068081893
https://openalex.org/W2073467965
https://openalex.org/W2432246907
https://openalex.org/W2409455461
https://openalex.org/W2553478512
https://openalex.org/W3133592797
https://openalex.org/W1521627391
https://openalex.org/W1728224285
https://openalex.org/W1979817687
https://openalex.org/W2021754249
https://openalex.org/W2024005193
https://openalex.org/W2029834098
https://openalex.org/W2030404235
https://openalex.org/W2052751931
https://openalex.org/W2085128901
https://openalex.org/W2264447439
https://openalex.org/W2313333656
https://openalex.org/W2417741580
https://openalex.org/W2604383608
https://openalex.org/W4210967575
https://openalex.org/W4292675326
https://openalex.org/W833136381
https://openalex.org/W1967883570
https://openalex.org/W2055595476
https://openalex.org/W2080008853
https://openalex.org/W1995928557
https://openalex.org/W2039634792
https://openalex.org/W987211068
https://openalex.org/W4230541300
https://openalex.org/W54163555
https://openalex.org/W2047902998
https://openalex.org/W2054224340
https://openalex.org/W2076868295
https://openalex.org/W2126844359
https://openalex.org/W2133051187
https://openalex.org/W2247275532
https://openalex.org/W2249728779
https://openalex.org/W2077993033
https://openalex.org/W2220633345
https://openalex.org/W2307414433
https://openalex.org/W2587629215
https://openalex.org/W2619952478
https://openalex.org/W2623643166
https://openalex.org/W2938281413
https://openalex.org/W2964279524
https://openalex.org/W3114716704
https://openalex.org/W4236912258
https://openalex.org/W4394222454
https://openalex.org/W2006977840
https://openalex.org/W2091060876
https://openalex.org/W1501044667
https://openalex.org/W1987688708
https://openalex.org/W2034459176
https://openalex.org/W2044972224
https://openalex.org/W1989870018
https://openalex.org/W1993041395
https://openalex.org/W4298039661
https://openalex.org/W1513062930
https://openalex.org/W1976064452
https://openalex.org/W2072782864
https://openalex.org/W2157427096
https://openalex.org/W2770068869
https://openalex.org/W2784385957
https://openalex.org/W2789721158
https://openalex.org/W2791989202
https://openalex.org/W2792342805
https://openalex.org/W2904581160
https://openalex.org/W3098270855
https://openalex.org/W4389913074
https://openalex.org/W2267992161
https://openalex.org/W2283965446
https://openalex.org/W257775321
https://openalex.org/W1963793605
https://openalex.org/W2008507235
https://openalex.org/W2026296814
https://openalex.org/W130325510
https://openalex.org/W2063764319
https://openalex.org/W261380557
https://openalex.org/W2909986984
https://openalex.org/W625855089
https://openalex.org/W2379373456
https://openalex.org/W2943091171
https://openalex.org/W2972417096
https://openalex.org/W2994812262
https://openalex.org/W2996540695
https://openalex.org/W2998458200
https://openalex.org/W3004351208
https://openalex.org/W3005368934
https://openalex.org/W3011775014
https://openalex.org/W3021123876
https://openalex.org/W3024468552
https://openalex.org/W3042770599
https://openalex.org/W3084114076
https://openalex.org/W3089535712
https://openalex.org/W3089712171
https://openalex.org/W3090894910
https://openalex.org/W3098170378
https://openalex.org/W3102840951
https://openalex.org/W3107629045
https://openalex.org/W3117929503
https://openalex.org/W3133852251
https://openalex.org/W3159203746
https://openalex.org/W3183263248
https://openalex.org/W4205448873
https://openalex.org/W4210626382
https://openalex.org/W4241052057
https://openalex.org/W1522259712
https://openalex.org/W165356785
https://openalex.org/W2012331227
https://openalex.org/W2026077874
https://openalex.org/W2048991552
https://openalex.org/W2113097849
https://openalex.org/W2154306294
https://openalex.org/W1580364870
https://openalex.org/W2007312786
https://openalex.org/W2166113265
https://openalex.org/W2404983374
https://openalex.org/W659198776
https://openalex.org/W2148017468
https://openalex.org/W2172290262
https://openalex.org/W2406242360
https://openalex.org/W2614784393
https://openalex.org/W3128216802
https://openalex.org/W3134409091
https://openalex.org/W3183545310
https://openalex.org/W3189512792
https://openalex.org/W3214766480
https://openalex.org/W3216136875
https://openalex.org/W4205139386
https://openalex.org/W4210605624
https://openalex.org/W4245442950
https://openalex.org/W4388135762
https://openalex.org/W2294006331
https://openalex.org/W2312554646
https://openalex.org/W2559452460
https://openalex.org/W2583605811
https://openalex.org/W2589149535
https://openalex.org/W2612444664
https://openalex.org/W2995611949
https://openalex.org/W3141857469
https://openalex.org/W2010829693
https://openalex.org/W2044205917
https://openalex.org/W207138864
https://openalex.org/W2147725318
https://openalex.org/W2396068535
https://openalex.org/W2412634135
https://openalex.org/W1570720516
https://openalex.org/W1573655398
https://openalex.org/W1967712500
https://openalex.org/W1981351753
https://openalex.org/W2110706321
https://openalex.org/W2472611290
https://openalex.org/W2566075579
https://openalex.org/W2906584621
https://openalex.org/W971220232
https://openalex.org/W1986753425
https://openalex.org/W2079189130
https://openalex.org/W2283985128
https://openalex.org/W2348053586
https://openalex.org/W2367569647
https://openalex.org/W2472281832
https://openalex.org/W2611816932
https://openalex.org/W2758007630
https://openalex.org/W2952681190
https://openalex.org/W2953110786
https://openalex.org/W4298371741
https://openalex.org/W1992787550
https://openalex.org/W2030562983
https://openalex.org/W2061216177
https://openalex.org/W2462615543
https://openalex.org/W4249788061
https://openalex.org/W1203762830
https://openalex.org/W1251822228
https://openalex.org/W1477589676
https://openalex.org/W1510211402
https://openalex.org/W1580600900
https://openalex.org/W1599546370
https://openalex.org/W1738512854
https://openalex.org/W1795745319
https://openalex.org/W1902693788
https://openalex.org/W1909053540
https://openalex.org/W1967391344
https://openalex.org/W2019204343
https://openalex.org/W2036415359
https://openalex.org/W2053660300
https://openalex.org/W2055122248
https://openalex.org/W2069117435
https://openalex.org/W2090010921
https://openalex.org/W2095104583
https://openalex.org/W2107102558
https://openalex.org/W2167327557
https://openalex.org/W2171487116
https://openalex.org/W2181016539
https://openalex.org/W2199480508
https://openalex.org/W2201210965
https://openalex.org/W2207538711
https://openalex.org/W2259178309
https://openalex.org/W2291194934
https://openalex.org/W2291552495
https://openalex.org/W2295465247
https://openalex.org/W2297505089
https://openalex.org/W2298722740
https://openalex.org/W2309741258
https://openalex.org/W2314211848
https://openalex.org/W2315152619
https://openalex.org/W2316477387
https://openalex.org/W2321114823
https://openalex.org/W2332347506
https://openalex.org/W2333921938
https://openalex.org/W2335970263
https://openalex.org/W2336860708
https://openalex.org/W2338999280
https://openalex.org/W2350407534
https://openalex.org/W2375167665
https://openalex.org/W2380909921
https://openalex.org/W2470419593
https://openalex.org/W2482804038
https://openalex.org/W2498361645
https://openalex.org/W2505003776
https://openalex.org/W2530596666
https://openalex.org/W2530910292
https://openalex.org/W2531264231
https://openalex.org/W2547488734
https://openalex.org/W2547600267
https://openalex.org/W2561026219
https://openalex.org/W2567881585
https://openalex.org/W2568461111
https://openalex.org/W2578135560
https://openalex.org/W2578283654
https://openalex.org/W2584225105
https://openalex.org/W2587255578
https://openalex.org/W2588704767
https://openalex.org/W2596917787
https://openalex.org/W2598037153
https://openalex.org/W2604284108
https://openalex.org/W2604498021
https://openalex.org/W2604574194
https://openalex.org/W2605107162
https://openalex.org/W2605587906
https://openalex.org/W2605950167
https://openalex.org/W2606319200
https://openalex.org/W2606399820
https://openalex.org/W2606933224
https://openalex.org/W2607013659
https://openalex.org/W2607257383
https://openalex.org/W2607325043
https://openalex.org/W2610316887
https://openalex.org/W2615133440
https://openalex.org/W2687135656
https://openalex.org/W2742522548
https://openalex.org/W2743800923
https://openalex.org/W2749725710
https://openalex.org/W2753277335
https://openalex.org/W2757075821
https://openalex.org/W2793546518
https://openalex.org/W2809450499
https://openalex.org/W2892502566
https://openalex.org/W2923390549
https://openalex.org/W2966902475
https://openalex.org/W2969312280
https://openalex.org/W2969873708
https://openalex.org/W2985617250
https://openalex.org/W2991771527
https://openalex.org/W2993106196
https://openalex.org/W3016659612
https://openalex.org/W3021674668
https://openalex.org/W3037037796
https://openalex.org/W3120706349
https://openalex.org/W3122288458
https://openalex.org/W3147245587
https://openalex.org/W3152141900
https://openalex.org/W3174906577
https://openalex.org/W3177334898
https://openalex.org/W3197948679
https://openalex.org/W3205156080
https://openalex.org/W3209444075
https://openalex.org/W3212097742
https://openalex.org/W3214427239
https://openalex.org/W4231474801
https://openalex.org/W4250739539
https://openalex.org/W4252161560
https://openalex.org/W4253495193
https://openalex.org/W4386633982
https://openalex.org/W4386634041
https://openalex.org/W4386634788
https://openalex.org/W4394080690
https://openalex.org/W4394238526
https://openalex.org/W4394484948
https://openalex.org/W657564706
https://openalex.org/W776471270
https://openalex.org/W812682553
https://openalex.org/W813359540
https://openalex.org/W825479342
https://openalex.org/W875227986
https://openalex.org/W899599780
https://openalex.org/W955688401
https://openalex.org/W988524644
https://openalex.org/W2027449606
https://openalex.org/W2079658298
https://openalex.org/W2405844724
https://openalex.org/W2437162541
https://openalex.org/W2992648872
https://openalex.org/W4210991359
https://openalex.org/W4211062219
https://openalex.org/W4231041478
https://openalex.org/W2094007974
https://openalex.org/W2351753411
https://openalex.org/W2520174478
https://openalex.org/W1040557716
https://openalex.org/W1157415671
https://openalex.org/W1596274335
https://openalex.org/W2005555475
https://openalex.org/W2015216921
https://openalex.org/W2035242162
https://openalex.org/W2045355386
https://openalex.org/W2050380667
https://openalex.org/W2059801687
https://openalex.org/W2081974019
https://openalex.org/W2094445538
https://openalex.org/W2106531559
https://openalex.org/W2129348183
https://openalex.org/W2153607606
https://openalex.org/W2174117143
https://openalex.org/W2223333684
https://openalex.org/W2249530755
https://openalex.org/W2259010367
https://openalex.org/W2274595561
https://openalex.org/W2281026818
https://openalex.org/W2356217473
https://openalex.org/W2361021193
https://openalex.org/W2362990744
https://openalex.org/W2372455175
https://openalex.org/W2375683406
https://openalex.org/W2382865316
https://openalex.org/W2392543602
https://openalex.org/W2392894368
https://openalex.org/W2393469384
https://openalex.org/W2412232956
https://openalex.org/W2413078878
https://openalex.org/W2425957028
https://openalex.org/W2485020140
https://openalex.org/W2522335594
https://openalex.org/W2565553
https://openalex.org/W2590570686
https://openalex.org/W2595363369
https://openalex.org/W2596153209
https://openalex.org/W2744905154
https://openalex.org/W2806114616
https://openalex.org/W2964390715
https://openalex.org/W2979952702
https://openalex.org/W2989761423
https://openalex.org/W2989879818
https://openalex.org/W3015063589
https://openalex.org/W3019821417
https://openalex.org/W3039874917
https://openalex.org/W3041419808
https://openalex.org/W3047794832
https://openalex.org/W3054496456
https://openalex.org/W3081051141
https://openalex.org/W3081435635
https://openalex.org/W3128897088
https://openalex.org/W3204230683
https://openalex.org/W3206439186
https://openalex.org/W4210567955
https://openalex.org/W4229716666
https://openalex.org/W4231370851
https://openalex.org/W4234457454
https://openalex.org/W4236485778
https://openalex.org/W4241861189
https://openalex.org/W4246108652
https://openalex.org/W4246217726
https://openalex.org/W4252491737
https://openalex.org/W4253600748
https://openalex.org/W4254650059
https://openalex.org/W4298730008
https://openalex.org/W4300878120
https://openalex.org/W4375959638
https://openalex.org/W796981301
https://openalex.org/W798775956
https://openalex.org/W90030496
https://openalex.org/W2410555242
https://openalex.org/W2007209070
https://openalex.org/W2025037246
https://openalex.org/W3205131117
https://openalex.org/W1512233291
https://openalex.org/W1550806868
https://openalex.org/W1555544638
https://openalex.org/W1577046628
https://openalex.org/W1991183922
https://openalex.org/W2049780308
https://openalex.org/W2066481242
https://openalex.org/W2090925804
https://openalex.org/W2140975557
https://openalex.org/W2247560742
https://openalex.org/W2291488522
https://openalex.org/W2297765477
https://openalex.org/W2351750756
https://openalex.org/W2360061665
https://openalex.org/W2384614036
https://openalex.org/W2410709109
https://openalex.org/W2416110055
https://openalex.org/W2416549604
https://openalex.org/W2484754755
https://openalex.org/W2596307299
https://openalex.org/W2596790871
https://openalex.org/W2605976356
https://openalex.org/W2610008189
https://openalex.org/W2610448616
https://openalex.org/W2621834912
https://openalex.org/W2735480841
https://openalex.org/W2738844785
https://openalex.org/W2738978919
https://openalex.org/W2739571233
https://openalex.org/W2742623687
https://openalex.org/W2748174794
https://openalex.org/W2748876310
https://openalex.org/W2751812930
https://openalex.org/W2753773999
https://openalex.org/W2760489472
https://openalex.org/W2765136021
https://openalex.org/W2765146926
https://openalex.org/W2765407854
https://openalex.org/W2768590298
https://openalex.org/W2769359430
https://openalex.org/W2769559683
https://openalex.org/W2770964710
https://openalex.org/W2774594478
https://openalex.org/W2776737463
https://openalex.org/W2785506329
https://openalex.org/W2785509614
https://openalex.org/W2789746205
https://openalex.org/W2804857351
https://openalex.org/W2806518957
https://openalex.org/W2899372076
https://openalex.org/W2956246999
https://openalex.org/W2967260073
https://openalex.org/W2968306152
https://openalex.org/W2981140481
https://openalex.org/W2994733348
https://openalex.org/W3031062301
https://openalex.org/W3055615651
https://openalex.org/W3093472372
https://openalex.org/W3143087372
https://openalex.org/W3204644495
https://openalex.org/W3207594446
https://openalex.org/W4253678396
https://openalex.org/W4299661261
https://openalex.org/W4389028304
https://openalex.org/W4389028394
https://openalex.org/W4394239629
https://openalex.org/W4394418583
https://openalex.org/W48386685
https://openalex.org/W5875599
https://openalex.org/W1991196871
https://openalex.org/W2069637454
https://openalex.org/W2116691679
https://openalex.org/W2339287610
https://openalex.org/W2398555343
https://openalex.org/W2440580679
https://openalex.org/W1018785276
https://openalex.org/W1030286035
https://openalex.org/W1181505227
https://openalex.org/W182632511
https://openalex.org/W186581073
https://openalex.org/W1984176732
https://openalex.org/W2034230930
https://openalex.org/W2045662111
https://openalex.org/W2065604880
https://openalex.org/W2131921629
https://openalex.org/W2143663411
https://openalex.org/W2271222289
https://openalex.org/W2305716713
https://openalex.org/W2314496281
https://openalex.org/W2372899025
https://openalex.org/W2388391869
https://openalex.org/W2395112685
https://openalex.org/W2418654227
https://openalex.org/W2500883225
https://openalex.org/W2540191131
https://openalex.org/W2586541672
https://openalex.org/W2969934209
https://openalex.org/W2993542687
https://openalex.org/W3135001796
https://openalex.org/W3136878189
https://openalex.org/W3139600149
https://openalex.org/W3174838368
https://openalex.org/W3195671908
https://openalex.org/W3216015720
https://openalex.org/W4207000492
https://openalex.org/W4211038520
https://openalex.org/W4220752704
https://openalex.org/W4221008651
https://openalex.org/W4221067757
https://openalex.org/W4223997581
https://openalex.org/W4224078059
https://openalex.org/W4225665950
https://openalex.org/W4234733502
https://openalex.org/W4280505406
https://openalex.org/W4281553002
https://openalex.org/W4281882299
https://openalex.org/W4282565287
https://openalex.org/W4283707461
https://openalex.org/W4285059964
https://openalex.org/W4285205901
https://openalex.org/W4285227313
https://openalex.org/W4285403708
https://openalex.org/W4286311946
https://openalex.org/W4286312512
https://openalex.org/W4286313871
https://openalex.org/W4287306552
https://openalex.org/W4287306720
https://openalex.org/W4287306755
https://openalex.org/W4287306884
https://openalex.org/W4287307069
https://openalex.org/W4287307275
https://openalex.org/W4287307316
https://openalex.org/W4287307654
https://openalex.org/W4287307919
https://openalex.org/W4287308133
https://openalex.org/W4289077900
https://openalex.org/W4290973847
https://openalex.org/W4292236474
https://openalex.org/W4293051433
https://openalex.org/W4294875233
https://openalex.org/W4295941148
https://openalex.org/W4296908261
https://openalex.org/W4300041765
https://openalex.org/W4301186702
https://openalex.org/W4304607077
https://openalex.org/W4306163971
https://openalex.org/W4309513613
https://openalex.org/W4313148487
https://openalex.org/W4315928418
https://openalex.org/W4318002319
https://openalex.org/W4318148605
https://openalex.org/W4319151954
https://openalex.org/W4394210922
https://openalex.org/W4394324020
https://openalex.org/W4394354470
https://openalex.org/W4394700550
https://openalex.org/W648811711
https://openalex.org/W875157662
https://openalex.org/W926715168
https://openalex.org/W945419597
https://openalex.org/W953307375
https://openalex.org/W967243681
https://openalex.org/W972522314
https://openalex.org/W975390786
https://openalex.org/W1849171117
https://openalex.org/W1971276989
https://openalex.org/W1971375693
https://openalex.org/W2036023245
https://openalex.org/W2411650381
https://openalex.org/W3024039019
https://openalex.org/W3141881265
https://openalex.org/W1000636842
https://openalex.org/W1182565810
https://openalex.org/W1456622579
https://openalex.org/W195023564
https://openalex.org/W1996401631
https://openalex.org/W2034189934
https://openalex.org/W2091641671
https://openalex.org/W2133861163
https://openalex.org/W2240210868
https://openalex.org/W2243150089
https://openalex.org/W2388158462
https://openalex.org/W2394713782
https://openalex.org/W2495201847
https://openalex.org/W2527545139
https://openalex.org/W2600518777
https://openalex.org/W2769310792
https://openalex.org/W2769818834
https://openalex.org/W2770102662
https://openalex.org/W2770926819
https://openalex.org/W2770979466
https://openalex.org/W2791343456
https://openalex.org/W2792605028
https://openalex.org/W2794930863
https://openalex.org/W2797106388
https://openalex.org/W2800782623
https://openalex.org/W2804852463
https://openalex.org/W2805536159
https://openalex.org/W2807244283
https://openalex.org/W2809584120
https://openalex.org/W2883242237
https://openalex.org/W2885659
https://openalex.org/W2886245816
https://openalex.org/W2887819636
https://openalex.org/W2891247220
https://openalex.org/W2899923725
https://openalex.org/W2899987184
https://openalex.org/W2900175003
https://openalex.org/W2903889158
https://openalex.org/W2916078186
https://openalex.org/W2918623893
https://openalex.org/W2936729735
https://openalex.org/W2938333373
https://openalex.org/W2938446527
https://openalex.org/W2944800397
https://openalex.org/W2947933846
https://openalex.org/W2948202687
https://openalex.org/W2948838554
https://openalex.org/W2952691051
https://openalex.org/W2953190283
https://openalex.org/W2953332713
https://openalex.org/W2954378279
https://openalex.org/W2955092182
https://openalex.org/W2955231696
https://openalex.org/W2956797945
https://openalex.org/W2969728881
https://openalex.org/W2971470038
https://openalex.org/W2971680828
https://openalex.org/W2971688556
https://openalex.org/W2974939480
https://openalex.org/W2976990145
https://openalex.org/W2990151379
https://openalex.org/W2990536073
https://openalex.org/W2992139962
https://openalex.org/W2992611767
https://openalex.org/W2993736369
https://openalex.org/W2995051513
https://openalex.org/W2995294806
https://openalex.org/W2997100803
https://openalex.org/W2998067256
https://openalex.org/W3000632670
https://openalex.org/W3013017788
https://openalex.org/W3022949117
https://openalex.org/W3027481543
https://openalex.org/W3030384205
https://openalex.org/W3093289679
https://openalex.org/W3109816935
https://openalex.org/W3113499506
https://openalex.org/W3137763779
https://openalex.org/W3156510978
https://openalex.org/W3159261180
https://openalex.org/W3180170567
https://openalex.org/W3193966254
https://openalex.org/W4206366729
https://openalex.org/W4206600160
https://openalex.org/W4232639129
https://openalex.org/W4235275847
https://openalex.org/W4235781171
https://openalex.org/W4237322693
https://openalex.org/W4238565519
https://openalex.org/W4238678883
https://openalex.org/W4241208643
https://openalex.org/W4244427122
https://openalex.org/W4248987068
https://openalex.org/W4249044358
https://openalex.org/W4250451585
https://openalex.org/W4251604123
https://openalex.org/W4252846490
https://openalex.org/W4379461604
https://openalex.org/W4394257268
https://openalex.org/W646141880
https://openalex.org/W952106426
https://openalex.org/W170728667
https://openalex.org/W1930512682
https://openalex.org/W1982880229
https://openalex.org/W1991389954
https://openalex.org/W2052584999
https://openalex.org/W2139319903
https://openalex.org/W2396702515
https://openalex.org/W2399991243
https://openalex.org/W2402558383
https://openalex.org/W2465786203
https://openalex.org/W4211121282
https://openalex.org/W73424427
https://openalex.org/W1021945898
https://openalex.org/W102665923
https://openalex.org/W10730134
https://openalex.org/W1124468549
https://openalex.org/W1190699783
https://openalex.org/W1194561060
https://openalex.org/W1238759070
https://openalex.org/W1539706577
https://openalex.org/W162753101
https://openalex.org/W1970048422
https://openalex.org/W1970719232
https://openalex.org/W2008178920
https://openalex.org/W2036790399
https://openalex.org/W2056216109
https://openalex.org/W2135052737
https://openalex.org/W2141054373
https://openalex.org/W2249445353
https://openalex.org/W2319327789
https://openalex.org/W2319743600
https://openalex.org/W2323718770
https://openalex.org/W2335119450
https://openalex.org/W2373059073
https://openalex.org/W2404230511
https://openalex.org/W2581187342
https://openalex.org/W2583621997
https://openalex.org/W2585383596
https://openalex.org/W2749795783
https://openalex.org/W2797676576
https://openalex.org/W2800012926
https://openalex.org/W2800419319
https://openalex.org/W2801419100
https://openalex.org/W2801665763
https://openalex.org/W2801740827
https://openalex.org/W2802248797
https://openalex.org/W2802914599
https://openalex.org/W2979745700
https://openalex.org/W3010898055
https://openalex.org/W3011439336
https://openalex.org/W3012345704
https://openalex.org/W3016438792
https://openalex.org/W3016518475
https://openalex.org/W3032183881
https://openalex.org/W3046940051
https://openalex.org/W3082002667
https://openalex.org/W3083707991
https://openalex.org/W3085110993
https://openalex.org/W3086043328
https://openalex.org/W3087330916
https://openalex.org/W3087407466
https://openalex.org/W3087587753
https://openalex.org/W3091638174
https://openalex.org/W3092332325
https://openalex.org/W3094045911
https://openalex.org/W3094423795
https://openalex.org/W3097889508
https://openalex.org/W3101760265
https://openalex.org/W3103827937
https://openalex.org/W3108747175
https://openalex.org/W3110802721
https://openalex.org/W3115092262
https://openalex.org/W3117777510
https://openalex.org/W3119660518
https://openalex.org/W3121646195
https://openalex.org/W3124141508
https://openalex.org/W3126379261
https://openalex.org/W3138804018
https://openalex.org/W3150490522
https://openalex.org/W3153385132
https://openalex.org/W3155581647
https://openalex.org/W3171207723
https://openalex.org/W3176628965
https://openalex.org/W3183577896
https://openalex.org/W3191443702
https://openalex.org/W3195908291
https://openalex.org/W3199931344
https://openalex.org/W3208802014
https://openalex.org/W3210741834
https://openalex.org/W3212195331
https://openalex.org/W4210323098
https://openalex.org/W4210473489
https://openalex.org/W4233696023
https://openalex.org/W4238562765
https://openalex.org/W4248768529
https://openalex.org/W4249332732
https://openalex.org/W4252846535
https://openalex.org/W4254592283
https://openalex.org/W979555325
https://openalex.org/W1140447016
https://openalex.org/W1178727869
https://openalex.org/W1925603023
https://openalex.org/W1994731867
https://openalex.org/W2016379044
https://openalex.org/W2373631436
https://openalex.org/W2410774050
https://openalex.org/W2416994211
https://openalex.org/W2606132479
https://openalex.org/W2799876845
https://openalex.org/W2801422884
https://openalex.org/W2801565508
https://openalex.org/W2801596258
https://openalex.org/W2903009635
https://openalex.org/W3030130234
https://openalex.org/W3118249931
https://openalex.org/W3126465604
https://openalex.org/W3154943846
https://openalex.org/W3157048507
https://openalex.org/W3217642918
https://openalex.org/W4251102591
https://openalex.org/W4319261959
https://openalex.org/W2046472912
https://openalex.org/W2161867711
https://openalex.org/W2236001890
https://openalex.org/W2290467687
https://openalex.org/W2358399003
https://openalex.org/W2377443403
https://openalex.org/W2397084376
https://openalex.org/W2415180370
https://openalex.org/W2417518570
https://openalex.org/W2432054225
https://openalex.org/W2432905310
https://openalex.org/W2471664372
https://openalex.org/W2604203892
https://openalex.org/W2940424332
https://openalex.org/W3122614429
https://openalex.org/W3126501636
https://openalex.org/W3135499543
https://openalex.org/W3135564503
https://openalex.org/W3158049117
https://openalex.org/W3164851111
https://openalex.org/W3183994090
https://openalex.org/W3184138445
https://openalex.org/W3185006291
https://openalex.org/W3195021329
https://openalex.org/W3195720287
https://openalex.org/W3198636501
https://openalex.org/W3200145833
https://openalex.org/W3202694049
https://openalex.org/W3207589257
https://openalex.org/W3213083632
https://openalex.org/W323391365
https://openalex.org/W4200405447
https://openalex.org/W4205941204
https://openalex.org/W4206536150
https://openalex.org/W4213324023
https://openalex.org/W4234450894
https://openalex.org/W4285343861
https://openalex.org/W4392323769
https://openalex.org/W4392324195
https://openalex.org/W4394415272
https://openalex.org/W1495794978
https://openalex.org/W2025446998
https://openalex.org/W2060401297
https://openalex.org/W2183076360
https://openalex.org/W2287281489
https://openalex.org/W2371447740
https://openalex.org/W2377885001
https://openalex.org/W2410281391
https://openalex.org/W2591787390
https://openalex.org/W2942381324
https://openalex.org/W4231069645
https://openalex.org/W4242383294
https://openalex.org/W4249237969
https://openalex.org/W2254822091
https://openalex.org/W2274408003
https://openalex.org/W2283660747
https://openalex.org/W2324909567
https://openalex.org/W2415864916
https://openalex.org/W2416370834
https://openalex.org/W2418541717
https://openalex.org/W2418802557
https://openalex.org/W2442246895
https://openalex.org/W2462642032
https://openalex.org/W2484620524
https://openalex.org/W2511549247
https://openalex.org/W29909464
https://openalex.org/W332950787
https://openalex.org/W4212972311
https://openalex.org/W4249051646
https://openalex.org/W1275960265
https://openalex.org/W1514497975
https://openalex.org/W1787470514
https://openalex.org/W1983321489
https://openalex.org/W2028852652
https://openalex.org/W2081562137
https://openalex.org/W2181920105
https://openalex.org/W2190101041
https://openalex.org/W2304494498
https://openalex.org/W2326126195
https://openalex.org/W2333823782
https://openalex.org/W2338481431
https://openalex.org/W2339691317
https://openalex.org/W2341283183
https://openalex.org/W2341844714
https://openalex.org/W2357725791
https://openalex.org/W2394622064
https://openalex.org/W2400823142
https://openalex.org/W2409403792
https://openalex.org/W2411856633
https://openalex.org/W2414346872
https://openalex.org/W2417394403
https://openalex.org/W2417497287
https://openalex.org/W2418503803
https://openalex.org/W2473598826
https://openalex.org/W2570193981
https://openalex.org/W2601265142
https://openalex.org/W2777086140
https://openalex.org/W3082718771
https://openalex.org/W3192229307
https://openalex.org/W18407280
https://openalex.org/W2075370450
https://openalex.org/W2082424373
https://openalex.org/W2126298520
https://openalex.org/W2184042951
https://openalex.org/W2321935320
https://openalex.org/W2333904477
https://openalex.org/W2335426580
https://openalex.org/W2344566628
https://openalex.org/W2345915253
https://openalex.org/W2394854146
https://openalex.org/W2399561298
https://openalex.org/W2411573424
https://openalex.org/W2415395259
https://openalex.org/W2416439961
https://openalex.org/W2418746580
https://openalex.org/W2465784487
https://openalex.org/W2728409891
https://openalex.org/W2800056788
https://openalex.org/W2951258488
https://openalex.org/W2952891227
https://openalex.org/W2953177702
https://openalex.org/W2977495197
https://openalex.org/W2992027930
https://openalex.org/W2993250759
https://openalex.org/W3200864748
https://openalex.org/W4206423993
https://openalex.org/W786869001
https://openalex.org/W1604985981
https://openalex.org/W180584675
https://openalex.org/W2030506072
https://openalex.org/W2152707390
https://openalex.org/W2285328084
https://openalex.org/W2402205671
https://openalex.org/W2411746221
https://openalex.org/W2412320481
https://openalex.org/W2412424340
https://openalex.org/W2417516823
https://openalex.org/W24755305
https://openalex.org/W2566237458
https://openalex.org/W2611523301
https://openalex.org/W2747306850
https://openalex.org/W2785102437
https://openalex.org/W2936014544
https://openalex.org/W2949262939
https://openalex.org/W2950270370
https://openalex.org/W2952635097
https://openalex.org/W2953349304
https://openalex.org/W2973785928
https://openalex.org/W4229975745
https://openalex.org/W4255088345
https://openalex.org/W100663981
https://openalex.org/W1480111102
https://openalex.org/W154075919
https://openalex.org/W1882180989
https://openalex.org/W1975943366
https://openalex.org/W197799470
https://openalex.org/W2006820277
https://openalex.org/W2021526122
https://openalex.org/W2033072542
https://openalex.org/W2034766170
https://openalex.org/W2041928145
https://openalex.org/W2042808839
https://openalex.org/W2094686958
https://openalex.org/W2161580196
https://openalex.org/W2185360055
https://openalex.org/W2255215954
https://openalex.org/W2281852985
https://openalex.org/W2319605339
https://openalex.org/W2322247596
https://openalex.org/W2397902682
https://openalex.org/W2409275560
https://openalex.org/W2410088693
https://openalex.org/W2413054181
https://openalex.org/W2413635846
https://openalex.org/W2415901729
https://openalex.org/W2417297706
https://openalex.org/W2417768670
https://openalex.org/W2418179679
https://openalex.org/W2422339081
https://openalex.org/W2433505949
https://openalex.org/W2522563847
https://openalex.org/W2778991171
https://openalex.org/W2802678963
https://openalex.org/W2917527369
https://openalex.org/W2918171197
https://openalex.org/W2949331988
https://openalex.org/W2950764064
https://openalex.org/W2950879506
https://openalex.org/W2951544937
https://openalex.org/W2952058082
https://openalex.org/W2952636029
https://openalex.org/W2996195088
https://openalex.org/W3026832724
https://openalex.org/W3036089656
https://openalex.org/W819555442
https://openalex.org/W89209694
https://openalex.org/W90508388
https://openalex.org/W2106650290
https://openalex.org/W2108360575
https://openalex.org/W2115605381
https://openalex.org/W2027687782
https://openalex.org/W1935834387
https://openalex.org/W2122704305
https://openalex.org/W2027604422
https://openalex.org/W1979858258
https://openalex.org/W2997402759
https://openalex.org/W2152389213
https://openalex.org/W1996438954
https://openalex.org/W2008720923
https://openalex.org/W2084561923
https://openalex.org/W2101802836
https://openalex.org/W2024549899
https://openalex.org/W2088682369
https://openalex.org/W2069342665
https://openalex.org/W2802285660
https://openalex.org/W2116313694
https://openalex.org/W2594262954
https://openalex.org/W2334068889
https://openalex.org/W3175354784
https://openalex.org/W1926605577
https://openalex.org/W2596757828
https://openalex.org/W2290399000
https://openalex.org/W2613264886
https://openalex.org/W2043390017
https://openalex.org/W3025647603
https://openalex.org/W3176597907
https://openalex.org/W3118788544
https://openalex.org/W2897615976
https://openalex.org/W4206141981
https://openalex.org/W3180336962
https://openalex.org/W3126200693
https://openalex.org/W3138210496
https://openalex.org/W3206687573
https://openalex.org/W4213445083
https://openalex.org/W4211143999
https://openalex.org/W3208563145
https://openalex.org/W3210025107
https://openalex.org/W4200243842
https://openalex.org/W4282842108
https://openalex.org/W3203737579
https://openalex.org/W3209098750
https://openalex.org/W4308750009
https://openalex.org/W4320879002
https://openalex.org/W4380758437
https://openalex.org/W4312204599
https://openalex.org/W4363672862
https://openalex.org/W4386134158
https://openalex.org/W4379380451
https://openalex.org/W2098609244
https://openalex.org/W1555102770
https://openalex.org/W2049783070
https://openalex.org/W2026562903
https://openalex.org/W2131433113
https://openalex.org/W2051013157
https://openalex.org/W2144859301
https://openalex.org/W2118356006
https://openalex.org/W1991619286
https://openalex.org/W2011872098
https://openalex.org/W1976663562
https://openalex.org/W2051749783
https://openalex.org/W2025429949
https://openalex.org/W2094204821
https://openalex.org/W2140582490
https://openalex.org/W2098385901
https://openalex.org/W2058916280
https://openalex.org/W2614716454
https://openalex.org/W2154912948
https://openalex.org/W2047026349
https://openalex.org/W1985481481
https://openalex.org/W2146237899
https://openalex.org/W1998409894
https://openalex.org/W2015763823
https://openalex.org/W2025174622
https://openalex.org/W2748328505
https://openalex.org/W2100545292
https://openalex.org/W2560346424
https://openalex.org/W2884411614
https://openalex.org/W2053299722
https://openalex.org/W1620999576
https://openalex.org/W2943093656
https://openalex.org/W1553366364
https://openalex.org/W2704172323
https://openalex.org/W2014501472
https://openalex.org/W1996176598
https://openalex.org/W2609166304
https://openalex.org/W2558957680
https://openalex.org/W2886184620
https://openalex.org/W3089419024
https://openalex.org/W3184180527
https://openalex.org/W3023366338
https://openalex.org/W2943943904
https://openalex.org/W2997994082
https://openalex.org/W3163209780
https://openalex.org/W3156785578
https://openalex.org/W3154720918
https://openalex.org/W3150737796
https://openalex.org/W3173903422
https://openalex.org/W3138430869
https://openalex.org/W3175108894
https://openalex.org/W3215853678
https://openalex.org/W3182935660
https://openalex.org/W3208032151
https://openalex.org/W3207012510
https://openalex.org/W3209759372
https://openalex.org/W4285791922
https://openalex.org/W3208966468
https://openalex.org/W4212949039
https://openalex.org/W4283801029
https://openalex.org/W4200432810
https://openalex.org/W4211171842
https://openalex.org/W4293045454
https://openalex.org/W4319073986
https://openalex.org/W4308344765
https://openalex.org/W4313420404
https://openalex.org/W4311766508
https://openalex.org/W4318678019
https://openalex.org/W4310983154
https://openalex.org/W4321768877
https://openalex.org/W4390914528
https://openalex.org/W1970089074
https://openalex.org/W2028028524
https://openalex.org/W2031626005
https://openalex.org/W2097753092
https://openalex.org/W2139515806
https://openalex.org/W2155714970
https://openalex.org/W2037134661
https://openalex.org/W1969608508
https://openalex.org/W2065237397
https://openalex.org/W1941680219
https://openalex.org/W1991569332
https://openalex.org/W1922881108
https://openalex.org/W1983424858
https://openalex.org/W2095417692
https://openalex.org/W1975057998
https://openalex.org/W2018538748
https://openalex.org/W2027219326
https://openalex.org/W2018050657
https://openalex.org/W2120406487
https://openalex.org/W2067518422
https://openalex.org/W1978203207
https://openalex.org/W2048586849
https://openalex.org/W2049475825
https://openalex.org/W2077115821
https://openalex.org/W1975809558
https://openalex.org/W1981337008
https://openalex.org/W2113088269
https://openalex.org/W2140164209
https://openalex.org/W2001910475
https://openalex.org/W2150591003
https://openalex.org/W2725140374
https://openalex.org/W1979547972
https://openalex.org/W1998763825
https://openalex.org/W2146183852
https://openalex.org/W2465150711
https://openalex.org/W2101375508
https://openalex.org/W2735151249
https://openalex.org/W2585962273
https://openalex.org/W2299467630
https://openalex.org/W2284974270
https://openalex.org/W2612911641
https://openalex.org/W2945223780
https://openalex.org/W2950015427
https://openalex.org/W2891194602
https://openalex.org/W3032951322
https://openalex.org/W3182529939
https://openalex.org/W3119268715
https://openalex.org/W3127736928
https://openalex.org/W3112625593
https://openalex.org/W3126592806
https://openalex.org/W3044852585
https://openalex.org/W3214045419
https://openalex.org/W4285601362
https://openalex.org/W4214853607
https://openalex.org/W4200577169
https://openalex.org/W4226102990
https://openalex.org/W4285585270
https://openalex.org/W4285489842
https://openalex.org/W4308019508
https://openalex.org/W4311016731
https://openalex.org/W4384072203
https://openalex.org/W4324342807
https://openalex.org/W4313367631
https://openalex.org/W4321201490
https://openalex.org/W4388821879
https://openalex.org/W4389121344
https://openalex.org/W4390603759
https://openalex.org/W4391070491
https://openalex.org/W4391223388
https://openalex.org/W2012321934
https://openalex.org/W2045310089
https://openalex.org/W2091364168
https://openalex.org/W2049550807
https://openalex.org/W2039736464
https://openalex.org/W2041087650
https://openalex.org/W2056664289
https://openalex.org/W1989257894
https://openalex.org/W2035625855
https://openalex.org/W2015303158
https://openalex.org/W2114930529
https://openalex.org/W1996363609
https://openalex.org/W85761926
https://openalex.org/W2159186384
https://openalex.org/W2040860912
https://openalex.org/W2415891585
https://openalex.org/W165641782
https://openalex.org/W1988115077
https://openalex.org/W1993784347
https://openalex.org/W2106374705
https://openalex.org/W2017077871
https://openalex.org/W2111838694
https://openalex.org/W2002530816
https://openalex.org/W2084216124
https://openalex.org/W2139822324
https://openalex.org/W2017222755
https://openalex.org/W2082880985
https://openalex.org/W2744119557
https://openalex.org/W1932609322
https://openalex.org/W2042185719
https://openalex.org/W2340995766
https://openalex.org/W2614374412
https://openalex.org/W1893424794
https://openalex.org/W2510275243
https://openalex.org/W2428113697
https://openalex.org/W2591840253
https://openalex.org/W2553349038
https://openalex.org/W2553577147
https://openalex.org/W2910918474
https://openalex.org/W2590545096
https://openalex.org/W2793320920
https://openalex.org/W2460503493
https://openalex.org/W2891785242
https://openalex.org/W2987277664
https://openalex.org/W3042700470
https://openalex.org/W3092344117
https://openalex.org/W4244506876
https://openalex.org/W3025531406
https://openalex.org/W3182436899
https://openalex.org/W3172049520
https://openalex.org/W3160121824
https://openalex.org/W4200616851
https://openalex.org/W3143855125
https://openalex.org/W3201470538
https://openalex.org/W3180091580
https://openalex.org/W4280573438
https://openalex.org/W4281979308
https://openalex.org/W4282001987
https://openalex.org/W4284975837
https://openalex.org/W4220992126
https://openalex.org/W4283121017
https://openalex.org/W4281662788
https://openalex.org/W4298055493
https://openalex.org/W2796547101
https://openalex.org/W4320717445
https://openalex.org/W4360999469
https://openalex.org/W4366251054
https://openalex.org/W4378175221
https://openalex.org/W4310191905
https://openalex.org/W4386593311
https://openalex.org/W2295763141
https://openalex.org/W2158189832
https://openalex.org/W159069885
https://openalex.org/W4253978834
https://openalex.org/W2075909497
https://openalex.org/W2119056979
https://openalex.org/W2053506304
https://openalex.org/W1984344423
https://openalex.org/W2032269757
https://openalex.org/W2072300370
https://openalex.org/W2009411379
https://openalex.org/W2097511861
https://openalex.org/W2012096440
https://openalex.org/W2103131258
https://openalex.org/W2003486042
https://openalex.org/W1548673796
https://openalex.org/W2341808690
https://openalex.org/W2000538873
https://openalex.org/W2019320724
https://openalex.org/W2075635531
https://openalex.org/W2119764081
https://openalex.org/W2267027923
https://openalex.org/W2554875133
https://openalex.org/W2611543591
https://openalex.org/W2754714000
https://openalex.org/W2291831893
https://openalex.org/W2323442346
https://openalex.org/W2607739943
https://openalex.org/W2797809065
https://openalex.org/W2977810099
https://openalex.org/W2791920309
https://openalex.org/W2997663010
https://openalex.org/W2961177879
https://openalex.org/W3117676607
https://openalex.org/W3109871469
https://openalex.org/W3199793308
https://openalex.org/W4210921721
https://openalex.org/W4293211822
https://openalex.org/W4212823672
https://openalex.org/W4317853413
https://openalex.org/W4319656449
https://openalex.org/W4365135684
https://openalex.org/W4368340806
https://openalex.org/W2103174138
https://openalex.org/W2006633495
https://openalex.org/W2047696216
https://openalex.org/W1967427615
https://openalex.org/W2169750589
https://openalex.org/W2110736244
https://openalex.org/W2089759190
https://openalex.org/W2020564204
https://openalex.org/W2103489705
https://openalex.org/W2124374117
https://openalex.org/W2169003271
https://openalex.org/W1970345818
https://openalex.org/W2128075161
https://openalex.org/W2136778113
https://openalex.org/W2029227372
https://openalex.org/W1966643468
https://openalex.org/W1999126652
https://openalex.org/W2001364614
https://openalex.org/W1967676691
https://openalex.org/W2032258371
https://openalex.org/W2052462612
https://openalex.org/W2167800871
https://openalex.org/W2415036617
https://openalex.org/W2613926880
https://openalex.org/W2616530946
https://openalex.org/W2716994201
https://openalex.org/W2774671372
https://openalex.org/W2735262496
https://openalex.org/W892709073
https://openalex.org/W2913073318
https://openalex.org/W2944053790
https://openalex.org/W2949983989
https://openalex.org/W2940313400
https://openalex.org/W3010066794
https://openalex.org/W3047032739
https://openalex.org/W3014589550
https://openalex.org/W3037944795
https://openalex.org/W3107531520
https://openalex.org/W3128879708
https://openalex.org/W4221120510
https://openalex.org/W4281561060
https://openalex.org/W4291152231
https://openalex.org/W2153805312
https://openalex.org/W2026710404
https://openalex.org/W2007204546
https://openalex.org/W2075282295
https://openalex.org/W2069982252
https://openalex.org/W2037762039
https://openalex.org/W2078539648
https://openalex.org/W2156598124
https://openalex.org/W2075335144
https://openalex.org/W2095646262
https://openalex.org/W1717027889
https://openalex.org/W1977156211
https://openalex.org/W2074027579
https://openalex.org/W2113480521
https://openalex.org/W1569751617
https://openalex.org/W2013622382
https://openalex.org/W2097394922
https://openalex.org/W2603093586
https://openalex.org/W1249609088
https://openalex.org/W2003315755
https://openalex.org/W2213182226
https://openalex.org/W1447133063
https://openalex.org/W2521062450
https://openalex.org/W2518165865
https://openalex.org/W2898187916
https://openalex.org/W3161638205
https://openalex.org/W4213237824
https://openalex.org/W4283464777
https://openalex.org/W4285202305
https://openalex.org/W4294631287
https://openalex.org/W4308255192
https://openalex.org/W4296188453
https://openalex.org/W4304687900
https://openalex.org/W4319603018
https://openalex.org/W4360604225
https://openalex.org/W4382051220
https://openalex.org/W4387114374
https://openalex.org/W1997310901
https://openalex.org/W4254047291
https://openalex.org/W2076628966
https://openalex.org/W2039055352
https://openalex.org/W1997037156
https://openalex.org/W1998277565
https://openalex.org/W2028095016
https://openalex.org/W2004899155
https://openalex.org/W2043113126
https://openalex.org/W1511861859
https://openalex.org/W2162716847
https://openalex.org/W1602591430
https://openalex.org/W1982735995
https://openalex.org/W1901742577
https://openalex.org/W2091090540
https://openalex.org/W2011514836
https://openalex.org/W2070639916
https://openalex.org/W2096134355
https://openalex.org/W2323550290
https://openalex.org/W2110666098
https://openalex.org/W2162459101
https://openalex.org/W2007870253
https://openalex.org/W2045350148
https://openalex.org/W2069976512
https://openalex.org/W2107343605
https://openalex.org/W1989274556
https://openalex.org/W2150588304
https://openalex.org/W2612619448
https://openalex.org/W2779630732
https://openalex.org/W2560493946
https://openalex.org/W2526738648
https://openalex.org/W3035755764
https://openalex.org/W3036742754
https://openalex.org/W2983904653
https://openalex.org/W3008047374
https://openalex.org/W3024757671
https://openalex.org/W3207171939
https://openalex.org/W3080741446
https://openalex.org/W3128928994
https://openalex.org/W4200536825
https://openalex.org/W4220910366
https://openalex.org/W4220974661
https://openalex.org/W4283389472
https://openalex.org/W4310079976
https://openalex.org/W4387710598
https://openalex.org/W4388486982
https://openalex.org/W4389081450
https://openalex.org/W4389431277
https://openalex.org/W4389856364
https://openalex.org/W4390590615
https://openalex.org/W4390639581
https://openalex.org/W4391036110
https://openalex.org/W4391161150
https://openalex.org/W4391430672
https://openalex.org/W4391463844
https://openalex.org/W4391489493
https://openalex.org/W4391538760
https://openalex.org/W4391723053
https://openalex.org/W4391912333
https://openalex.org/W4392119524
https://openalex.org/W4392575271
https://openalex.org/W4393086550
https://openalex.org/W4393122348
https://openalex.org/W4393147496
https://openalex.org/W4393330889
https://openalex.org/W4393397649
https://openalex.org/W4393580482
https://openalex.org/W4393902161
https://openalex.org/W4394576536
https://openalex.org/W4394612892
https://openalex.org/W4394807514
https://openalex.org/W4394912435
https://openalex.org/W4395012022
https://openalex.org/W4395082865
https://openalex.org/W4395113145
https://openalex.org/W4395678539
https://openalex.org/W4395690271
https://openalex.org/W4396523741
https://openalex.org/W4396567934
https://openalex.org/W1970474610
https://openalex.org/W2004066295
https://openalex.org/W2047657780
https://openalex.org/W1516944108
https://openalex.org/W159948800
https://openalex.org/W2003201001
https://openalex.org/W2115882820
https://openalex.org/W2413376075
https://openalex.org/W615840243
https://openalex.org/W2489287577
https://openalex.org/W2006982548
https://openalex.org/W2008041394
https://openalex.org/W2065080615
https://openalex.org/W2034806904
https://openalex.org/W2334372648
https://openalex.org/W1988107722
https://openalex.org/W2030314283
https://openalex.org/W2034558084
https://openalex.org/W2807521531
https://openalex.org/W2296350403
https://openalex.org/W2746215008
https://openalex.org/W2987752557
https://openalex.org/W3027537332
https://openalex.org/W3148358307
https://openalex.org/W4321365565
https://openalex.org/W4387637031
https://openalex.org/W4388751793
https://openalex.org/W2159706411
https://openalex.org/W2138282025
https://openalex.org/W2036469210
https://openalex.org/W2012137756
https://openalex.org/W4250940418
https://openalex.org/W2064683968
https://openalex.org/W1965551677
https://openalex.org/W2317715419
https://openalex.org/W2152748308
https://openalex.org/W1984164130
https://openalex.org/W2057212344
https://openalex.org/W2061812258
https://openalex.org/W1993169124
https://openalex.org/W2508720014
https://openalex.org/W2807811410
https://openalex.org/W2889330280
https://openalex.org/W26969668
https://openalex.org/W2766157014
https://openalex.org/W2943525093
https://openalex.org/W2967296019
https://openalex.org/W2080315081
https://openalex.org/W3043787860
https://openalex.org/W3081507753
https://openalex.org/W4210421996
https://openalex.org/W4212994685
https://openalex.org/W4283317312
https://openalex.org/W4283765035
https://openalex.org/W1586335944
https://openalex.org/W2137030401
https://openalex.org/W2058610491
https://openalex.org/W147621428
https://openalex.org/W1562461625
https://openalex.org/W2073835297
https://openalex.org/W1566546923
https://openalex.org/W2020099668
https://openalex.org/W2129801498
https://openalex.org/W2410804467
https://openalex.org/W1925369872
https://openalex.org/W2488767614
https://openalex.org/W2594713503
https://openalex.org/W2766134803
https://openalex.org/W2792032065
https://openalex.org/W2892891167
https://openalex.org/W2896039648
https://openalex.org/W1645171248
https://openalex.org/W2020819837
https://openalex.org/W2090499553
https://openalex.org/W2947546939
https://openalex.org/W2975946201
https://openalex.org/W4210798825
https://openalex.org/W2982378237
https://openalex.org/W2998702526
https://openalex.org/W3089115925
https://openalex.org/W3164491485
https://openalex.org/W2082824107
https://openalex.org/W4221116118
https://openalex.org/W4283453280
https://openalex.org/W4288535762
https://openalex.org/W4289878389
https://openalex.org/W4290730346
https://openalex.org/W4291398517
https://openalex.org/W1605766271
https://openalex.org/W2048472726
https://openalex.org/W2124336526
https://openalex.org/W2031595581
https://openalex.org/W2075881399
https://openalex.org/W2129438456
https://openalex.org/W1999686856
https://openalex.org/W2020995724
https://openalex.org/W2052656695
https://openalex.org/W1975772686
https://openalex.org/W2070719538
https://openalex.org/W2090566928
https://openalex.org/W2328396216
https://openalex.org/W2571983499
https://openalex.org/W2783385543
https://openalex.org/W2803424039
https://openalex.org/W2803940980
https://openalex.org/W3022739201
https://openalex.org/W910180146
https://openalex.org/W1971093865
https://openalex.org/W2384171469
https://openalex.org/W2430438831
https://openalex.org/W2609505482
https://openalex.org/W2621992876
https://openalex.org/W2967661465
https://openalex.org/W2970284663
https://openalex.org/W4230248629
https://openalex.org/W2393950535
https://openalex.org/W3014262070
https://openalex.org/W3018760458
https://openalex.org/W3043265164
https://openalex.org/W3134132602
https://openalex.org/W3168029225
https://openalex.org/W3215658168
https://openalex.org/W2120439931
https://openalex.org/W2094132357
https://openalex.org/W1491336070
https://openalex.org/W1983226403
https://openalex.org/W2106934478
https://openalex.org/W2163551030
https://openalex.org/W2087153413
https://openalex.org/W2135977911
https://openalex.org/W2117760881
https://openalex.org/W1995290393
https://openalex.org/W1977216704
https://openalex.org/W2009029731
https://openalex.org/W2065836212
https://openalex.org/W14716729
https://openalex.org/W2127070345
https://openalex.org/W2062043742
https://openalex.org/W2482514174
https://openalex.org/W2020016920
https://openalex.org/W2027081140
https://openalex.org/W2055492799
https://openalex.org/W2117111884
https://openalex.org/W2802579551
https://openalex.org/W2987465541
https://openalex.org/W2079839273
https://openalex.org/W2115921516
https://openalex.org/W2189001220
https://openalex.org/W2275115925
https://openalex.org/W2531620492
https://openalex.org/W2552867094
https://openalex.org/W2948151969
https://openalex.org/W2982388459
https://openalex.org/W3080256401
https://openalex.org/W3082722697
https://openalex.org/W3093301755
https://openalex.org/W3144372308
https://openalex.org/W3171405746
https://openalex.org/W3197266775
https://openalex.org/W4282927011
https://openalex.org/W4286511257
https://openalex.org/W4290991664
https://openalex.org/W4312075732
https://openalex.org/W4317465174
https://openalex.org/W4321485241
https://openalex.org/W4365813871
https://openalex.org/W4378575824
https://openalex.org/W4381885541
https://openalex.org/W4384933857
https://openalex.org/W4385237471
https://openalex.org/W4385638947
https://openalex.org/W4386566082
https://openalex.org/W4387032957
https://openalex.org/W4387220172
https://openalex.org/W4389180066
https://openalex.org/W2025726648
https://openalex.org/W1971289850
https://openalex.org/W2018175050
https://openalex.org/W1980561303
https://openalex.org/W2134542471
https://openalex.org/W1999118598
https://openalex.org/W1972272427
https://openalex.org/W2008839881
https://openalex.org/W1999727013
https://openalex.org/W2078865904
https://openalex.org/W2102886012
https://openalex.org/W2898896115
https://openalex.org/W4289127540
https://openalex.org/W2260760330
https://openalex.org/W2313067973
https://openalex.org/W2957494541
https://openalex.org/W2059766407
https://openalex.org/W2081214133
https://openalex.org/W4249733396
https://openalex.org/W2023464434
https://openalex.org/W2009435407
https://openalex.org/W2062314516
https://openalex.org/W2015877775
https://openalex.org/W4321059314
https://openalex.org/W2010304505
https://openalex.org/W2017761050
https://openalex.org/W2049495363
https://openalex.org/W2067799470
https://openalex.org/W2094141803
https://openalex.org/W2121254306
https://openalex.org/W1540232550
https://openalex.org/W2040826487
https://openalex.org/W2100449726
https://openalex.org/W2121565369
https://openalex.org/W2073762367
https://openalex.org/W2485114292
https://openalex.org/W2586598832
https://openalex.org/W3030461425
https://openalex.org/W3034590565
https://openalex.org/W3158627734
https://openalex.org/W2027315365
https://openalex.org/W2072836885
https://openalex.org/W1969768660
https://openalex.org/W2015249990
https://openalex.org/W2000826288
https://openalex.org/W2045556108
https://openalex.org/W2049650897
https://openalex.org/W1971514805
https://openalex.org/W2465976678
https://openalex.org/W2020561216
https://openalex.org/W1985496106
https://openalex.org/W2049658252
https://openalex.org/W2068848083
https://openalex.org/W2134458822
https://openalex.org/W2103599665
https://openalex.org/W2121893960
https://openalex.org/W2784089193
https://openalex.org/W2785110390
https://openalex.org/W145562422
https://openalex.org/W1979668199
https://openalex.org/W2769241063
https://openalex.org/W2962106661
https://openalex.org/W2996236179
https://openalex.org/W3158982765
https://openalex.org/W3195771886
https://openalex.org/W3205171759
https://openalex.org/W4200295237
https://openalex.org/W4285077143
https://openalex.org/W4285592807
https://openalex.org/W4291115679
https://openalex.org/W4309504048
https://openalex.org/W2111571264
https://openalex.org/W1991836631
https://openalex.org/W2884318431
https://openalex.org/W2026306584
https://openalex.org/W2051411591
https://openalex.org/W2076941007
https://openalex.org/W2236639869
https://openalex.org/W2803890759
https://openalex.org/W2887591880
https://openalex.org/W2902375771
https://openalex.org/W1524455003
https://openalex.org/W1704339044
https://openalex.org/W2019261121
https://openalex.org/W2400787034
https://openalex.org/W2435958956
https://openalex.org/W2534248133
https://openalex.org/W2582898676
https://openalex.org/W2610352585
https://openalex.org/W2987894495
https://openalex.org/W3008831483
https://openalex.org/W3012706916
https://openalex.org/W3036012401
https://openalex.org/W3036324835
https://openalex.org/W3091886408
https://openalex.org/W3110419886
https://openalex.org/W2042081277
https://openalex.org/W2058848500
https://openalex.org/W2076841295
https://openalex.org/W2418953376
https://openalex.org/W1995144213
https://openalex.org/W39661349
https://openalex.org/W74093787
https://openalex.org/W628182662
https://openalex.org/W2049446873
https://openalex.org/W2056763671
https://openalex.org/W2761356983
https://openalex.org/W2891924160
https://openalex.org/W2900704998
https://openalex.org/W2961288815
https://openalex.org/W2979836501
https://openalex.org/W2991935247
https://openalex.org/W10562338
https://openalex.org/W2288618369
https://openalex.org/W2394943884
https://openalex.org/W2527706009
https://openalex.org/W2530421404
https://openalex.org/W2551239033
https://openalex.org/W2560216193
https://openalex.org/W3166388065
https://openalex.org/W3175900916
https://openalex.org/W3186400685
https://openalex.org/W3190242862
https://openalex.org/W3194326291
https://openalex.org/W3198924780
https://openalex.org/W3203820975
https://openalex.org/W1985793233
https://openalex.org/W1992263411
https://openalex.org/W1951217089
https://openalex.org/W1995256514
https://openalex.org/W2053216968
https://openalex.org/W1992508720
https://openalex.org/W2035827333
https://openalex.org/W2037470968
https://openalex.org/W2102966687
https://openalex.org/W1954148162
https://openalex.org/W1980269244
https://openalex.org/W2223235325
https://openalex.org/W2755739818
https://openalex.org/W2883346510
https://openalex.org/W2891249362
https://openalex.org/W2892469014
https://openalex.org/W2896120374
https://openalex.org/W2899493133
https://openalex.org/W2945514370
https://openalex.org/W2965422893
https://openalex.org/W3013538146
https://openalex.org/W3013974323
https://openalex.org/W3044607082
https://openalex.org/W3092247891
https://openalex.org/W3102739109
https://openalex.org/W3105104480
https://openalex.org/W2339289510
https://openalex.org/W2510941228
https://openalex.org/W2607372234
https://openalex.org/W2608240851
https://openalex.org/W3215484514
https://openalex.org/W4205238443
https://openalex.org/W4206455345
https://openalex.org/W4223919221
https://openalex.org/W4229055991
https://openalex.org/W4282968385
https://openalex.org/W4284880010
https://openalex.org/W4285287550
https://openalex.org/W4309535309
https://openalex.org/W1833434439
https://openalex.org/W2030916697
https://openalex.org/W2045312758
https://openalex.org/W2146359743
https://openalex.org/W1966963329
https://openalex.org/W2080324904
https://openalex.org/W2183732325
https://openalex.org/W2398285427
https://openalex.org/W2405250388
https://openalex.org/W2413133436
https://openalex.org/W2413526102
https://openalex.org/W2050505318
https://openalex.org/W2605496498
https://openalex.org/W2784451396
https://openalex.org/W2787082362
https://openalex.org/W2923567519
https://openalex.org/W2944800737
https://openalex.org/W2946937329
https://openalex.org/W2980908128
https://openalex.org/W2994699795
https://openalex.org/W3012367309
https://openalex.org/W3031660957
https://openalex.org/W3035723688
https://openalex.org/W3093587028
https://openalex.org/W3095129776
https://openalex.org/W3095364755
https://openalex.org/W3112638805
https://openalex.org/W3164204458
https://openalex.org/W3165509910
https://openalex.org/W3175929595
https://openalex.org/W3177145533
https://openalex.org/W3196227676
https://openalex.org/W2590432231
https://openalex.org/W2620931848
https://openalex.org/W4318250256
https://openalex.org/W1982573306
https://openalex.org/W2033544616
https://openalex.org/W2075057992
https://openalex.org/W3166724035
https://openalex.org/W2068442157
https://openalex.org/W2147305232
https://openalex.org/W1533143827
https://openalex.org/W574507872
https://openalex.org/W135187120
https://openalex.org/W2017149063
https://openalex.org/W1533472830
https://openalex.org/W1979872965
https://openalex.org/W2032533875
https://openalex.org/W2046492077
https://openalex.org/W2122140739
https://openalex.org/W2208028229
https://openalex.org/W2290576592
https://openalex.org/W2327219119
https://openalex.org/W2385106673
https://openalex.org/W2395957114
https://openalex.org/W2035454281
https://openalex.org/W2086005060
https://openalex.org/W2203970816
https://openalex.org/W2227361768
https://openalex.org/W2277073432
https://openalex.org/W2288827053
https://openalex.org/W2414046294
https://openalex.org/W3129193531
https://openalex.org/W3132335154
https://openalex.org/W3132366277
https://openalex.org/W3133124239
https://openalex.org/W3133340087
https://openalex.org/W4297841178
https://openalex.org/W4306971131
https://openalex.org/W4306990195
https://openalex.org/W4306994319
https://openalex.org/W4318250026
https://openalex.org/W4318250075
https://openalex.org/W4318457010
https://openalex.org/W4319782965
https://openalex.org/W4319783404
https://openalex.org/W4320006751
https://openalex.org/W4322576221
https://openalex.org/W4322576289
https://openalex.org/W4323537207
https://openalex.org/W4361004610
https://openalex.org/W4361816834
https://openalex.org/W4361880457
https://openalex.org/W4361884737
https://openalex.org/W4361884774
https://openalex.org/W4361884776
https://openalex.org/W4361884790
https://openalex.org/W4361884794
https://openalex.org/W4361884796
https://openalex.org/W4361884836
https://openalex.org/W4361884890
https://openalex.org/W4361884897
https://openalex.org/W4361884971
https://openalex.org/W4361884974
https://openalex.org/W4361884979
https://openalex.org/W4361884986
https://openalex.org/W4361919796
https://openalex.org/W4361919873
https://openalex.org/W4361919889
https://openalex.org/W4361919893
https://openalex.org/W4361919895
https://openalex.org/W4361919897
https://openalex.org/W4361919900
https://openalex.org/W4361919907
https://openalex.org/W4361919908
https://openalex.org/W4361919909
https://openalex.org/W4361919910
https://openalex.org/W4361919914
https://openalex.org/W4361919919
https://openalex.org/W4361943633
https://openalex.org/W4361949489
https://openalex.org/W4361951889
https://openalex.org/W4362427042
https://openalex.org/W4365483030
https://openalex.org/W4366496029
https://openalex.org/W4366496061
https://openalex.org/W4366496068
https://openalex.org/W4379046097
https://openalex.org/W4380786382
https://openalex.org/W4381192461
https://openalex.org/W4381745781
https://openalex.org/W4382794231
https://openalex.org/W4383265554
https://openalex.org/W4383872376
https://openalex.org/W4384500178
https://openalex.org/W4384559261
https://openalex.org/W4385163902
https://openalex.org/W4385189296
https://openalex.org/W4385627611
https://openalex.org/W4385749259
https://openalex.org/W4385844808
https://openalex.org/W4386022105
https://openalex.org/W4386054458
https://openalex.org/W4386219326
https://openalex.org/W4386224126
https://openalex.org/W4386224706
https://openalex.org/W4387082847
https://openalex.org/W4387207405
https://openalex.org/W4387312167
https://openalex.org/W4387360260
https://openalex.org/W4387440803
https://openalex.org/W4387545197
https://openalex.org/W4388071773
https://openalex.org/W4388487610
https://openalex.org/W4388557159
https://openalex.org/W4388728360
https://openalex.org/W4389051830
https://openalex.org/W4389282288
https://openalex.org/W4389282390
https://openalex.org/W4390011302
https://openalex.org/W4390277647
https://openalex.org/W4390550548
https://openalex.org/W4393387812
https://openalex.org/W763110680
https://openalex.org/W817927076
https://openalex.org/W1995045085
https://openalex.org/W2072412880
https://openalex.org/W3088793774
https://openalex.org/W204495843
https://openalex.org/W2435074876
https://openalex.org/W4299525497
https://openalex.org/W2394582012
https://openalex.org/W1998804600
https://openalex.org/W1913275513
https://openalex.org/W2007830830
https://openalex.org/W2000609561
https://openalex.org/W2065365363
https://openalex.org/W2771580640
https://openalex.org/W2775265792
https://openalex.org/W2912931823
https://openalex.org/W3093820512
https://openalex.org/W2792961217
https://openalex.org/W2891839828
https://openalex.org/W2945788092
https://openalex.org/W2985219129
https://openalex.org/W3004069180
https://openalex.org/W3007246412
https://openalex.org/W3111403830
https://openalex.org/W3111810312
https://openalex.org/W3115989405
https://openalex.org/W3128183101
https://openalex.org/W3154859177
https://openalex.org/W3165388485
https://openalex.org/W3183943128
https://openalex.org/W3195066835
https://openalex.org/W3195569184
https://openalex.org/W3209530385
https://openalex.org/W4200250603
https://openalex.org/W9802810
https://openalex.org/W2058162587
https://openalex.org/W2298117434
https://openalex.org/W2536207231
https://openalex.org/W2612840391
https://openalex.org/W4210593725
https://openalex.org/W4212874841
https://openalex.org/W4220763913
https://openalex.org/W4285180941
https://openalex.org/W4285265572
https://openalex.org/W4285309542
https://openalex.org/W4298087068
https://openalex.org/W4298128221
https://openalex.org/W4309530782
https://openalex.org/W4319733916
https://openalex.org/W4319734520
https://openalex.org/W4319734624
https://openalex.org/W1981555012
https://openalex.org/W2006336532
https://openalex.org/W111975336
https://openalex.org/W2057105076
https://openalex.org/W2439070745
https://openalex.org/W3087417259
https://openalex.org/W1998305945
https://openalex.org/W1999295322
https://openalex.org/W2041678075
https://openalex.org/W2376334480
https://openalex.org/W4206456609
https://openalex.org/W2234817431
https://openalex.org/W2359888299
https://openalex.org/W2412011147
https://openalex.org/W2490792995
https://openalex.org/W2763767093
https://openalex.org/W4206780617
https://openalex.org/W4281619774
https://openalex.org/W4294684801
https://openalex.org/W4308402162
https://openalex.org/W2007986450
https://openalex.org/W2027233062
https://openalex.org/W2796173874
https://openalex.org/W1515440524
https://openalex.org/W3005204591
https://openalex.org/W1187658246
https://openalex.org/W2348034896
https://openalex.org/W2414959620
https://openalex.org/W10043079
https://openalex.org/W149405545
https://openalex.org/W2047296105
https://openalex.org/W2112242098
https://openalex.org/W239514815
https://openalex.org/W2526491529
https://openalex.org/W2687964611
https://openalex.org/W2755043952
https://openalex.org/W2773227619
https://openalex.org/W2791318928
https://openalex.org/W2904988428
https://openalex.org/W2947485103
https://openalex.org/W3000573088
https://openalex.org/W3115695049
https://openalex.org/W2407860115
https://openalex.org/W2414492257
https://openalex.org/W2443095062
https://openalex.org/W350536403
https://openalex.org/W2164286048
https://openalex.org/W2416512914
https://openalex.org/W2796881708
https://openalex.org/W2807139191
https://openalex.org/W2883614375
https://openalex.org/W2892265939
https://openalex.org/W2901486851
https://openalex.org/W2904500362
https://openalex.org/W2914725407
https://openalex.org/W2993540850
https://openalex.org/W2996194595
https://openalex.org/W4211228271
https://openalex.org/W2428370586
https://openalex.org/W2905963282
https://openalex.org/W2921046699
https://openalex.org/W2924628332
https://openalex.org/W2943637458
https://openalex.org/W2972870669
https://openalex.org/W2993036345
https://openalex.org/W3000156718
https://openalex.org/W3030181583
https://openalex.org/W3089237326
https://openalex.org/W4235492783
https://openalex.org/W2030219062
https://openalex.org/W2409558116
https://openalex.org/W2412064949
https://openalex.org/W2328453505
https://openalex.org/W2412633448
https://openalex.org/W2413168758
https://openalex.org/W3093794628
https://openalex.org/W3135645865
https://openalex.org/W3151574281
https://openalex.org/W3153059907
https://openalex.org/W3161512173
https://openalex.org/W3164787715
https://openalex.org/W3174812595
https://openalex.org/W3182337992
https://openalex.org/W3193438539
https://openalex.org/W3207717828
https://openalex.org/W3212087258
https://openalex.org/W3215122244
https://openalex.org/W4253561689
https://openalex.org/W2019209703
https://openalex.org/W2413889592
https://openalex.org/W2461526435
https://openalex.org/W2027342541
https://openalex.org/W225838435
https://openalex.org/W4206810518
https://openalex.org/W2002597740
https://openalex.org/W1974679567
https://openalex.org/W2067094104
https://openalex.org/W2424217148
https://openalex.org/W4247044848
https://openalex.org/W1211710871
https://openalex.org/W2282724686
https://openalex.org/W1168443521
https://openalex.org/W1409915251
https://openalex.org/W1558514016
https://openalex.org/W1593942551
https://openalex.org/W165112353
https://openalex.org/W1981642306
https://openalex.org/W2068749988
https://openalex.org/W2185440562
https://openalex.org/W2234178481
https://openalex.org/W2259061793
https://openalex.org/W2262921170
https://openalex.org/W2266456471
https://openalex.org/W2312434852
https://openalex.org/W2315522108
https://openalex.org/W2318719816
https://openalex.org/W2342324731
https://openalex.org/W2419017596
https://openalex.org/W2423051885
https://openalex.org/W2467098961
https://openalex.org/W2470402618
https://openalex.org/W2487925936
https://openalex.org/W2514480506
https://openalex.org/W2522880950
https://openalex.org/W2567217662
https://openalex.org/W2570513818
https://openalex.org/W2587962299
https://openalex.org/W2595525297
https://openalex.org/W2598009507
https://openalex.org/W2600429585
https://openalex.org/W2607527205
https://openalex.org/W2608319063
https://openalex.org/W2610471238
https://openalex.org/W2620652440
https://openalex.org/W2624935722
https://openalex.org/W2626179489
https://openalex.org/W2731415798
https://openalex.org/W2756960711
https://openalex.org/W2766326392
https://openalex.org/W2770492086
https://openalex.org/W2800413182
https://openalex.org/W2887337357
https://openalex.org/W2894972308
https://openalex.org/W2902067437
https://openalex.org/W2937829481
https://openalex.org/W2945027405
https://openalex.org/W2949043512
https://openalex.org/W2954661062
https://openalex.org/W3096938834
https://openalex.org/W3161113254
https://openalex.org/W3162030413
https://openalex.org/W3162663183
https://openalex.org/W3165182311
https://openalex.org/W3183965457
https://openalex.org/W3186296212
https://openalex.org/W3211372682
https://openalex.org/W4229898127
https://openalex.org/W4233336993
https://openalex.org/W4234620998
https://openalex.org/W4241872831
https://openalex.org/W4242620823
https://openalex.org/W4395039703
https://openalex.org/W5984022
https://openalex.org/W270382182
https://openalex.org/W2605345032
https://openalex.org/W1552637052
https://openalex.org/W156484846
https://openalex.org/W2081235452
https://openalex.org/W2091724920
https://openalex.org/W2111688292
https://openalex.org/W2112163236
https://openalex.org/W2113836045
https://openalex.org/W2161453443
https://openalex.org/W2170208804
https://openalex.org/W2186912255
https://openalex.org/W2196783506
https://openalex.org/W2247220823
https://openalex.org/W2282897581
https://openalex.org/W2312841802
https://openalex.org/W2316738936
https://openalex.org/W2316786533
https://openalex.org/W2317565671
https://openalex.org/W2332474676
https://openalex.org/W2366527497
https://openalex.org/W2387811345
https://openalex.org/W2417114850
https://openalex.org/W2474905794
https://openalex.org/W2503719949
https://openalex.org/W2521304910
https://openalex.org/W2567164746
https://openalex.org/W2603704109
https://openalex.org/W2621069935
https://openalex.org/W2621413644
https://openalex.org/W2735216126
https://openalex.org/W2748887825
https://openalex.org/W2777484787
https://openalex.org/W2779789371
https://openalex.org/W2799516205
https://openalex.org/W2799703109
https://openalex.org/W2800010273
https://openalex.org/W2803849501
https://openalex.org/W2924449231
https://openalex.org/W2947835840
https://openalex.org/W2950507574
https://openalex.org/W2951563154
https://openalex.org/W3022143617
https://openalex.org/W3035321603
https://openalex.org/W3035660930
https://openalex.org/W3189519285
https://openalex.org/W3194067684
https://openalex.org/W3197438077
https://openalex.org/W4250707319
https://openalex.org/W4298183881
https://openalex.org/W947125374
https://openalex.org/W2038701469
https://openalex.org/W2068991286
https://openalex.org/W2090441774
https://openalex.org/W2316342089
https://openalex.org/W1274907412
https://openalex.org/W2083790628
https://openalex.org/W2086313029
https://openalex.org/W2316197597
https://openalex.org/W4390461554
https://openalex.org/W190041260
https://openalex.org/W1973739807
https://openalex.org/W2018602971
https://openalex.org/W2048024720
https://openalex.org/W209208156
https://openalex.org/W2358798096
https://openalex.org/W2411723344
https://openalex.org/W2415432847
https://openalex.org/W2417430796
https://openalex.org/W2430138248
https://openalex.org/W2472713244
https://openalex.org/W2590305159
https://openalex.org/W2600457824
https://openalex.org/W2618345596
https://openalex.org/W2623227294
https://openalex.org/W2626871211
https://openalex.org/W2736555810
https://openalex.org/W2744692848
https://openalex.org/W2759057834
https://openalex.org/W2762892014
https://openalex.org/W2764201098
https://openalex.org/W2767279914
https://openalex.org/W2767820861
https://openalex.org/W2768135279
https://openalex.org/W2769018334
https://openalex.org/W2769072731
https://openalex.org/W2770378402
https://openalex.org/W2771038702
https://openalex.org/W2787021532
https://openalex.org/W2889165377
https://openalex.org/W2897770981
https://openalex.org/W2903647740
https://openalex.org/W2972740827
https://openalex.org/W2993727641
https://openalex.org/W3092216070
https://openalex.org/W3162919960
https://openalex.org/W3198270775
https://openalex.org/W4251897142
https://openalex.org/W4378447430
https://openalex.org/W4387558412
https://openalex.org/W4394149911
https://openalex.org/W1015163383
https://openalex.org/W1022083446
https://openalex.org/W112487171
https://openalex.org/W117688125
https://openalex.org/W1966471254
https://openalex.org/W2056680259
https://openalex.org/W2067725126
https://openalex.org/W2088181012
https://openalex.org/W2089528694
https://openalex.org/W2114134097
https://openalex.org/W2146620586
https://openalex.org/W2245539308
https://openalex.org/W2328116964
https://openalex.org/W2487933156
https://openalex.org/W25315052
https://openalex.org/W2564382136
https://openalex.org/W2564527582
https://openalex.org/W2565275249
https://openalex.org/W3143510106
https://openalex.org/W4200019674
https://openalex.org/W4206946235
https://openalex.org/W4211091278
https://openalex.org/W4214491101
https://openalex.org/W4220885442
https://openalex.org/W4220989643
https://openalex.org/W4220996678
https://openalex.org/W4221087815
https://openalex.org/W4221135768
https://openalex.org/W4223593772
https://openalex.org/W4224297505
https://openalex.org/W4229005322
https://openalex.org/W4229020452
https://openalex.org/W4229369123
https://openalex.org/W4229374916
https://openalex.org/W4234321239
https://openalex.org/W4253695806
https://openalex.org/W4283167709
https://openalex.org/W4285266330
https://openalex.org/W4285597266
https://openalex.org/W4288054851
https://openalex.org/W4291396209
https://openalex.org/W4293776482
https://openalex.org/W4294592204
https://openalex.org/W4294592206
https://openalex.org/W4294992071
https://openalex.org/W4296835515
https://openalex.org/W4297458025
https://openalex.org/W4309277512
https://openalex.org/W4311309339
https://openalex.org/W4312815686
https://openalex.org/W4312873382
https://openalex.org/W604559225
https://openalex.org/W926789839
https://openalex.org/W172554444
https://openalex.org/W1977681208
https://openalex.org/W1979938132
https://openalex.org/W1415490417
https://openalex.org/W1992490633
https://openalex.org/W2146419171
https://openalex.org/W2394989106
https://openalex.org/W2396532543
https://openalex.org/W2414050301
https://openalex.org/W2416541161
https://openalex.org/W2460155121
https://openalex.org/W2466765880
https://openalex.org/W2611354887
https://openalex.org/W2790303729
https://openalex.org/W2791351757
https://openalex.org/W2802342340
https://openalex.org/W2803512520
https://openalex.org/W2806769474
https://openalex.org/W2808842569
https://openalex.org/W2808880272
https://openalex.org/W2808925656
https://openalex.org/W2811044574
https://openalex.org/W2889196474
https://openalex.org/W2890470919
https://openalex.org/W2890875040
https://openalex.org/W2891991710
https://openalex.org/W2896137650
https://openalex.org/W2897911079
https://openalex.org/W2904285515
https://openalex.org/W2904300745
https://openalex.org/W2908500166
https://openalex.org/W2909275870
https://openalex.org/W2911694166
https://openalex.org/W2913969098
https://openalex.org/W2914236491
https://openalex.org/W2921395213
https://openalex.org/W2923451935
https://openalex.org/W2924840686
https://openalex.org/W2925517331
https://openalex.org/W2941210758
https://openalex.org/W2941897995
https://openalex.org/W2942264989
https://openalex.org/W2944373032
https://openalex.org/W2945271028
https://openalex.org/W2949200253
https://openalex.org/W2950947355
https://openalex.org/W2952253622
https://openalex.org/W2952343668
https://openalex.org/W2952940429
https://openalex.org/W2956139507
https://openalex.org/W2957890112
https://openalex.org/W2966268390
https://openalex.org/W2973958661
https://openalex.org/W2977167015
https://openalex.org/W2980562365
https://openalex.org/W2982142292
https://openalex.org/W2990101094
https://openalex.org/W2998644388
https://openalex.org/W2999714513
https://openalex.org/W3003948422
https://openalex.org/W3025656048
https://openalex.org/W3031305134
https://openalex.org/W3031684679
https://openalex.org/W3135829432
https://openalex.org/W3193307665
https://openalex.org/W392681382
https://openalex.org/W404826480
https://openalex.org/W4237850290
https://openalex.org/W4239235692
https://openalex.org/W4241242868
https://openalex.org/W4241322095
https://openalex.org/W4244492934
https://openalex.org/W4245740231
https://openalex.org/W4248664625
https://openalex.org/W4251293044
https://openalex.org/W4255939814
https://openalex.org/W764354579
https://openalex.org/W993850204
https://openalex.org/W1972220286
https://openalex.org/W2034017994
https://openalex.org/W2065632695
https://openalex.org/W2403579704
https://openalex.org/W2413617984
https://openalex.org/W2422189425
https://openalex.org/W2471156992
https://openalex.org/W2760211676
https://openalex.org/W2954398653
https://openalex.org/W4255606892
https://openalex.org/W2060096169
https://openalex.org/W2168377163
https://openalex.org/W2282824556
https://openalex.org/W2314386834
https://openalex.org/W2374521395
https://openalex.org/W2404042719
https://openalex.org/W2436131935
https://openalex.org/W2439363420
https://openalex.org/W2461340894
https://openalex.org/W2791185393
https://openalex.org/W2806850977
https://openalex.org/W283446202
https://openalex.org/W3000991765
https://openalex.org/W3011521557
https://openalex.org/W3013208224
https://openalex.org/W3013440295
https://openalex.org/W3022812382
https://openalex.org/W3030903832
https://openalex.org/W3043973750
https://openalex.org/W3080720193
https://openalex.org/W3082363459
https://openalex.org/W3082588686
https://openalex.org/W3092450758
https://openalex.org/W3093015951
https://openalex.org/W3093676788
https://openalex.org/W3093837435
https://openalex.org/W3094163512
https://openalex.org/W3094383741
https://openalex.org/W3094546423
https://openalex.org/W3096706523
https://openalex.org/W3106130771
https://openalex.org/W3116764733
https://openalex.org/W3125829107
https://openalex.org/W3128453245
https://openalex.org/W3128645890
https://openalex.org/W3130174943
https://openalex.org/W3132509311
https://openalex.org/W3157539448
https://openalex.org/W3159026314
https://openalex.org/W3160690552
https://openalex.org/W3163507480
https://openalex.org/W3169933190
https://openalex.org/W3182540424
https://openalex.org/W3210984247
https://openalex.org/W4229985318
https://openalex.org/W4231834601
https://openalex.org/W4232394403
https://openalex.org/W4233253882
https://openalex.org/W4242768584
https://openalex.org/W4247060931
https://openalex.org/W4249655790
https://openalex.org/W4253794262
https://openalex.org/W4254187775
https://openalex.org/W2407696506
https://openalex.org/W1422395928
https://openalex.org/W1996668062
https://openalex.org/W2041286343
https://openalex.org/W2240311135
https://openalex.org/W2272219009
https://openalex.org/W2393018388
https://openalex.org/W2397407247
https://openalex.org/W2403397424
https://openalex.org/W2405500447
https://openalex.org/W2410631704
https://openalex.org/W2410663601
https://openalex.org/W2412289950
https://openalex.org/W2417900007
https://openalex.org/W2418011239
https://openalex.org/W2418279040
https://openalex.org/W2419173763
https://openalex.org/W2440644760
https://openalex.org/W2579061563
https://openalex.org/W3022118380
https://openalex.org/W4239381962
https://openalex.org/W1183552662
https://openalex.org/W1987246730
https://openalex.org/W2068594923
https://openalex.org/W2396987754
https://openalex.org/W2415328358
https://openalex.org/W30055226
https://openalex.org/W3035656310
https://openalex.org/W3125794989
https://openalex.org/W3129175491
https://openalex.org/W3147383242
https://openalex.org/W3162694232
https://openalex.org/W3163885073
https://openalex.org/W3164696906
https://openalex.org/W3164744809
https://openalex.org/W3169883973
https://openalex.org/W3175094235
https://openalex.org/W3184974862
https://openalex.org/W3186681672
https://openalex.org/W3187318752
https://openalex.org/W3191516329
https://openalex.org/W3193568074
https://openalex.org/W3195525267
https://openalex.org/W3198354209
https://openalex.org/W3198417200
https://openalex.org/W3200418909
https://openalex.org/W3203601774
https://openalex.org/W3204317917
https://openalex.org/W3208522230
https://openalex.org/W3208668006
https://openalex.org/W3210195407
https://openalex.org/W3210814029
https://openalex.org/W3213876042
https://openalex.org/W3214940074
https://openalex.org/W3215693479
https://openalex.org/W3216583821
https://openalex.org/W3216700033
https://openalex.org/W3217650519
https://openalex.org/W4200116806
https://openalex.org/W4206110146
https://openalex.org/W4232785242
https://openalex.org/W4237864500
https://openalex.org/W4243976664
https://openalex.org/W4245915349
https://openalex.org/W2409460219
https://openalex.org/W2410025570
https://openalex.org/W2411760223
https://openalex.org/W2413852867
https://openalex.org/W2433939667
https://openalex.org/W2556060391
https://openalex.org/W3116329339
https://openalex.org/W398043123
https://openalex.org/W4241967557
https://openalex.org/W2257775994
https://openalex.org/W2278994677
https://openalex.org/W2326959427
https://openalex.org/W2406499653
https://openalex.org/W2411700160
https://openalex.org/W2412496644
https://openalex.org/W2421112095
https://openalex.org/W2431228626
https://openalex.org/W2431966512
https://openalex.org/W2432104269
https://openalex.org/W2461625810
https://openalex.org/W1968955730
https://openalex.org/W2036913264
https://openalex.org/W2047765639
https://openalex.org/W2183905529
https://openalex.org/W2368439036
https://openalex.org/W2390377621
https://openalex.org/W2396059317
https://openalex.org/W2400201933
https://openalex.org/W2402221021
https://openalex.org/W2405292405
https://openalex.org/W2409629501
https://openalex.org/W2413310621
https://openalex.org/W2413435121
https://openalex.org/W2414285339
https://openalex.org/W2414617321
https://openalex.org/W2415422159
https://openalex.org/W2418873869
https://openalex.org/W2471036834
https://openalex.org/W422683874
https://openalex.org/W611987411
https://openalex.org/W1157647026
https://openalex.org/W127429796
https://openalex.org/W1503896728
https://openalex.org/W1848149124
https://openalex.org/W1986905435
https://openalex.org/W2007455046
https://openalex.org/W2026796317
https://openalex.org/W2032347657
https://openalex.org/W2034960802
https://openalex.org/W2044493252
https://openalex.org/W2055832411
https://openalex.org/W2086706973
https://openalex.org/W2089279581
https://openalex.org/W2121191554
https://openalex.org/W2281110193
https://openalex.org/W2306583650
https://openalex.org/W2394838469
https://openalex.org/W2402096800
https://openalex.org/W2411465719
https://openalex.org/W2416940839
https://openalex.org/W2427017673
https://openalex.org/W2430269763
https://openalex.org/W2598766606
https://openalex.org/W2757070528
https://openalex.org/W3006279868
https://openalex.org/W3028166812
https://openalex.org/W3098996995
https://openalex.org/W3099630003
https://openalex.org/W3152474648
https://openalex.org/W3177732504
https://openalex.org/W417882004
https://openalex.org/W4239119026
https://openalex.org/W43819189
https://openalex.org/W603597233
https://openalex.org/W76585256
https://openalex.org/W1544275437
https://openalex.org/W1800885811
https://openalex.org/W1996051710
https://openalex.org/W202226840
https://openalex.org/W2067442710
https://openalex.org/W2087628765
https://openalex.org/W2404904985
https://openalex.org/W2412009837
https://openalex.org/W2435186677
https://openalex.org/W2464279750
https://openalex.org/W2466556442
https://openalex.org/W2467260922
https://openalex.org/W2955526290
https://openalex.org/W2961344602
https://openalex.org/W3009179307
https://openalex.org/W371240496
https://openalex.org/W4234975300
https://openalex.org/W1511042044
https://openalex.org/W1979530837
https://openalex.org/W1984525987
https://openalex.org/W2063858241
https://openalex.org/W2074977219
https://openalex.org/W2092199327
https://openalex.org/W2305712616
https://openalex.org/W2313945677
https://openalex.org/W2331068639
https://openalex.org/W2396034980
https://openalex.org/W2397381336
https://openalex.org/W2401273303
https://openalex.org/W2401485141
https://openalex.org/W2411723799
https://openalex.org/W2415689961
https://openalex.org/W2417679449
https://openalex.org/W2419499087
https://openalex.org/W2419648296
https://openalex.org/W2442255502
https://openalex.org/W2444500474
https://openalex.org/W2469574963
https://openalex.org/W2470670651
https://openalex.org/W2599808775
https://openalex.org/W2953674045
https://openalex.org/W3133192493
https://openalex.org/W4243330528
https://openalex.org/W4298015048
https://openalex.org/W4388251861
https://openalex.org/W571401437
https://openalex.org/W598704893
https://openalex.org/W2102937816
https://openalex.org/W2148055851
https://openalex.org/W2037577397
https://openalex.org/W2064676400
https://openalex.org/W2104162210
https://openalex.org/W2012119020
https://openalex.org/W1982060308
https://openalex.org/W2127402662
https://openalex.org/W1705586769
https://openalex.org/W1988451492
https://openalex.org/W2906505923
https://openalex.org/W3178692152
https://openalex.org/W2028250778
https://openalex.org/W2156240908
https://openalex.org/W2023314610
https://openalex.org/W2005766850
https://openalex.org/W2105938928
https://openalex.org/W2965556728
https://openalex.org/W1978095778
https://openalex.org/W2115862551
https://openalex.org/W2288446565
https://openalex.org/W3042505083
https://openalex.org/W2052634846
https://openalex.org/W2130629599
https://openalex.org/W2915998767
https://openalex.org/W2902601306
https://openalex.org/W2554388788
https://openalex.org/W2028171556
https://openalex.org/W2922132545
https://openalex.org/W2432150382
https://openalex.org/W2787437645
https://openalex.org/W2979861147
https://openalex.org/W2886566773
https://openalex.org/W3082062836
https://openalex.org/W3080602840
https://openalex.org/W2061440884
https://openalex.org/W3150329035
https://openalex.org/W2806388842
https://openalex.org/W2227389094
https://openalex.org/W2785760822
https://openalex.org/W2916051540
https://openalex.org/W3204380660
https://openalex.org/W4316810205
https://openalex.org/W3099879565
https://openalex.org/W3160364326
https://openalex.org/W3132176996
https://openalex.org/W3010911153
https://openalex.org/W4282946953
https://openalex.org/W3168338972
https://openalex.org/W3118782843
https://openalex.org/W4221113839
https://openalex.org/W4213133535
https://openalex.org/W4311200103
https://openalex.org/W4206023315
https://openalex.org/W4207067425
https://openalex.org/W4319337642
https://openalex.org/W4226232723
https://openalex.org/W4292641407
https://openalex.org/W4225381225
https://openalex.org/W4307569619
https://openalex.org/W4362673466
https://openalex.org/W4362456013
https://openalex.org/W4360999080
https://openalex.org/W4297317921
https://openalex.org/W4318041056
https://openalex.org/W2075690782
https://openalex.org/W2108938731
https://openalex.org/W2119517235
https://openalex.org/W1979073032
https://openalex.org/W2012133922
https://openalex.org/W2139173757
https://openalex.org/W2069777438
https://openalex.org/W2095558468
https://openalex.org/W1986522151
https://openalex.org/W1566729113
https://openalex.org/W2113614380
https://openalex.org/W2084064095
https://openalex.org/W2115365304
https://openalex.org/W2048146515
https://openalex.org/W2161143063
https://openalex.org/W2111578963
https://openalex.org/W2029616661
https://openalex.org/W2057176173
https://openalex.org/W2149426365
https://openalex.org/W2154510782
https://openalex.org/W2012858402
https://openalex.org/W2146221414
https://openalex.org/W2052219628
https://openalex.org/W1980370145
https://openalex.org/W2077413013
https://openalex.org/W2122979079
https://openalex.org/W2076643797
https://openalex.org/W2075727618
https://openalex.org/W2398029180
https://openalex.org/W1429519121
https://openalex.org/W2009375575
https://openalex.org/W2578784342
https://openalex.org/W2017494642
https://openalex.org/W2091632551
https://openalex.org/W2112063420
https://openalex.org/W1986539145
https://openalex.org/W2899193720
https://openalex.org/W2100304113
https://openalex.org/W1986632736
https://openalex.org/W2330046176
https://openalex.org/W2158089345
https://openalex.org/W2140602194
https://openalex.org/W2069065957
https://openalex.org/W2118769981
https://openalex.org/W2955517160
https://openalex.org/W2111521150
https://openalex.org/W2547368870
https://openalex.org/W1993016313
https://openalex.org/W2904404043
https://openalex.org/W2083484178
https://openalex.org/W2954924101
https://openalex.org/W2911081018
https://openalex.org/W2305953489
https://openalex.org/W2911394752
https://openalex.org/W2788827928
https://openalex.org/W2099263747
https://openalex.org/W2521134679
https://openalex.org/W2613842777
https://openalex.org/W2771879047
https://openalex.org/W2029978953
https://openalex.org/W2952065973
https://openalex.org/W2002853386
https://openalex.org/W1984843985
https://openalex.org/W3090043634
https://openalex.org/W3023584338
https://openalex.org/W2905428026
https://openalex.org/W2080466711
https://openalex.org/W2273161154
https://openalex.org/W2768652998
https://openalex.org/W3040471802
https://openalex.org/W2463891105
https://openalex.org/W2296993345
https://openalex.org/W2341239587
https://openalex.org/W1889146253
https://openalex.org/W2547205172
https://openalex.org/W2780927580
https://openalex.org/W1973168226
https://openalex.org/W3036162064
https://openalex.org/W2795368538
https://openalex.org/W2912370845
https://openalex.org/W2945871044
https://openalex.org/W2912639756
https://openalex.org/W2298641558
https://openalex.org/W2234140257
https://openalex.org/W3088559610
https://openalex.org/W3030374258
https://openalex.org/W3204504060
https://openalex.org/W2995281612
https://openalex.org/W2794186701
https://openalex.org/W3095424965
https://openalex.org/W2776429468
https://openalex.org/W2978442985
https://openalex.org/W2967302163
https://openalex.org/W2962699427
https://openalex.org/W3193789330
https://openalex.org/W3157387312
https://openalex.org/W3194036495
https://openalex.org/W3203258799
https://openalex.org/W2945405970
https://openalex.org/W3037037621
https://openalex.org/W3196898938
https://openalex.org/W4300950617
https://openalex.org/W3137414769
https://openalex.org/W3163572553
https://openalex.org/W3128008334
https://openalex.org/W3175514092
https://openalex.org/W3207070780
https://openalex.org/W4200047767
https://openalex.org/W3132224777
https://openalex.org/W3215759730
https://openalex.org/W4205930980
https://openalex.org/W4220751149
https://openalex.org/W4221000712
https://openalex.org/W4223624919
https://openalex.org/W4224276251
https://openalex.org/W4200258350
https://openalex.org/W4210745125
https://openalex.org/W4285085892
https://openalex.org/W4386741088
https://openalex.org/W4309204649
https://openalex.org/W4313424202
https://openalex.org/W4317940543
https://openalex.org/W4383058692
https://openalex.org/W4366778888
https://openalex.org/W4381848427
https://openalex.org/W4385374752
https://openalex.org/W4391379477
https://openalex.org/W4387859409
https://openalex.org/W4389627549
https://openalex.org/W4389955963
https://openalex.org/W4391429727
https://openalex.org/W2159685047
https://openalex.org/W2153707598
https://openalex.org/W2113738713
https://openalex.org/W1963652245
https://openalex.org/W2157329913
https://openalex.org/W2119320397
https://openalex.org/W2109876504
https://openalex.org/W1945118941
https://openalex.org/W1975474450
https://openalex.org/W1935400425
https://openalex.org/W2015773743
https://openalex.org/W2036222683
https://openalex.org/W2073032598
https://openalex.org/W2022434303
https://openalex.org/W2003003982
https://openalex.org/W2110218725
https://openalex.org/W2054593967
https://openalex.org/W2092900081
https://openalex.org/W1984331379
https://openalex.org/W2068568224
https://openalex.org/W2008406207
https://openalex.org/W2091026248
https://openalex.org/W2153309788
https://openalex.org/W1987723096
https://openalex.org/W2103027453
https://openalex.org/W2155273010
https://openalex.org/W2050772120
https://openalex.org/W2043607333
https://openalex.org/W2080909346
https://openalex.org/W2134927317
https://openalex.org/W2166925048
https://openalex.org/W2058454611
https://openalex.org/W2052187111
https://openalex.org/W2117405769
https://openalex.org/W2169155560
https://openalex.org/W2015949493
https://openalex.org/W1991740872
https://openalex.org/W2012690689
https://openalex.org/W2120579537
https://openalex.org/W1981458299
https://openalex.org/W2054112129
https://openalex.org/W2091382146
https://openalex.org/W2141439467
https://openalex.org/W2127363895
https://openalex.org/W2120509159
https://openalex.org/W2119876458
https://openalex.org/W1799402855
https://openalex.org/W2084514806
https://openalex.org/W2094571796
https://openalex.org/W2329308741
https://openalex.org/W2087837187
https://openalex.org/W2059448471
https://openalex.org/W2157869421
https://openalex.org/W2025936737
https://openalex.org/W1992285124
https://openalex.org/W2118734145
https://openalex.org/W2123607002
https://openalex.org/W1549435121
https://openalex.org/W2011348161
https://openalex.org/W1965394496
https://openalex.org/W1965936205
https://openalex.org/W2122906783
https://openalex.org/W2140187504
https://openalex.org/W2063258580
https://openalex.org/W753294829
https://openalex.org/W1916564242
https://openalex.org/W2017301204
https://openalex.org/W2154299853
https://openalex.org/W2290382592
https://openalex.org/W2739994881
https://openalex.org/W2560516052
https://openalex.org/W1899186059
https://openalex.org/W2624743454
https://openalex.org/W2900580631
https://openalex.org/W2800951813
https://openalex.org/W4237831700
https://openalex.org/W2145474852
https://openalex.org/W2941352175
https://openalex.org/W1991023289
https://openalex.org/W2515536272
https://openalex.org/W2601842475
https://openalex.org/W2753927771
https://openalex.org/W2771712727
https://openalex.org/W2155150602
https://openalex.org/W2782875640
https://openalex.org/W2794800612
https://openalex.org/W2890071491
https://openalex.org/W2984201386
https://openalex.org/W2924538529
https://openalex.org/W2280632351
https://openalex.org/W2970021015
https://openalex.org/W2977245178
https://openalex.org/W2740723468
https://openalex.org/W2929202169
https://openalex.org/W2622027041
https://openalex.org/W2907341961
https://openalex.org/W2974156322
https://openalex.org/W2788697598
https://openalex.org/W2894161048
https://openalex.org/W3113291101
https://openalex.org/W3040361628
https://openalex.org/W2948818065
https://openalex.org/W2995316284
https://openalex.org/W3115230030
https://openalex.org/W3018132837
https://openalex.org/W3036892765
https://openalex.org/W3038527317
https://openalex.org/W3088593078
https://openalex.org/W3128948545
https://openalex.org/W3014546418
https://openalex.org/W3120602819
https://openalex.org/W3171802484
https://openalex.org/W3188544165
https://openalex.org/W3042147087
https://openalex.org/W4200509514
https://openalex.org/W4213290294
https://openalex.org/W4296663315
https://openalex.org/W4309825661
https://openalex.org/W4220949137
https://openalex.org/W4226136741
https://openalex.org/W4283517416
https://openalex.org/W4309628766
https://openalex.org/W4311174437
https://openalex.org/W4313411549
https://openalex.org/W4313555537
https://openalex.org/W4321370335
https://openalex.org/W4360985398
https://openalex.org/W4361017278
https://openalex.org/W4385422624
https://openalex.org/W4388997333
https://openalex.org/W4390504323
https://openalex.org/W4390885476
https://openalex.org/W4391311098
https://openalex.org/W4391313776
https://openalex.org/W4392242186
https://openalex.org/W2323689803
https://openalex.org/W2403285790
https://openalex.org/W2101813623
https://openalex.org/W2114790911
https://openalex.org/W2132750922
https://openalex.org/W1991094292
https://openalex.org/W2097603183
https://openalex.org/W1907111337
https://openalex.org/W2060996521
https://openalex.org/W2063351806
https://openalex.org/W2055316019
https://openalex.org/W2053273822
https://openalex.org/W2008714359
https://openalex.org/W2075785409
https://openalex.org/W2047774126
https://openalex.org/W2004946235
https://openalex.org/W2091201964
https://openalex.org/W2091855337
https://openalex.org/W1969464853
https://openalex.org/W1963554231
https://openalex.org/W2162152294
https://openalex.org/W2017722741
https://openalex.org/W2038529439
https://openalex.org/W2053556592
https://openalex.org/W2024249186
https://openalex.org/W2044746779
https://openalex.org/W2151740013
https://openalex.org/W1978640030
https://openalex.org/W2164235117
https://openalex.org/W2152769327
https://openalex.org/W2132869083
https://openalex.org/W2074000638
https://openalex.org/W2096644147
https://openalex.org/W2164238175
https://openalex.org/W1880302157
https://openalex.org/W2472128711
https://openalex.org/W2165960620
https://openalex.org/W1809811420
https://openalex.org/W2055410422
https://openalex.org/W2060789212
https://openalex.org/W1960755664
https://openalex.org/W2281538806
https://openalex.org/W2900785865
https://openalex.org/W2224395257
https://openalex.org/W2529567625
https://openalex.org/W2520348285
https://openalex.org/W2258403734
https://openalex.org/W2591704166
https://openalex.org/W2904313122
https://openalex.org/W2000621983
https://openalex.org/W2410676651
https://openalex.org/W2464212732
https://openalex.org/W2475632923
https://openalex.org/W2788227157
https://openalex.org/W2792096425
https://openalex.org/W2799826384
https://openalex.org/W2793193426
https://openalex.org/W2297911534
https://openalex.org/W2302295684
https://openalex.org/W2521783608
https://openalex.org/W2896896279
https://openalex.org/W2902458100
https://openalex.org/W2981708970
https://openalex.org/W2788068547
https://openalex.org/W2791227126
https://openalex.org/W3098132740
https://openalex.org/W3011255175
https://openalex.org/W3033287990
https://openalex.org/W3158965159
https://openalex.org/W3118614490
https://openalex.org/W3131009292
https://openalex.org/W3132076985
https://openalex.org/W3200971265
https://openalex.org/W3137130430
https://openalex.org/W3196545093
https://openalex.org/W3125370974
https://openalex.org/W3126979803
https://openalex.org/W3156008619
https://openalex.org/W3114205120
https://openalex.org/W4212771952
https://openalex.org/W4298007579
https://openalex.org/W3121125864
https://openalex.org/W4283589780
https://openalex.org/W4289783552
https://openalex.org/W4281804882
https://openalex.org/W4327919410
https://openalex.org/W4361287018
https://openalex.org/W4385294790
https://openalex.org/W4385803754
https://openalex.org/W4360796868
https://openalex.org/W4379231003
https://openalex.org/W1887203609
https://openalex.org/W2077943169
https://openalex.org/W2133551061
https://openalex.org/W89121827
https://openalex.org/W2056915803
https://openalex.org/W1967419994
https://openalex.org/W2016285936
https://openalex.org/W2079346322
https://openalex.org/W2098738456
https://openalex.org/W1851892717
https://openalex.org/W2012818850
https://openalex.org/W2108298701
https://openalex.org/W2047279939
https://openalex.org/W2085847852
https://openalex.org/W2027231714
https://openalex.org/W2206949507
https://openalex.org/W2029970717
https://openalex.org/W2090839913
https://openalex.org/W1987697848
https://openalex.org/W2093380396
https://openalex.org/W2066222724
https://openalex.org/W2095108990
https://openalex.org/W2167631416
https://openalex.org/W2054979982
https://openalex.org/W1993885036
https://openalex.org/W2117118335
https://openalex.org/W2007895360
https://openalex.org/W2048052115
https://openalex.org/W2074416719
https://openalex.org/W2015174156
https://openalex.org/W2020705805
https://openalex.org/W1999242755
https://openalex.org/W2143733679
https://openalex.org/W2054981877
https://openalex.org/W2155431333
https://openalex.org/W2019822340
https://openalex.org/W2319707062
https://openalex.org/W149041703
https://openalex.org/W2065020137
https://openalex.org/W2109153604
https://openalex.org/W2009426983
https://openalex.org/W2141820387
https://openalex.org/W2332240031
https://openalex.org/W2480872124
https://openalex.org/W2100737237
https://openalex.org/W1981216272
https://openalex.org/W2126198840
https://openalex.org/W2168303026
https://openalex.org/W1226644610
https://openalex.org/W2160112066
https://openalex.org/W2302775351
https://openalex.org/W2509321007
https://openalex.org/W1944407813
https://openalex.org/W1998042037
https://openalex.org/W2319035045
https://openalex.org/W1844766125
https://openalex.org/W2146200525
https://openalex.org/W2503412069
https://openalex.org/W2883488613
https://openalex.org/W1966975793
https://openalex.org/W2809338703
https://openalex.org/W2470718649
https://openalex.org/W2759967975
https://openalex.org/W1645767902
https://openalex.org/W2344014053
https://openalex.org/W2585886571
https://openalex.org/W2623885785
https://openalex.org/W2780128946
https://openalex.org/W2476607125
https://openalex.org/W2964275103
https://openalex.org/W2887393442
https://openalex.org/W2896714603
https://openalex.org/W2955119245
https://openalex.org/W2981806452
https://openalex.org/W2898634358
https://openalex.org/W2920981067
https://openalex.org/W2946480426
https://openalex.org/W2972739705
https://openalex.org/W3089119463
https://openalex.org/W3017997820
https://openalex.org/W3047684999
https://openalex.org/W3033650763
https://openalex.org/W3069573802
https://openalex.org/W3011515369
https://openalex.org/W3028002442
https://openalex.org/W3039192501
https://openalex.org/W3126155460
https://openalex.org/W3184411007
https://openalex.org/W3186578010
https://openalex.org/W3202571872
https://openalex.org/W3122942455
https://openalex.org/W3196605237
https://openalex.org/W3104045737
https://openalex.org/W3118835603
https://openalex.org/W3132365511
https://openalex.org/W4200101948
https://openalex.org/W4282926341
https://openalex.org/W3212309803
https://openalex.org/W4283526227
https://openalex.org/W4284893313
https://openalex.org/W4220846122
https://openalex.org/W4280605500
https://openalex.org/W4290729436
https://openalex.org/W4284990657
https://openalex.org/W4376286517
https://openalex.org/W4378172265
https://openalex.org/W4385344924
https://openalex.org/W4388626200
https://openalex.org/W4389280218
https://openalex.org/W1575453988
https://openalex.org/W2022509790
https://openalex.org/W1864502757
https://openalex.org/W2045909132
https://openalex.org/W2030498136
https://openalex.org/W2089805423
https://openalex.org/W2123605135
https://openalex.org/W1988521796
https://openalex.org/W1993548422
https://openalex.org/W1986732855
https://openalex.org/W2054281378
https://openalex.org/W2083323544
https://openalex.org/W2097442510
https://openalex.org/W1975916573
https://openalex.org/W2064615230
https://openalex.org/W1978124095
https://openalex.org/W1998355768
https://openalex.org/W2040688196
https://openalex.org/W2049741377
https://openalex.org/W1979831993
https://openalex.org/W2114380475
https://openalex.org/W2163852160
https://openalex.org/W1770261978
https://openalex.org/W1978221692
https://openalex.org/W1973556013
https://openalex.org/W2035634305
https://openalex.org/W2113034726
https://openalex.org/W1986627775
https://openalex.org/W2109521866
https://openalex.org/W2160983247
https://openalex.org/W2399966912
https://openalex.org/W2026250990
https://openalex.org/W2162026034
https://openalex.org/W2071493991
https://openalex.org/W2116892749
https://openalex.org/W1996930971
https://openalex.org/W1970130412
https://openalex.org/W1978923440
https://openalex.org/W2059390463
https://openalex.org/W1830211240
https://openalex.org/W2100451080
https://openalex.org/W2103578012
https://openalex.org/W2114773171
https://openalex.org/W2998884390
https://openalex.org/W2012941297
https://openalex.org/W2015307466
https://openalex.org/W2053950103
https://openalex.org/W1939437623
https://openalex.org/W1981584799
https://openalex.org/W1985126368
https://openalex.org/W2062213647
https://openalex.org/W201416266
https://openalex.org/W2035374419
https://openalex.org/W3147736214
https://openalex.org/W144888604
https://openalex.org/W2073866592
https://openalex.org/W1976630915
https://openalex.org/W2150621185
https://openalex.org/W2525083473
https://openalex.org/W2332006973
https://openalex.org/W2542890915
https://openalex.org/W2564830498
https://openalex.org/W2776453438
https://openalex.org/W3116236452
https://openalex.org/W2405136089
https://openalex.org/W2416886573
https://openalex.org/W2418224881
https://openalex.org/W2784010525
https://openalex.org/W2904993233
https://openalex.org/W2995643677
https://openalex.org/W2248937569
https://openalex.org/W2253232718
https://openalex.org/W2563427900
https://openalex.org/W2563787810
https://openalex.org/W2884242704
https://openalex.org/W2885533767
https://openalex.org/W2899893176
https://openalex.org/W2914868346
https://openalex.org/W2954429072
https://openalex.org/W2960772337
https://openalex.org/W2996380406
https://openalex.org/W2913467823
https://openalex.org/W2982675373
https://openalex.org/W2985526362
https://openalex.org/W3090817738
https://openalex.org/W3011430042
https://openalex.org/W3036790841
https://openalex.org/W3105854172
https://openalex.org/W3116671052
https://openalex.org/W3011974996
https://openalex.org/W3083038528
https://openalex.org/W3138735750
https://openalex.org/W3141358158
https://openalex.org/W3171739548
https://openalex.org/W3064217144
https://openalex.org/W3106563642
https://openalex.org/W3159069895
https://openalex.org/W3170260824
https://openalex.org/W3199357787
https://openalex.org/W4294591381
https://openalex.org/W4295214796
https://openalex.org/W4310465878
https://openalex.org/W4307824693
https://openalex.org/W4323350712
https://openalex.org/W4386561389
https://openalex.org/W4386573230
https://openalex.org/W4389443887
https://openalex.org/W2075835035
https://openalex.org/W1994926187
https://openalex.org/W2070770543
https://openalex.org/W2141380618
https://openalex.org/W2145052861
https://openalex.org/W1541072818
https://openalex.org/W1969598034
https://openalex.org/W2032959076
https://openalex.org/W2106552746
https://openalex.org/W1978503278
https://openalex.org/W2035357912
https://openalex.org/W2034958030
https://openalex.org/W2143286481
https://openalex.org/W2156216634
https://openalex.org/W2011807125
https://openalex.org/W1977353654
https://openalex.org/W2092204339
https://openalex.org/W1981529599
https://openalex.org/W1988983223
https://openalex.org/W1990418844
https://openalex.org/W2004744402
https://openalex.org/W2081979105
https://openalex.org/W2035663578
https://openalex.org/W1993600743
https://openalex.org/W2065931294
https://openalex.org/W2045915605
https://openalex.org/W2047305758
https://openalex.org/W2081106721
https://openalex.org/W2096958634
https://openalex.org/W2164542363
https://openalex.org/W2137129539
https://openalex.org/W1973635296
https://openalex.org/W2035654186
https://openalex.org/W2133116144
https://openalex.org/W2002375937
https://openalex.org/W2063536763
https://openalex.org/W2026058554
https://openalex.org/W2002988756
https://openalex.org/W2090953316
https://openalex.org/W2106643129
https://openalex.org/W2009476004
https://openalex.org/W2173507936
https://openalex.org/W1988936533
https://openalex.org/W2604095005
https://openalex.org/W1526557967
https://openalex.org/W2008335450
https://openalex.org/W2066186316
https://openalex.org/W2067902593
https://openalex.org/W2094705509
https://openalex.org/W2317502247
https://openalex.org/W2064652326
https://openalex.org/W2141416935
https://openalex.org/W2562438459
https://openalex.org/W2567936966
https://openalex.org/W2591190269
https://openalex.org/W2754399283
https://openalex.org/W2000343575
https://openalex.org/W2102758821
https://openalex.org/W2117918474
https://openalex.org/W2149736796
https://openalex.org/W2326299596
https://openalex.org/W2591075191
https://openalex.org/W2765648355
https://openalex.org/W2895834854
https://openalex.org/W1883119602
https://openalex.org/W2318357063
https://openalex.org/W2473968882
https://openalex.org/W2511516266
https://openalex.org/W2787920990
https://openalex.org/W2265980573
https://openalex.org/W2468845207
https://openalex.org/W2591999239
https://openalex.org/W2774315426
https://openalex.org/W2775292046
https://openalex.org/W2994933881
https://openalex.org/W2995947049
https://openalex.org/W2293611453
https://openalex.org/W2896366549
https://openalex.org/W2898158254
https://openalex.org/W2979332037
https://openalex.org/W2901411886
https://openalex.org/W2984562427
https://openalex.org/W3008538375
https://openalex.org/W3011483262
https://openalex.org/W3022879389
https://openalex.org/W3090740771
https://openalex.org/W3001041049
https://openalex.org/W3006682408
https://openalex.org/W3022911118
https://openalex.org/W3023995711
https://openalex.org/W3081988887
https://openalex.org/W3092626799
https://openalex.org/W3109740276
https://openalex.org/W2132014960
https://openalex.org/W3120388613
https://openalex.org/W3134642174
https://openalex.org/W3194699500
https://openalex.org/W3211489052
https://openalex.org/W3214098833
https://openalex.org/W3120059267
https://openalex.org/W3128154570
https://openalex.org/W3134458216
https://openalex.org/W3216015444
https://openalex.org/W4200433267
https://openalex.org/W4206303159
https://openalex.org/W4225984323
https://openalex.org/W4281739336
https://openalex.org/W4283376692
https://openalex.org/W4206543317
https://openalex.org/W4220907917
https://openalex.org/W4311221316
https://openalex.org/W4315433906
https://openalex.org/W4316928127
https://openalex.org/W4318476971
https://openalex.org/W4363677835
https://openalex.org/W4367051763
https://openalex.org/W4378070407
https://openalex.org/W4379879867
https://openalex.org/W4383704264
https://openalex.org/W2127752236
https://openalex.org/W2056370992
https://openalex.org/W2069417149
https://openalex.org/W2069831443
https://openalex.org/W1886797079
https://openalex.org/W2169269582
https://openalex.org/W42770668
https://openalex.org/W2091645846
https://openalex.org/W1513282667
https://openalex.org/W2002897651
https://openalex.org/W2064191771
https://openalex.org/W2135142952
https://openalex.org/W2009351874
https://openalex.org/W2145999792
https://openalex.org/W2009315197
https://openalex.org/W2410834317
https://openalex.org/W2142948653
https://openalex.org/W2043005161
https://openalex.org/W2116933531
https://openalex.org/W2008308742
https://openalex.org/W2025991876
https://openalex.org/W2425189312
https://openalex.org/W2469785734
https://openalex.org/W2046130792
https://openalex.org/W2063173444
https://openalex.org/W1965442251
https://openalex.org/W2113645475
https://openalex.org/W2465838102
https://openalex.org/W2070702175
https://openalex.org/W2106804587
https://openalex.org/W2007190913
https://openalex.org/W2013044500
https://openalex.org/W2059364030
https://openalex.org/W2077599952
https://openalex.org/W2160122923
https://openalex.org/W3133989540
https://openalex.org/W1998707895
https://openalex.org/W2023534145
https://openalex.org/W2047447766
https://openalex.org/W2061425381
https://openalex.org/W2157544446
https://openalex.org/W2016198805
https://openalex.org/W2021372466
https://openalex.org/W2118627045
https://openalex.org/W2124274697
https://openalex.org/W2319276522
https://openalex.org/W2562618436
https://openalex.org/W2013253559
https://openalex.org/W2046768417
https://openalex.org/W2592181499
https://openalex.org/W1892143536
https://openalex.org/W2254654902
https://openalex.org/W2478353988
https://openalex.org/W2767842444
https://openalex.org/W2796465333
https://openalex.org/W2464427427
https://openalex.org/W2765853744
https://openalex.org/W2936307740
https://openalex.org/W2938035759
https://openalex.org/W2959056056
https://openalex.org/W2910033815
https://openalex.org/W2953528096
https://openalex.org/W2994302609
https://openalex.org/W2974630795
https://openalex.org/W2994129209
https://openalex.org/W3004210915
https://openalex.org/W3071038541
https://openalex.org/W3086546109
https://openalex.org/W3088144056
https://openalex.org/W3004296233
https://openalex.org/W3092187704
https://openalex.org/W3110166172
https://openalex.org/W3128831281
https://openalex.org/W3131317999
https://openalex.org/W3138175342
https://openalex.org/W3193360992
https://openalex.org/W3120973100
https://openalex.org/W3125009061
https://openalex.org/W3136594491
https://openalex.org/W3139025143
https://openalex.org/W3193643654
https://openalex.org/W3210044262
https://openalex.org/W4200028580
https://openalex.org/W4200426749
https://openalex.org/W3203465443
https://openalex.org/W4224241851
https://openalex.org/W2077512101
https://openalex.org/W4388816536
https://openalex.org/W4388924769
https://openalex.org/W4389341197
https://openalex.org/W4390238566
https://openalex.org/W4390349957
https://openalex.org/W4390672015
https://openalex.org/W4390673506
https://openalex.org/W4390778276
https://openalex.org/W4390956054
https://openalex.org/W4391042000
https://openalex.org/W4391131408
https://openalex.org/W4391174363
https://openalex.org/W4391227317
https://openalex.org/W4391227359
https://openalex.org/W4391227372
https://openalex.org/W4391227376
https://openalex.org/W4391227378
https://openalex.org/W4391227401
https://openalex.org/W4391227547
https://openalex.org/W4391228044
https://openalex.org/W4391234927
https://openalex.org/W4391324565
https://openalex.org/W4391343350
https://openalex.org/W4391451176
https://openalex.org/W4391563860
https://openalex.org/W4391611044
https://openalex.org/W4391612762
https://openalex.org/W4391616848
https://openalex.org/W4391617116
https://openalex.org/W4391618093
https://openalex.org/W4391620463
https://openalex.org/W4391676911
https://openalex.org/W4391710086
https://openalex.org/W4391809015
https://openalex.org/W4391813478
https://openalex.org/W4391843493
https://openalex.org/W4391867819
https://openalex.org/W4392079651
https://openalex.org/W4392106230
https://openalex.org/W4392130203
https://openalex.org/W4392138040
https://openalex.org/W4392139878
https://openalex.org/W4392266359
https://openalex.org/W4392266667
https://openalex.org/W4392307616
https://openalex.org/W4392360285
https://openalex.org/W4392520236
https://openalex.org/W4392757757
https://openalex.org/W4392808655
https://openalex.org/W4392841120
https://openalex.org/W4392918922
https://openalex.org/W4392925232
https://openalex.org/W4392925390
https://openalex.org/W4393008187
https://openalex.org/W4393070016
https://openalex.org/W4393098566
https://openalex.org/W4393226177
https://openalex.org/W4393235665
https://openalex.org/W4393257456
https://openalex.org/W4393265501
https://openalex.org/W4393305767
https://openalex.org/W4393372554
https://openalex.org/W4393409767
https://openalex.org/W4393442088
https://openalex.org/W4393931398
https://openalex.org/W4393988210
https://openalex.org/W4394890291
https://openalex.org/W4394912790
https://openalex.org/W4394927638
https://openalex.org/W4394927887
https://openalex.org/W4395078074
https://openalex.org/W4395466301
https://openalex.org/W4396230930
https://openalex.org/W4396234905
https://openalex.org/W2043962735
https://openalex.org/W2090122242
https://openalex.org/W2041670687
https://openalex.org/W2052676428
https://openalex.org/W10189111
https://openalex.org/W2002008276
https://openalex.org/W2030432995
https://openalex.org/W2098251082
https://openalex.org/W1993859785
https://openalex.org/W2016618183
https://openalex.org/W2108980421
https://openalex.org/W1981883154
https://openalex.org/W2079143754
https://openalex.org/W2169796321
https://openalex.org/W2087948058
https://openalex.org/W2138713668
https://openalex.org/W2118492934
https://openalex.org/W1964280735
https://openalex.org/W2254704402
https://openalex.org/W1966150730
https://openalex.org/W2077483212
https://openalex.org/W2115696190
https://openalex.org/W2031403669
https://openalex.org/W82631599
https://openalex.org/W2050657799
https://openalex.org/W2064937755
https://openalex.org/W2088822020
https://openalex.org/W2074685903
https://openalex.org/W2163189607
https://openalex.org/W1980054149
https://openalex.org/W2044380158
https://openalex.org/W2089064510
https://openalex.org/W1985344642
https://openalex.org/W1998120034
https://openalex.org/W2088225713
https://openalex.org/W2155402623
https://openalex.org/W2159453595
https://openalex.org/W1484725457
https://openalex.org/W2010180312
https://openalex.org/W2053560692
https://openalex.org/W2110462456
https://openalex.org/W2169770000
https://openalex.org/W2011316585
https://openalex.org/W2036078036
https://openalex.org/W2071198990
https://openalex.org/W2088874116
https://openalex.org/W2100613007
https://openalex.org/W2213423230
https://openalex.org/W2467836981
https://openalex.org/W2486262821
https://openalex.org/W2575102843
https://openalex.org/W2775723053
https://openalex.org/W2805771357
https://openalex.org/W2895822959
https://openalex.org/W2900371488
https://openalex.org/W1980277787
https://openalex.org/W2017287199
https://openalex.org/W2123914847
https://openalex.org/W2325417978
https://openalex.org/W2737208830
https://openalex.org/W2899745985
https://openalex.org/W2944625960
https://openalex.org/W2945164694
https://openalex.org/W2958898109
https://openalex.org/W2989730530
https://openalex.org/W3012000939
https://openalex.org/W3087357538
https://openalex.org/W3088761901
https://openalex.org/W3149115116
https://openalex.org/W2016974728
https://openalex.org/W2029012213
https://openalex.org/W2064354140
https://openalex.org/W3198113923
https://openalex.org/W4282917309
https://openalex.org/W4309724352
https://openalex.org/W4318696335
https://openalex.org/W4321435035
https://openalex.org/W4379184406
https://openalex.org/W4379966965
https://openalex.org/W4385400738
https://openalex.org/W4385476138
https://openalex.org/W4385551847
https://openalex.org/W1977777327
https://openalex.org/W2169105754
https://openalex.org/W2066283208
https://openalex.org/W2085761102
https://openalex.org/W2109492757
https://openalex.org/W2131946035
https://openalex.org/W2235561576
https://openalex.org/W2049362063
https://openalex.org/W2160321553
https://openalex.org/W2041871047
https://openalex.org/W2064320687
https://openalex.org/W2133176036
https://openalex.org/W1968793547
https://openalex.org/W2113414627
https://openalex.org/W1005824370
https://openalex.org/W2036513117
https://openalex.org/W2069391281
https://openalex.org/W2105082813
https://openalex.org/W2109026374
https://openalex.org/W2109674039
https://openalex.org/W2090443917
https://openalex.org/W2076694355
https://openalex.org/W2042378395
https://openalex.org/W2049074328
https://openalex.org/W2066282103
https://openalex.org/W1972312006
https://openalex.org/W2046699313
https://openalex.org/W2020741570
https://openalex.org/W2053551013
https://openalex.org/W1995044418
https://openalex.org/W2052627013
https://openalex.org/W2059879341
https://openalex.org/W2153257672
https://openalex.org/W1822530935
https://openalex.org/W1966617635
https://openalex.org/W1988582471
https://openalex.org/W2158041688
https://openalex.org/W2158659593
https://openalex.org/W1967914582
https://openalex.org/W2042617343
https://openalex.org/W2046096600
https://openalex.org/W2073312053
https://openalex.org/W1974399772
https://openalex.org/W1985721924
https://openalex.org/W2145117447
https://openalex.org/W2789105136
https://openalex.org/W2793154232
https://openalex.org/W2795818298
https://openalex.org/W1961890781
https://openalex.org/W1992316904
https://openalex.org/W2302840537
https://openalex.org/W2563335206
https://openalex.org/W2581302285
https://openalex.org/W2775409655
https://openalex.org/W2802944913
https://openalex.org/W2887650798
https://openalex.org/W2551448418
https://openalex.org/W2889096589
https://openalex.org/W2912629114
https://openalex.org/W2916334096
https://openalex.org/W2921161310
https://openalex.org/W2931359339
https://openalex.org/W2973480132
https://openalex.org/W2980465150
https://openalex.org/W2980889984
https://openalex.org/W3046791403
https://openalex.org/W3083822233
https://openalex.org/W3102215125
https://openalex.org/W2966715124
https://openalex.org/W3091375626
https://openalex.org/W3118704180
https://openalex.org/W3129162168
https://openalex.org/W3157860356
https://openalex.org/W4210396343
https://openalex.org/W4281634255
https://openalex.org/W4281756775
https://openalex.org/W4292939547
https://openalex.org/W4295753450
https://openalex.org/W2101732093
https://openalex.org/W1968647115
https://openalex.org/W2026173223
https://openalex.org/W2071427720
https://openalex.org/W2162073632
https://openalex.org/W2417898536
https://openalex.org/W2164204414
https://openalex.org/W2184645745
https://openalex.org/W1971116988
https://openalex.org/W2069221233
https://openalex.org/W2119985444
https://openalex.org/W2151968449
https://openalex.org/W2223454203
https://openalex.org/W2188860904
https://openalex.org/W1972704494
https://openalex.org/W2089110191
https://openalex.org/W2096594206
https://openalex.org/W1970797120
https://openalex.org/W2080884018
https://openalex.org/W2009437103
https://openalex.org/W79941086
https://openalex.org/W1979474883
https://openalex.org/W2088866170
https://openalex.org/W2109988364
https://openalex.org/W2139926952
https://openalex.org/W2034401468
https://openalex.org/W2048113899
https://openalex.org/W2256558601
https://openalex.org/W2579497021
https://openalex.org/W2891607855
https://openalex.org/W1924785896
https://openalex.org/W2046850657
https://openalex.org/W2427928787
https://openalex.org/W2464143787
https://openalex.org/W2517727020
https://openalex.org/W2559800222
https://openalex.org/W2570273251
https://openalex.org/W2762263371
https://openalex.org/W2767365685
https://openalex.org/W2802272020
https://openalex.org/W2898120427
https://openalex.org/W2965434587
https://openalex.org/W2965686674
https://openalex.org/W2970003705
https://openalex.org/W2301655380
https://openalex.org/W2306612028
https://openalex.org/W2332988099
https://openalex.org/W2896096482
https://openalex.org/W2908418805
https://openalex.org/W2995970593
https://openalex.org/W2999443185
https://openalex.org/W2999525782
https://openalex.org/W3203380191
https://openalex.org/W4205611869
https://openalex.org/W3211946326
https://openalex.org/W3212150090
https://openalex.org/W3214248107
https://openalex.org/W4214742279
https://openalex.org/W4221068059
https://openalex.org/W4229450992
https://openalex.org/W4281620202
https://openalex.org/W4295136808
https://openalex.org/W4302276647
https://openalex.org/W2796470494
https://openalex.org/W2078247065
https://openalex.org/W1532673576
https://openalex.org/W1994119046
https://openalex.org/W2040747400
https://openalex.org/W2084165498
https://openalex.org/W2099951866
https://openalex.org/W1968117889
https://openalex.org/W1984883146
https://openalex.org/W2002968757
https://openalex.org/W1972528013
https://openalex.org/W1980012352
https://openalex.org/W2081559495
https://openalex.org/W2153415839
https://openalex.org/W2077607534
https://openalex.org/W2014878548
https://openalex.org/W1982381769
https://openalex.org/W1985669908
https://openalex.org/W2029752633
https://openalex.org/W2069260525
https://openalex.org/W2080092812
https://openalex.org/W2122683404
https://openalex.org/W2113679083
https://openalex.org/W2114469059
https://openalex.org/W2169086735
https://openalex.org/W2085590297
https://openalex.org/W2107129224
https://openalex.org/W2157276521
https://openalex.org/W2412118268
https://openalex.org/W2002395282
https://openalex.org/W2036810394
https://openalex.org/W2237895713
https://openalex.org/W2327221776
https://openalex.org/W1545565180
https://openalex.org/W1684227211
https://openalex.org/W1967281713
https://openalex.org/W2009763147
https://openalex.org/W2097188816
https://openalex.org/W2103196033
https://openalex.org/W2336942179
https://openalex.org/W2411057716
https://openalex.org/W2508077438
https://openalex.org/W2767146825
https://openalex.org/W2796855553
https://openalex.org/W4249056642
https://openalex.org/W2197196755
https://openalex.org/W2418487199
https://openalex.org/W2439608045
https://openalex.org/W2626890297
https://openalex.org/W2631406879
https://openalex.org/W2321823525
https://openalex.org/W2336258636
https://openalex.org/W2346847553
https://openalex.org/W2967097065
https://openalex.org/W2982492740
https://openalex.org/W2990143321
https://openalex.org/W3011094478
https://openalex.org/W3016156601
https://openalex.org/W3007202809
https://openalex.org/W3103787729
https://openalex.org/W3129377836
https://openalex.org/W3133145285
https://openalex.org/W4200330625
https://openalex.org/W2135486654
https://openalex.org/W2074022831
https://openalex.org/W2333365284
https://openalex.org/W1981446280
https://openalex.org/W2062152857
https://openalex.org/W1907144148
https://openalex.org/W2079010381
https://openalex.org/W2058165287
https://openalex.org/W2088215469
https://openalex.org/W2112513439
https://openalex.org/W2013598469
https://openalex.org/W2021462034
https://openalex.org/W2043822311
https://openalex.org/W2075949615
https://openalex.org/W1976372196
https://openalex.org/W1976947062
https://openalex.org/W1978930208
https://openalex.org/W2428171770
https://openalex.org/W1972778598
https://openalex.org/W2044615798
https://openalex.org/W1998499683
https://openalex.org/W2048364145
https://openalex.org/W2123583959
https://openalex.org/W2316773393
https://openalex.org/W2005519440
https://openalex.org/W2050775362
https://openalex.org/W2091718490
https://openalex.org/W1548297656
https://openalex.org/W1978275922
https://openalex.org/W2067748626
https://openalex.org/W2134241518
https://openalex.org/W2314290100
https://openalex.org/W2419190254
https://openalex.org/W1754596759
https://openalex.org/W2067220320
https://openalex.org/W2293461114
https://openalex.org/W2335779485
https://openalex.org/W2569623540
https://openalex.org/W2580479211
https://openalex.org/W2612009132
https://openalex.org/W2742168228
https://openalex.org/W2769618607
https://openalex.org/W2804675995
https://openalex.org/W2878788504
https://openalex.org/W2888178881
https://openalex.org/W2903084797
https://openalex.org/W2908574011
https://openalex.org/W2987330392
https://openalex.org/W1602319982
https://openalex.org/W2052611617
https://openalex.org/W2103161895
https://openalex.org/W2111929237
https://openalex.org/W2313021126
https://openalex.org/W2502164994
https://openalex.org/W2952086399
https://openalex.org/W4246819209
https://openalex.org/W3043481146
https://openalex.org/W2995845371
https://openalex.org/W3141676407
https://openalex.org/W3162446820
https://openalex.org/W3191699153
https://openalex.org/W3196454824
https://openalex.org/W4200227571
https://openalex.org/W4210307358
https://openalex.org/W4210780434
https://openalex.org/W4220963459
https://openalex.org/W4220977292
https://openalex.org/W4225698241
https://openalex.org/W4229028052
https://openalex.org/W4283171537
https://openalex.org/W4283763840
https://openalex.org/W4292104397
https://openalex.org/W4310711909
https://openalex.org/W4317933658
https://openalex.org/W4319961191
https://openalex.org/W4322773671
https://openalex.org/W4363672832
https://openalex.org/W4367459571
https://openalex.org/W4376565975
https://openalex.org/W4378744930
https://openalex.org/W4379981198
https://openalex.org/W4380089904
https://openalex.org/W4381683484
https://openalex.org/W4382141533
https://openalex.org/W4382203607
https://openalex.org/W4383104229
https://openalex.org/W4384405318
https://openalex.org/W4385452815
https://openalex.org/W4385581683
https://openalex.org/W4385665273
https://openalex.org/W4386222464
https://openalex.org/W4386256393
https://openalex.org/W4386577826
https://openalex.org/W4386608414
https://openalex.org/W4386705482
https://openalex.org/W4389290581
https://openalex.org/W2005728445
https://openalex.org/W2029321901
https://openalex.org/W2068666423
https://openalex.org/W2119563195
https://openalex.org/W2026241171
https://openalex.org/W2029799241
https://openalex.org/W2594229704
https://openalex.org/W1588574035
https://openalex.org/W1903862911
https://openalex.org/W2028005732
https://openalex.org/W2094501699
https://openalex.org/W2181318131
https://openalex.org/W1968662322
https://openalex.org/W2011224832
https://openalex.org/W2034588066
https://openalex.org/W1969925698
https://openalex.org/W2014206159
https://openalex.org/W1988295980
https://openalex.org/W1991861489
https://openalex.org/W1992553473
https://openalex.org/W2020532587
https://openalex.org/W2058876851
https://openalex.org/W1992526775
https://openalex.org/W2023215441
https://openalex.org/W2051856827
https://openalex.org/W2055500253
https://openalex.org/W2420214131
https://openalex.org/W1587819896
https://openalex.org/W1875345728
https://openalex.org/W2014504924
https://openalex.org/W2079011506
https://openalex.org/W2339479980
https://openalex.org/W2467001690
https://openalex.org/W2505101042
https://openalex.org/W2909914742
https://openalex.org/W2942566124
https://openalex.org/W2946075430
https://openalex.org/W2987911635
https://openalex.org/W2009800008
https://openalex.org/W2796682020
https://openalex.org/W4298077495
https://openalex.org/W1977848896
https://openalex.org/W4255246976
https://openalex.org/W1606460348
https://openalex.org/W2022942959
https://openalex.org/W2142325894
https://openalex.org/W2009927083
https://openalex.org/W2023857810
https://openalex.org/W2314513137
https://openalex.org/W2041104246
https://openalex.org/W2072198471
https://openalex.org/W2208213145
https://openalex.org/W2096666910
https://openalex.org/W2118541495
https://openalex.org/W2100385412
https://openalex.org/W1975766077
https://openalex.org/W2133025672
https://openalex.org/W2011337948
https://openalex.org/W1996389454
https://openalex.org/W2016991484
https://openalex.org/W2035891913
https://openalex.org/W205028476
https://openalex.org/W2065875747
https://openalex.org/W2100560231
https://openalex.org/W2883555024
https://openalex.org/W2895119316
https://openalex.org/W1909648932
https://openalex.org/W2003231683
https://openalex.org/W2019982985
https://openalex.org/W2092433298
https://openalex.org/W2115931618
https://openalex.org/W2143619494
https://openalex.org/W2294387083
https://openalex.org/W2587115805
https://openalex.org/W2769172882
https://openalex.org/W2919370449
https://openalex.org/W2937250720
https://openalex.org/W2957875446
https://openalex.org/W2984958136
https://openalex.org/W2995381284
https://openalex.org/W3038545505
https://openalex.org/W3045838451
https://openalex.org/W3097632558
https://openalex.org/W3114575969
https://openalex.org/W4232827755
https://openalex.org/W2411360793
https://openalex.org/W3111532727
https://openalex.org/W3122930396
https://openalex.org/W3127714318
https://openalex.org/W3152807176
https://openalex.org/W3158939126
https://openalex.org/W3176362553
https://openalex.org/W3191960428
https://openalex.org/W3207589491
https://openalex.org/W1995089321
https://openalex.org/W2034105647
https://openalex.org/W2039283817
https://openalex.org/W2063697290
https://openalex.org/W2070567759
https://openalex.org/W2081007340
https://openalex.org/W2148854838
https://openalex.org/W2081685516
https://openalex.org/W1974045507
https://openalex.org/W1993303743
https://openalex.org/W2223584169
https://openalex.org/W2029901845
https://openalex.org/W1998079997
https://openalex.org/W2017707158
https://openalex.org/W2070329671
https://openalex.org/W2082490121
https://openalex.org/W1983551380
https://openalex.org/W2017558482
https://openalex.org/W2101121882
https://openalex.org/W2062300480
https://openalex.org/W1987876150
https://openalex.org/W2071903827
https://openalex.org/W2405401182
https://openalex.org/W140398613
https://openalex.org/W1977093168
https://openalex.org/W2036569222
https://openalex.org/W2039528750
https://openalex.org/W2086757756
https://openalex.org/W2119363218
https://openalex.org/W2466223483
https://openalex.org/W2808794628
https://openalex.org/W2809265870
https://openalex.org/W2891383724
https://openalex.org/W1933670385
https://openalex.org/W1996751082
https://openalex.org/W2048694728
https://openalex.org/W2080313856
https://openalex.org/W2118577765
https://openalex.org/W2141426562
https://openalex.org/W2233931507
https://openalex.org/W22686401
https://openalex.org/W2273171216
https://openalex.org/W2326750515
https://openalex.org/W2342748416
https://openalex.org/W2541188325
https://openalex.org/W2625675002
https://openalex.org/W2752220588
https://openalex.org/W2761982099
https://openalex.org/W2762521820
https://openalex.org/W2913455056
https://openalex.org/W2927048340
https://openalex.org/W2947825316
https://openalex.org/W2989720594
https://openalex.org/W2996155434
https://openalex.org/W2996378938
https://openalex.org/W3006766271
https://openalex.org/W3040384285
https://openalex.org/W3042351341
https://openalex.org/W3049083136
https://openalex.org/W3096219842
https://openalex.org/W3102358491
https://openalex.org/W3115496578
https://openalex.org/W3142486856
https://openalex.org/W3188240900
https://openalex.org/W2412120315
https://openalex.org/W2418497786
https://openalex.org/W3092739731
https://openalex.org/W3127988280
https://openalex.org/W3138527695
https://openalex.org/W3160108653
https://openalex.org/W3174648289
https://openalex.org/W3175750752
https://openalex.org/W3215569398
https://openalex.org/W1968150020
https://openalex.org/W3197316105
https://openalex.org/W4200211842
https://openalex.org/W4206765856
https://openalex.org/W4210655443
https://openalex.org/W4220728825
https://openalex.org/W4229016393
https://openalex.org/W4229459069
https://openalex.org/W4280541384
https://openalex.org/W4281789289
https://openalex.org/W4285404574
https://openalex.org/W4293153683
https://openalex.org/W4307373409
https://openalex.org/W4311815295
https://openalex.org/W1984763648
https://openalex.org/W2061663331
https://openalex.org/W2075710161
https://openalex.org/W2104675884
https://openalex.org/W1975488860
https://openalex.org/W2061724477
https://openalex.org/W4234347400
https://openalex.org/W2026030414
https://openalex.org/W2040507612
https://openalex.org/W2085724537
https://openalex.org/W2002200532
https://openalex.org/W2012993755
https://openalex.org/W2021326617
https://openalex.org/W2134555137
https://openalex.org/W2087290100
https://openalex.org/W2091492041
https://openalex.org/W2268067782
https://openalex.org/W229774920
https://openalex.org/W2408825414
https://openalex.org/W2596629405
https://openalex.org/W2898425633
https://openalex.org/W2905367184
https://openalex.org/W1789640151
https://openalex.org/W1978843400
https://openalex.org/W2029786795
https://openalex.org/W2097424282
https://openalex.org/W2107720951
https://openalex.org/W2153367323
https://openalex.org/W2163324504
https://openalex.org/W2169089581
https://openalex.org/W2402097186
https://openalex.org/W2563390582
https://openalex.org/W2568562128
https://openalex.org/W2573889576
https://openalex.org/W2586749224
https://openalex.org/W2742800144
https://openalex.org/W2767213561
https://openalex.org/W2944939522
https://openalex.org/W3027509082
https://openalex.org/W3043183019
https://openalex.org/W3048311317
https://openalex.org/W3088878153
https://openalex.org/W3093958022
https://openalex.org/W2413104687
https://openalex.org/W2797510301
https://openalex.org/W2064362273
https://openalex.org/W2051845695
https://openalex.org/W2003292124
https://openalex.org/W1883188249
https://openalex.org/W1997630491
https://openalex.org/W2405602902
https://openalex.org/W2035401510
https://openalex.org/W1966600271
https://openalex.org/W2012203386
https://openalex.org/W2000624261
https://openalex.org/W2017045849
https://openalex.org/W2018165362
https://openalex.org/W1972562146
https://openalex.org/W2091047302
https://openalex.org/W2795738985
https://openalex.org/W2802987041
https://openalex.org/W2909484988
https://openalex.org/W2910485506
https://openalex.org/W2911365096
https://openalex.org/W2940807064
https://openalex.org/W2960509465
https://openalex.org/W1983224706
https://openalex.org/W2003357198
https://openalex.org/W2072845811
https://openalex.org/W2127959443
https://openalex.org/W2156699391
https://openalex.org/W2198900262
https://openalex.org/W2221768962
https://openalex.org/W2298866250
https://openalex.org/W2317728727
https://openalex.org/W2347055061
https://openalex.org/W2402309237
https://openalex.org/W2434000198
https://openalex.org/W3118470708
https://openalex.org/W3161967456
https://openalex.org/W3173712455
https://openalex.org/W3207034895
https://openalex.org/W4234027912
https://openalex.org/W4239329686
https://openalex.org/W1968652140
https://openalex.org/W2013815511
https://openalex.org/W2035039247
https://openalex.org/W2065222814
https://openalex.org/W1972244767
https://openalex.org/W2006774768
https://openalex.org/W2029666437
https://openalex.org/W2062394401
https://openalex.org/W2167623631
https://openalex.org/W2239602222
https://openalex.org/W4237619197
https://openalex.org/W1964011801
https://openalex.org/W2023872522
https://openalex.org/W1997304816
https://openalex.org/W2442937210
https://openalex.org/W1982088449
https://openalex.org/W2019846516
https://openalex.org/W2035977010
https://openalex.org/W2047888280
https://openalex.org/W2067775461
https://openalex.org/W1998693822
https://openalex.org/W2015827184
https://openalex.org/W2021038005
https://openalex.org/W2039638215
https://openalex.org/W2067659930
https://openalex.org/W2142954239
https://openalex.org/W2256380667
https://openalex.org/W2594510853
https://openalex.org/W2594703301
https://openalex.org/W2604125402
https://openalex.org/W2619991910
https://openalex.org/W2743195445
https://openalex.org/W2802944131
https://openalex.org/W2805468761
https://openalex.org/W2811464723
https://openalex.org/W2883444651
https://openalex.org/W2910675952
https://openalex.org/W2936858432
https://openalex.org/W2937173905
https://openalex.org/W2944203924
https://openalex.org/W2954615801
https://openalex.org/W2970870957
https://openalex.org/W2991507599
https://openalex.org/W3008270566
https://openalex.org/W3027806714
https://openalex.org/W3048672132
https://openalex.org/W3087541377
https://openalex.org/W3096603990
https://openalex.org/W3106891051
https://openalex.org/W3116165599
https://openalex.org/W3123287183
https://openalex.org/W1504569776
https://openalex.org/W2022469714
https://openalex.org/W2094313780
https://openalex.org/W2157703913
https://openalex.org/W2402307925
https://openalex.org/W2442492172
https://openalex.org/W2523391758
https://openalex.org/W3175198295
https://openalex.org/W4213423409
https://openalex.org/W4282960166
https://openalex.org/W4285730238
https://openalex.org/W4298138503
https://openalex.org/W4304617213
https://openalex.org/W4311974709
https://openalex.org/W2133930375
https://openalex.org/W425710026
https://openalex.org/W1519363234
https://openalex.org/W165585010
https://openalex.org/W2007842106
https://openalex.org/W2034939875
https://openalex.org/W2061072432
https://openalex.org/W2468324232
https://openalex.org/W1789981579
https://openalex.org/W2018463134
https://openalex.org/W1999666431
https://openalex.org/W2082656989
https://openalex.org/W2093467848
https://openalex.org/W2195794254
https://openalex.org/W1550031375
https://openalex.org/W1965136607
https://openalex.org/W2010587996
https://openalex.org/W2415696910
https://openalex.org/W2416747152
https://openalex.org/W127623346
https://openalex.org/W2003062292
https://openalex.org/W2012774840
https://openalex.org/W2039650542
https://openalex.org/W2043167242
https://openalex.org/W2050277203
https://openalex.org/W2079600779
https://openalex.org/W2079927678
https://openalex.org/W2089793955
https://openalex.org/W2091548306
https://openalex.org/W2108920519
https://openalex.org/W2163432225
https://openalex.org/W2166743371
https://openalex.org/W2207563788
https://openalex.org/W2248373744
https://openalex.org/W2269394053
https://openalex.org/W2567158773
https://openalex.org/W3000084601
https://openalex.org/W3004427367
https://openalex.org/W3122876332
https://openalex.org/W3125186530
https://openalex.org/W4240459594
https://openalex.org/W2212317512
https://openalex.org/W1965202773
https://openalex.org/W2089195868
https://openalex.org/W2141827132
https://openalex.org/W2312357880
https://openalex.org/W2062037758
https://openalex.org/W2067819226
https://openalex.org/W2249662061
https://openalex.org/W2462688764
https://openalex.org/W1970173639
https://openalex.org/W2000136821
https://openalex.org/W2063834563
https://openalex.org/W2147860866
https://openalex.org/W2353127196
https://openalex.org/W2429793349
https://openalex.org/W2549752730
https://openalex.org/W2779074096
https://openalex.org/W2782997143
https://openalex.org/W2903456298
https://openalex.org/W2906975882
https://openalex.org/W2912899574
https://openalex.org/W2923786008
https://openalex.org/W2939929454
https://openalex.org/W2942332024
https://openalex.org/W2943709056
https://openalex.org/W2947220922
https://openalex.org/W2965105850
https://openalex.org/W2978066352
https://openalex.org/W2990289807
https://openalex.org/W2994591636
https://openalex.org/W2995451828
https://openalex.org/W3007384201
https://openalex.org/W3008669012
https://openalex.org/W3024415860
https://openalex.org/W3028450858
https://openalex.org/W3037756173
https://openalex.org/W3048138800
https://openalex.org/W3083154125
https://openalex.org/W3087156127
https://openalex.org/W3119664546
https://openalex.org/W3122953299
https://openalex.org/W3130238024
https://openalex.org/W3131709733
https://openalex.org/W3133633975
https://openalex.org/W3156161941
https://openalex.org/W3159740439
https://openalex.org/W3162693616
https://openalex.org/W3188196937
https://openalex.org/W3199635667
https://openalex.org/W3201134350
https://openalex.org/W4200241533
https://openalex.org/W4200539489
https://openalex.org/W2045941657
https://openalex.org/W2324900052
https://openalex.org/W2342586905
https://openalex.org/W2549914011
https://openalex.org/W2511221668
https://openalex.org/W4380871568
https://openalex.org/W4381112894
https://openalex.org/W2037983997
https://openalex.org/W2120562565
https://openalex.org/W2003323857
https://openalex.org/W4205115955
https://openalex.org/W2188453581
https://openalex.org/W2407015774
https://openalex.org/W2052317666
https://openalex.org/W1497216309
https://openalex.org/W1969167296
https://openalex.org/W2076283278
https://openalex.org/W2133056013
https://openalex.org/W1497402064
https://openalex.org/W1586552245
https://openalex.org/W1761137004
https://openalex.org/W1994706520
https://openalex.org/W1997059218
https://openalex.org/W2024650478
https://openalex.org/W2041413646
https://openalex.org/W2042041448
https://openalex.org/W2078555215
https://openalex.org/W2148350416
https://openalex.org/W2155696609
https://openalex.org/W2163319486
https://openalex.org/W2168649126
https://openalex.org/W2188884255
https://openalex.org/W2320522168
https://openalex.org/W2362503105
https://openalex.org/W2415285448
https://openalex.org/W2429660583
https://openalex.org/W2541558123
https://openalex.org/W2560540526
https://openalex.org/W3121493566
https://openalex.org/W2020988445
https://openalex.org/W2066181223
https://openalex.org/W2036647060
https://openalex.org/W2796783473
https://openalex.org/W2797155000
https://openalex.org/W2797337403
https://openalex.org/W2800380011
https://openalex.org/W4290754696
https://openalex.org/W4290754739
https://openalex.org/W4297537293
https://openalex.org/W4298351848
https://openalex.org/W4302777193
https://openalex.org/W4312408954
https://openalex.org/W4313453369
https://openalex.org/W4317569460
https://openalex.org/W4317878761
https://openalex.org/W4317941492
https://openalex.org/W4318482882
https://openalex.org/W4318754237
https://openalex.org/W4318825386
https://openalex.org/W4319838072
https://openalex.org/W4320004667
https://openalex.org/W4321495659
https://openalex.org/W4322620559
https://openalex.org/W4322749116
https://openalex.org/W4322765654
https://openalex.org/W4323544570
https://openalex.org/W4324139135
https://openalex.org/W4362724517
https://openalex.org/W4365512178
https://openalex.org/W4367459550
https://openalex.org/W4367626985
https://openalex.org/W4367694445
https://openalex.org/W4375955317
https://openalex.org/W4376104294
https://openalex.org/W4376112593
https://openalex.org/W4376115833
https://openalex.org/W4376117357
https://openalex.org/W4377092663
https://openalex.org/W4377101375
https://openalex.org/W4377237836
https://openalex.org/W4378194905
https://openalex.org/W4378448098
https://openalex.org/W4379281427
https://openalex.org/W4379519323
https://openalex.org/W4379930421
https://openalex.org/W4380263611
https://openalex.org/W4381059705
https://openalex.org/W4381123621
https://openalex.org/W4381125662
https://openalex.org/W4381380006
https://openalex.org/W4382934642
https://openalex.org/W4382986941
https://openalex.org/W4383613932
https://openalex.org/W4383896410
https://openalex.org/W4383959325
https://openalex.org/W4385185747
https://openalex.org/W4385189751
https://openalex.org/W4385422306
https://openalex.org/W4385631489
https://openalex.org/W4385642173
https://openalex.org/W4385800357
https://openalex.org/W4385819411
https://openalex.org/W4386498505
https://openalex.org/W4386767541
https://openalex.org/W4387635413
https://openalex.org/W4387810715
https://openalex.org/W4387979221
https://openalex.org/W4387979449
https://openalex.org/W4387981485
https://openalex.org/W4388211183
https://openalex.org/W4388307790
https://openalex.org/W4388421273
https://openalex.org/W4388517430
https://openalex.org/W4388594385
https://openalex.org/W4388594939
https://openalex.org/W4388601186
https://openalex.org/W4388631118
https://openalex.org/W4388637211
https://openalex.org/W4388671572
https://openalex.org/W4388935351
https://openalex.org/W4389248675
https://openalex.org/W4389494082
https://openalex.org/W4389498172
https://openalex.org/W4389743096
https://openalex.org/W4389752627
https://openalex.org/W4389762192
https://openalex.org/W4389817603
https://openalex.org/W4389956671
https://openalex.org/W4390136662
https://openalex.org/W4390227872
https://openalex.org/W4390412349
https://openalex.org/W4390443617
https://openalex.org/W4390561858
https://openalex.org/W4392406782
https://openalex.org/W4394194062
https://openalex.org/W4394213904
https://openalex.org/W4394357282
https://openalex.org/W4394439918
https://openalex.org/W4394470772
https://openalex.org/W4394483982
https://openalex.org/W4394536271
https://openalex.org/W4394540642
https://openalex.org/W4394545061
https://openalex.org/W4394550808
https://openalex.org/W4394713073
https://openalex.org/W1969566217
https://openalex.org/W2092289008
https://openalex.org/W2025115374
https://openalex.org/W1998711210
https://openalex.org/W2393646079
https://openalex.org/W2412204045
https://openalex.org/W4232345942
https://openalex.org/W2416094742
https://openalex.org/W2416527279
https://openalex.org/W1986552377
https://openalex.org/W2345150762
https://openalex.org/W2424399540
https://openalex.org/W2568203160
https://openalex.org/W2735413041
https://openalex.org/W2746906157
https://openalex.org/W2762829102
https://openalex.org/W2776680510
https://openalex.org/W4231288347
https://openalex.org/W4244753430
https://openalex.org/W2403226696
https://openalex.org/W1981382157
https://openalex.org/W1993520717
https://openalex.org/W2042079293
https://openalex.org/W2099444039
https://openalex.org/W2397336247
https://openalex.org/W2361568111
https://openalex.org/W2410874243
https://openalex.org/W2412887907
https://openalex.org/W2015892895
https://openalex.org/W2187430375
https://openalex.org/W2417886296
https://openalex.org/W2544548169
https://openalex.org/W2981321818
https://openalex.org/W1971258974
https://openalex.org/W1988019893
https://openalex.org/W2048136415
https://openalex.org/W2050023284
https://openalex.org/W233458491
https://openalex.org/W2369277137
https://openalex.org/W2391108743
https://openalex.org/W2774426997
https://openalex.org/W2793389746
https://openalex.org/W2794553195
https://openalex.org/W2810787195
https://openalex.org/W2906221110
https://openalex.org/W2923782909
https://openalex.org/W2943275407
https://openalex.org/W2967628379
https://openalex.org/W2976705123
https://openalex.org/W3010797287
https://openalex.org/W3011417340
https://openalex.org/W3013260181
https://openalex.org/W3014276572
https://openalex.org/W3014341361
https://openalex.org/W3022998088
https://openalex.org/W3023519667
https://openalex.org/W3025046794
https://openalex.org/W3030144571
https://openalex.org/W3036288756
https://openalex.org/W3048746890
https://openalex.org/W3089189913
https://openalex.org/W3095495857
https://openalex.org/W3096259986
https://openalex.org/W3096982133
https://openalex.org/W3097198850
https://openalex.org/W3112171722
https://openalex.org/W3132475389
https://openalex.org/W3134489944
https://openalex.org/W3134751035
https://openalex.org/W3139119955
https://openalex.org/W3147096839
https://openalex.org/W3154547059
https://openalex.org/W3159640562
https://openalex.org/W3159952434
https://openalex.org/W3162234362
https://openalex.org/W3172454042
https://openalex.org/W3186670815
https://openalex.org/W3188314301
https://openalex.org/W3200663032
https://openalex.org/W3203840410
https://openalex.org/W3204266315
https://openalex.org/W3206187210
https://openalex.org/W3208282009
https://openalex.org/W3215880707
https://openalex.org/W4200126139
https://openalex.org/W433534253
https://openalex.org/W2301320874
https://openalex.org/W2408880070
https://openalex.org/W2464784727
https://openalex.org/W2513073042
https://openalex.org/W2523012833
https://openalex.org/W2577621077
https://openalex.org/W2586874568
https://openalex.org/W2750960682
https://openalex.org/W2898331410
https://openalex.org/W3133565222
https://openalex.org/W4205163997
https://openalex.org/W4205400724
https://openalex.org/W4207022412
https://openalex.org/W4213242465
https://openalex.org/W4214927365
https://openalex.org/W4220652618
https://openalex.org/W4220766665
https://openalex.org/W4225086768
https://openalex.org/W4280591354
https://openalex.org/W4285404605
https://openalex.org/W4289348354
https://openalex.org/W4295753994
https://openalex.org/W4304480135
https://openalex.org/W4308405432
https://openalex.org/W4311185920
https://openalex.org/W4238756348
https://openalex.org/W4300725261
https://openalex.org/W2041021299
https://openalex.org/W2272095960
https://openalex.org/W140891512
https://openalex.org/W1999243757
https://openalex.org/W2041452530
https://openalex.org/W1522691366
https://openalex.org/W2056337059
https://openalex.org/W2062596691
https://openalex.org/W3212126768
https://openalex.org/W1974651467
https://openalex.org/W2001336416
https://openalex.org/W1071325116
https://openalex.org/W1491227647
https://openalex.org/W1574164714
https://openalex.org/W1906367420
https://openalex.org/W1919619622
https://openalex.org/W1967586838
https://openalex.org/W1989668743
https://openalex.org/W2015645720
https://openalex.org/W2069726928
https://openalex.org/W2073864355
https://openalex.org/W2094457504
https://openalex.org/W2207181515
https://openalex.org/W2271624526
https://openalex.org/W2324160070
https://openalex.org/W2341220024
https://openalex.org/W2342112786
https://openalex.org/W2345013950
https://openalex.org/W2359469081
https://openalex.org/W2359903442
https://openalex.org/W2412788290
https://openalex.org/W2415195420
https://openalex.org/W2425246454
https://openalex.org/W2497627847
https://openalex.org/W2604532729
https://openalex.org/W2954952936
https://openalex.org/W3122933352
https://openalex.org/W3146697887
https://openalex.org/W3152054902
https://openalex.org/W316917131
https://openalex.org/W4210646962
https://openalex.org/W4211235280
https://openalex.org/W4214833383
https://openalex.org/W4220970214
https://openalex.org/W4226069522
https://openalex.org/W4303415516
https://openalex.org/W4307265348
https://openalex.org/W4313048698
https://openalex.org/W2796333314
https://openalex.org/W1968576976
https://openalex.org/W1972254551
https://openalex.org/W2005438960
https://openalex.org/W2076513009
https://openalex.org/W2232897654
https://openalex.org/W2411599791
https://openalex.org/W1606673580
https://openalex.org/W2398555770
https://openalex.org/W2416069384
https://openalex.org/W2422500883
https://openalex.org/W1835987939
https://openalex.org/W1969499078
https://openalex.org/W2038859465
https://openalex.org/W2058877586
https://openalex.org/W2061980723
https://openalex.org/W2257488122
https://openalex.org/W1501818720
https://openalex.org/W1582893260
https://openalex.org/W1971374637
https://openalex.org/W1995669706
https://openalex.org/W2000933442
https://openalex.org/W2004536298
https://openalex.org/W2007491284
https://openalex.org/W2019748431
https://openalex.org/W2023935435
https://openalex.org/W2319188769
https://openalex.org/W2320267199
https://openalex.org/W2321614775
https://openalex.org/W2326094072
https://openalex.org/W2478322633
https://openalex.org/W2540119055
https://openalex.org/W2543968946
https://openalex.org/W2570785609
https://openalex.org/W2586191226
https://openalex.org/W2600535378
https://openalex.org/W2742588878
https://openalex.org/W2774720105
https://openalex.org/W2777236690
https://openalex.org/W2800708009
https://openalex.org/W2906433449
https://openalex.org/W2999534522
https://openalex.org/W3003796155
https://openalex.org/W2797342480
https://openalex.org/W1987645265
https://openalex.org/W2335595804
https://openalex.org/W2054506635
https://openalex.org/W2486697310
https://openalex.org/W1973443752
https://openalex.org/W1968245053
https://openalex.org/W2113767875
https://openalex.org/W2149655498
https://openalex.org/W227975549
https://openalex.org/W2368009275
https://openalex.org/W2371460117
https://openalex.org/W2389764472
https://openalex.org/W2460474977
https://openalex.org/W2768538328
https://openalex.org/W2798244061
https://openalex.org/W2809522497
https://openalex.org/W2886583240
https://openalex.org/W2896354633
https://openalex.org/W2906994557
https://openalex.org/W3047487641
https://openalex.org/W3105045425
https://openalex.org/W3155681740
https://openalex.org/W2796023895
https://openalex.org/W2797091387
https://openalex.org/W4298029520
https://openalex.org/W4301648162
https://openalex.org/W1966205685
https://openalex.org/W2178561445
https://openalex.org/W2420319528
https://openalex.org/W317644799
https://openalex.org/W2411435792
https://openalex.org/W2416829448
https://openalex.org/W2440928621
https://openalex.org/W2399286146
https://openalex.org/W2409439454
https://openalex.org/W2409713412
https://openalex.org/W2919757712
https://openalex.org/W2967300008
https://openalex.org/W2968495017
https://openalex.org/W2968594236
https://openalex.org/W2971892703
https://openalex.org/W2974684199
https://openalex.org/W2989730402
https://openalex.org/W2990048306
https://openalex.org/W2995031146
https://openalex.org/W2995808367
https://openalex.org/W2999410705
https://openalex.org/W3000488318
https://openalex.org/W3016826037
https://openalex.org/W3021252100
https://openalex.org/W3022825260
https://openalex.org/W3036374688
https://openalex.org/W3092298146
https://openalex.org/W3096316105
https://openalex.org/W3111804573
https://openalex.org/W3116980593
https://openalex.org/W3123050446
https://openalex.org/W3127965275
https://openalex.org/W3153862225
https://openalex.org/W3194845338
https://openalex.org/W4247165473
https://openalex.org/W2797674037
https://openalex.org/W122566494
https://openalex.org/W1952918646
https://openalex.org/W1976890766
https://openalex.org/W2065281567
https://openalex.org/W2461300239
https://openalex.org/W2015340295
https://openalex.org/W2018054777
https://openalex.org/W2081533976
https://openalex.org/W2010399609
https://openalex.org/W2064987208
https://openalex.org/W2397208965
https://openalex.org/W2406486802
https://openalex.org/W2414792447
https://openalex.org/W2417813528
https://openalex.org/W3126501723
https://openalex.org/W3136213509
https://openalex.org/W3138341982
https://openalex.org/W3138834858
https://openalex.org/W3139226551
https://openalex.org/W3170725488
https://openalex.org/W3172987282
https://openalex.org/W3192443569
https://openalex.org/W3200629703
https://openalex.org/W3203200629
https://openalex.org/W3206787155
https://openalex.org/W3207563517
https://openalex.org/W3208188823
https://openalex.org/W3216350060
https://openalex.org/W398857714
https://openalex.org/W4200436337
https://openalex.org/W4255194481
https://openalex.org/W4391377964
https://openalex.org/W2156801535
https://openalex.org/W2289347618
https://openalex.org/W2301569063
https://openalex.org/W2334446173
https://openalex.org/W2670589831
https://openalex.org/W2763602976
https://openalex.org/W2774952633
https://openalex.org/W3147928596
https://openalex.org/W4299335165
https://openalex.org/W2624367523
https://openalex.org/W2410764379
https://openalex.org/W2414235866
https://openalex.org/W2415577943
https://openalex.org/W1599226722
https://openalex.org/W2043374538
https://openalex.org/W2086877571
https://openalex.org/W2249233881
https://openalex.org/W2328280709
https://openalex.org/W2337791410
https://openalex.org/W2361281046
https://openalex.org/W2380164300
https://openalex.org/W2388924447
https://openalex.org/W2402650469
https://openalex.org/W2412908050
https://openalex.org/W2742325390
https://openalex.org/W2376579424
https://openalex.org/W2387455024
https://openalex.org/W2418147686
https://openalex.org/W2795689083
https://openalex.org/W2801164533
https://openalex.org/W2962953428
https://openalex.org/W3091199247
https://openalex.org/W3120864847
https://openalex.org/W4291122729
https://openalex.org/W4300517176
https://openalex.org/W4300639810
https://openalex.org/W2128547594
https://openalex.org/W2247163051
https://openalex.org/W4241068091
https://openalex.org/W2010513284
https://openalex.org/W2435168450
https://openalex.org/W1432572146
https://openalex.org/W1495988551
https://openalex.org/W1598934016
https://openalex.org/W1876898604
https://openalex.org/W1891983363
https://openalex.org/W1967454461
https://openalex.org/W1998241468
https://openalex.org/W2103928203
https://openalex.org/W2139791264
https://openalex.org/W2166233908
https://openalex.org/W2214189290
https://openalex.org/W2215122824
https://openalex.org/W2221368281
https://openalex.org/W2238229608
https://openalex.org/W2243419293
https://openalex.org/W2247709253
https://openalex.org/W2256799949
https://openalex.org/W2274044608
https://openalex.org/W2290559949
https://openalex.org/W2291368574
https://openalex.org/W2297269631
https://openalex.org/W2306427287
https://openalex.org/W2307931263
https://openalex.org/W2313559881
https://openalex.org/W2321514677
https://openalex.org/W2324128700
https://openalex.org/W2337043503
https://openalex.org/W2338673652
https://openalex.org/W2341641680
https://openalex.org/W2345649447
https://openalex.org/W2358417046
https://openalex.org/W2388564385
https://openalex.org/W2392046012
https://openalex.org/W2401409726
https://openalex.org/W2410460651
https://openalex.org/W2418184458
https://openalex.org/W2429640110
https://openalex.org/W2469944742
https://openalex.org/W2473922747
https://openalex.org/W2495924652
https://openalex.org/W2501981608
https://openalex.org/W2506060818
https://openalex.org/W2508261799
https://openalex.org/W2508884355
https://openalex.org/W2512461578
https://openalex.org/W2515098361
https://openalex.org/W2527948175
https://openalex.org/W2528325019
https://openalex.org/W2547290087
https://openalex.org/W2550258218
https://openalex.org/W2551482336
https://openalex.org/W2556329720
https://openalex.org/W2558894879
https://openalex.org/W2563797551
https://openalex.org/W2564913192
https://openalex.org/W2569336459
https://openalex.org/W2584158030
https://openalex.org/W2585484857
https://openalex.org/W2587259879
https://openalex.org/W2587269550
https://openalex.org/W2594371001
https://openalex.org/W2605182355
https://openalex.org/W2611484840
https://openalex.org/W2725725918
https://openalex.org/W2732178993
https://openalex.org/W2736150550
https://openalex.org/W2741643123
https://openalex.org/W2742897972
https://openalex.org/W2746096948
https://openalex.org/W2747003079
https://openalex.org/W2747240457
https://openalex.org/W2749642844
https://openalex.org/W2752350298
https://openalex.org/W2753108115
https://openalex.org/W2753926554
https://openalex.org/W2761800824
https://openalex.org/W2768836698
https://openalex.org/W2794254005
https://openalex.org/W2794443141
https://openalex.org/W2913838098
https://openalex.org/W2997441783
https://openalex.org/W3041365726
https://openalex.org/W3093171123
https://openalex.org/W3094876398
https://openalex.org/W3098801951
https://openalex.org/W3101401396
https://openalex.org/W3117824532
https://openalex.org/W3121853783
https://openalex.org/W3122295195
https://openalex.org/W3122376658
https://openalex.org/W3123800221
https://openalex.org/W3124615755
https://openalex.org/W3125412746
https://openalex.org/W3140338371
https://openalex.org/W3142182357
https://openalex.org/W3144059795
https://openalex.org/W3144127604
https://openalex.org/W3159865621
https://openalex.org/W3176585514
https://openalex.org/W3199448111
https://openalex.org/W3210245010
https://openalex.org/W4212815026
https://openalex.org/W4237023229
https://openalex.org/W4243564797
https://openalex.org/W4254421119
https://openalex.org/W4299713168
https://openalex.org/W4299924269
https://openalex.org/W4301034565
https://openalex.org/W4302575201
https://openalex.org/W4394524651
https://openalex.org/W751476190
https://openalex.org/W1979430387
https://openalex.org/W2038179232
https://openalex.org/W2051552657
https://openalex.org/W2118752930
https://openalex.org/W101319952
https://openalex.org/W1579322840
https://openalex.org/W1588994382
https://openalex.org/W1595524232
https://openalex.org/W1601585529
https://openalex.org/W166328334
https://openalex.org/W1686856685
https://openalex.org/W1799025060
https://openalex.org/W1847653642
https://openalex.org/W1853188625
https://openalex.org/W1898338439
https://openalex.org/W1900008504
https://openalex.org/W1933761356
https://openalex.org/W1937188477
https://openalex.org/W1941908729
https://openalex.org/W1947091825
https://openalex.org/W1961126106
https://openalex.org/W1974520849
https://openalex.org/W2017955977
https://openalex.org/W2027920624
https://openalex.org/W2059548900
https://openalex.org/W2079752345
https://openalex.org/W2107234963
https://openalex.org/W2119923846
https://openalex.org/W2124958404
https://openalex.org/W2143915949
https://openalex.org/W2182171417
https://openalex.org/W2187173961
https://openalex.org/W2189388890
https://openalex.org/W2197313052
https://openalex.org/W2203866490
https://openalex.org/W2235159299
https://openalex.org/W2256344042
https://openalex.org/W2256436680
https://openalex.org/W2262555896
https://openalex.org/W2265448977
https://openalex.org/W2277159713
https://openalex.org/W2282879523
https://openalex.org/W2296532490
https://openalex.org/W2297796667
https://openalex.org/W2307978508
https://openalex.org/W2314369328
https://openalex.org/W2320022649
https://openalex.org/W2322667083
https://openalex.org/W2322992514
https://openalex.org/W2325470357
https://openalex.org/W2329065006
https://openalex.org/W2329182265
https://openalex.org/W2332433171
https://openalex.org/W2332498953
https://openalex.org/W2333705227
https://openalex.org/W2344407563
https://openalex.org/W2361756354
https://openalex.org/W2366409623
https://openalex.org/W2368643582
https://openalex.org/W2372586071
https://openalex.org/W2383091598
https://openalex.org/W23950556
https://openalex.org/W2399905592
https://openalex.org/W2415133209
https://openalex.org/W2417889852
https://openalex.org/W2473504166
https://openalex.org/W2487368832
https://openalex.org/W2513225861
https://openalex.org/W2560849048
https://openalex.org/W2562367484
https://openalex.org/W2591497357
https://openalex.org/W2612100332
https://openalex.org/W2624822185
https://openalex.org/W2764007078
https://openalex.org/W2771718185
https://openalex.org/W2779647187
https://openalex.org/W2803467090
https://openalex.org/W2910817749
https://openalex.org/W2979756388
https://openalex.org/W3000207526
https://openalex.org/W3022578753
https://openalex.org/W3089448481
https://openalex.org/W3115705925
https://openalex.org/W3121843328
https://openalex.org/W3122824836
https://openalex.org/W3123773141
https://openalex.org/W3123974084
https://openalex.org/W3139683290
https://openalex.org/W3140638796
https://openalex.org/W3143415698
https://openalex.org/W3146852373
https://openalex.org/W3148042846
https://openalex.org/W3149341405
https://openalex.org/W3149628228
https://openalex.org/W3183985977
https://openalex.org/W3188853100
https://openalex.org/W337871423
https://openalex.org/W4238752916
https://openalex.org/W4245394958
https://openalex.org/W4245922374
https://openalex.org/W4248359208
https://openalex.org/W4298207615
https://openalex.org/W4299809338
https://openalex.org/W4313349467
https://openalex.org/W4313351593
https://openalex.org/W4313386666
https://openalex.org/W592487756
https://openalex.org/W645528547
https://openalex.org/W981232046
https://openalex.org/W22791938
https://openalex.org/W2001950620
https://openalex.org/W2097988780
https://openalex.org/W2423822687
https://openalex.org/W2462914445
https://openalex.org/W1723242141
https://openalex.org/W1787784721
https://openalex.org/W1966246808
https://openalex.org/W1988260442
https://openalex.org/W2000280134
https://openalex.org/W2024841724
https://openalex.org/W2045632630
https://openalex.org/W2091926626
https://openalex.org/W2109674047
https://openalex.org/W2123261771
https://openalex.org/W2298868103
https://openalex.org/W2341302677
https://openalex.org/W2364542888
https://openalex.org/W2367645550
https://openalex.org/W2368234986
https://openalex.org/W2373616493
https://openalex.org/W2390896542
https://openalex.org/W2403188525
https://openalex.org/W2409814837
https://openalex.org/W2413980893
https://openalex.org/W2417034940
https://openalex.org/W2418196802
https://openalex.org/W2422721068
https://openalex.org/W2423969836
https://openalex.org/W2427477977
https://openalex.org/W2434568003
https://openalex.org/W2439470524
https://openalex.org/W2461804602
https://openalex.org/W2466528583
https://openalex.org/W2469035446
https://openalex.org/W2475315217
https://openalex.org/W2562704162
https://openalex.org/W2566349195
https://openalex.org/W2584940106
https://openalex.org/W2587480631
https://openalex.org/W2590038157
https://openalex.org/W2592351639
https://openalex.org/W2599424527
https://openalex.org/W2605536767
https://openalex.org/W2610118768
https://openalex.org/W2612142788
https://openalex.org/W2612603173
https://openalex.org/W2613705312
https://openalex.org/W2614025577
https://openalex.org/W2694174918
https://openalex.org/W2735107432
https://openalex.org/W2735356042
https://openalex.org/W2736093966
https://openalex.org/W2737138112
https://openalex.org/W2739780118
https://openalex.org/W2740484485
https://openalex.org/W2742478868
https://openalex.org/W2743227263
https://openalex.org/W2744684209
https://openalex.org/W2745347084
https://openalex.org/W2747540353
https://openalex.org/W2749922510
https://openalex.org/W2750146677
https://openalex.org/W2751088737
https://openalex.org/W2752150417
https://openalex.org/W2756461532
https://openalex.org/W2756695832
https://openalex.org/W2763309754
https://openalex.org/W2767272127
https://openalex.org/W2767629767
https://openalex.org/W2773710089
https://openalex.org/W2777189128
https://openalex.org/W2780052826
https://openalex.org/W2782098033
https://openalex.org/W2800206439
https://openalex.org/W2884368625
https://openalex.org/W2897404677
https://openalex.org/W2903933444
https://openalex.org/W2904413086
https://openalex.org/W2951142190
https://openalex.org/W3039023137
https://openalex.org/W3102370457
https://openalex.org/W3119307290
https://openalex.org/W3123775266
https://openalex.org/W3139656809
https://openalex.org/W3208155328
https://openalex.org/W4233719431
https://openalex.org/W4241581317
https://openalex.org/W4249693534
https://openalex.org/W4299944654
https://openalex.org/W4300110046
https://openalex.org/W4302346918
https://openalex.org/W4315750862
https://openalex.org/W4319589078
https://openalex.org/W845971223
https://openalex.org/W1558791740
https://openalex.org/W2409844582
https://openalex.org/W2415490399
https://openalex.org/W2425223195
https://openalex.org/W2474451375
https://openalex.org/W1166333588
https://openalex.org/W1513125424
https://openalex.org/W1528940854
https://openalex.org/W1573472976
https://openalex.org/W1977274629
https://openalex.org/W1991557474
https://openalex.org/W2003655822
https://openalex.org/W2008903711
https://openalex.org/W2050989132
https://openalex.org/W2062077236
https://openalex.org/W2066725007
https://openalex.org/W2071491859
https://openalex.org/W2133171139
https://openalex.org/W2134577076
https://openalex.org/W214981209
https://openalex.org/W221196908
https://openalex.org/W2224721800
https://openalex.org/W2305145402
https://openalex.org/W2333809251
https://openalex.org/W2350387869
https://openalex.org/W2361867393
https://openalex.org/W2368092853
https://openalex.org/W2369085136
https://openalex.org/W2369918355
https://openalex.org/W2370102736
https://openalex.org/W2384759172
https://openalex.org/W2388888433
https://openalex.org/W2391643952
https://openalex.org/W2397463033
https://openalex.org/W2409499921
https://openalex.org/W2412002391
https://openalex.org/W2415127638
https://openalex.org/W2416881397
https://openalex.org/W2571804510
https://openalex.org/W2743764545
https://openalex.org/W2908476784
https://openalex.org/W2924652752
https://openalex.org/W3005998770
https://openalex.org/W3033934235
https://openalex.org/W3131313172
https://openalex.org/W3149576975
https://openalex.org/W3195495653
https://openalex.org/W3214649826
https://openalex.org/W351110293
https://openalex.org/W373205755
https://openalex.org/W373386774
https://openalex.org/W376306389
https://openalex.org/W392054242
https://openalex.org/W4205464995
https://openalex.org/W4206295557
https://openalex.org/W4210288452
https://openalex.org/W4210372091
https://openalex.org/W4210473869
https://openalex.org/W4210600285
https://openalex.org/W4213242626
https://openalex.org/W4214531243
https://openalex.org/W421959514
https://openalex.org/W4220655651
https://openalex.org/W4220702566
https://openalex.org/W4220839342
https://openalex.org/W4220912946
https://openalex.org/W4220940895
https://openalex.org/W4221003965
https://openalex.org/W4221030155
https://openalex.org/W4221059630
https://openalex.org/W4225311247
https://openalex.org/W4225321026
https://openalex.org/W4225325426
https://openalex.org/W4229363495
https://openalex.org/W4236493167
https://openalex.org/W4281786280
https://openalex.org/W4282970198
https://openalex.org/W4283032179
https://openalex.org/W4283158673
https://openalex.org/W4283168095
https://openalex.org/W4283169764
https://openalex.org/W4283169993
https://openalex.org/W4283209428
https://openalex.org/W4283363965
https://openalex.org/W4284881143
https://openalex.org/W4285393334
https://openalex.org/W4285685525
https://openalex.org/W4286751628
https://openalex.org/W4289545608
https://openalex.org/W4292952153
https://openalex.org/W4293099801
https://openalex.org/W4293660940
https://openalex.org/W4294725395
https://openalex.org/W4295788356
https://openalex.org/W4296260091
https://openalex.org/W4296260494
https://openalex.org/W4296357705
https://openalex.org/W4306255202
https://openalex.org/W4307829650
https://openalex.org/W4308558731
https://openalex.org/W4308645519
https://openalex.org/W4308952005
https://openalex.org/W4309987698
https://openalex.org/W4310588833
https://openalex.org/W4311684776
https://openalex.org/W4312199601
https://openalex.org/W4312536537
https://openalex.org/W4312558307
https://openalex.org/W4320156351
https://openalex.org/W4322584010
https://openalex.org/W4380686991
https://openalex.org/W4380795482
https://openalex.org/W4380795494
https://openalex.org/W4380795560
https://openalex.org/W4380836446
https://openalex.org/W4393609601
https://openalex.org/W4393890026
https://openalex.org/W590966982
https://openalex.org/W623547838
https://openalex.org/W624262565
https://openalex.org/W635220314
https://openalex.org/W2021343636
https://openalex.org/W2025047334
https://openalex.org/W2053153953
https://openalex.org/W2106347100
https://openalex.org/W4232936270
https://openalex.org/W1002832015
https://openalex.org/W1487135325
https://openalex.org/W1986465744
https://openalex.org/W2030548966
https://openalex.org/W2036633898
https://openalex.org/W2048368439
https://openalex.org/W2348324631
https://openalex.org/W237595206
https://openalex.org/W2380194980
https://openalex.org/W2400335196
https://openalex.org/W2419671420
https://openalex.org/W2442641666
https://openalex.org/W2465123547
https://openalex.org/W2665755026
https://openalex.org/W2749629151
https://openalex.org/W2791187211
https://openalex.org/W2794730261
https://openalex.org/W2794804060
https://openalex.org/W2800261978
https://openalex.org/W2805341620
https://openalex.org/W2809324499
https://openalex.org/W2809824168
https://openalex.org/W2809862460
https://openalex.org/W2874287247
https://openalex.org/W2883079496
https://openalex.org/W2885921610
https://openalex.org/W2886435333
https://openalex.org/W2889008422
https://openalex.org/W2889447470
https://openalex.org/W2898698059
https://openalex.org/W2902385911
https://openalex.org/W2904456672
https://openalex.org/W2910206477
https://openalex.org/W2910504338
https://openalex.org/W2911968722
https://openalex.org/W2914629093
https://openalex.org/W2916969906
https://openalex.org/W2921586211
https://openalex.org/W2923976263
https://openalex.org/W2929663173
https://openalex.org/W2934982841
https://openalex.org/W2936708809
https://openalex.org/W2938248489
https://openalex.org/W2942405382
https://openalex.org/W2949159391
https://openalex.org/W2953795740
https://openalex.org/W2954122031
https://openalex.org/W2954230427
https://openalex.org/W2955368822
https://openalex.org/W2955764760
https://openalex.org/W2963222547
https://openalex.org/W2964894163
https://openalex.org/W2965558426
https://openalex.org/W2965680785
https://openalex.org/W2968181595
https://openalex.org/W2969620250
https://openalex.org/W2970647071
https://openalex.org/W2978397566
https://openalex.org/W2980517238
https://openalex.org/W2981181204
https://openalex.org/W2981495818
https://openalex.org/W2981911068
https://openalex.org/W2985961794
https://openalex.org/W2989890244
https://openalex.org/W2989938101
https://openalex.org/W2990669726
https://openalex.org/W2991552507
https://openalex.org/W2992822930
https://openalex.org/W2997137576
https://openalex.org/W3004884490
https://openalex.org/W3006505726
https://openalex.org/W3009862173
https://openalex.org/W3025532690
https://openalex.org/W3034713640
https://openalex.org/W3048308208
https://openalex.org/W3093458432
https://openalex.org/W3096741957
https://openalex.org/W3121542131
https://openalex.org/W3124376417
https://openalex.org/W3124464353
https://openalex.org/W3133765303
https://openalex.org/W3139433235
https://openalex.org/W3159293295
https://openalex.org/W3161576848
https://openalex.org/W3192482880
https://openalex.org/W3200411459
https://openalex.org/W3200642877
https://openalex.org/W4206848595
https://openalex.org/W4232440513
https://openalex.org/W4238139990
https://openalex.org/W4240645583
https://openalex.org/W4245161803
https://openalex.org/W4245788089
https://openalex.org/W4246814292
https://openalex.org/W4286431799
https://openalex.org/W4288264022
https://openalex.org/W4289304839
https://openalex.org/W4299797921
https://openalex.org/W4311254066
https://openalex.org/W566410365
https://openalex.org/W596960073
https://openalex.org/W1998124326
https://openalex.org/W2027668350
https://openalex.org/W2031763248
https://openalex.org/W2400363774
https://openalex.org/W2992290688
https://openalex.org/W3143358319
https://openalex.org/W1573999832
https://openalex.org/W2068897409
https://openalex.org/W2073621011
https://openalex.org/W2077262721
https://openalex.org/W2091032170
https://openalex.org/W2256001458
https://openalex.org/W2347531995
https://openalex.org/W2355333375
https://openalex.org/W2358472110
https://openalex.org/W2363302834
https://openalex.org/W2363395405
https://openalex.org/W2369941665
https://openalex.org/W2374765522
https://openalex.org/W2376123784
https://openalex.org/W2387871451
https://openalex.org/W2396566261
https://openalex.org/W2411320618
https://openalex.org/W2413560956
https://openalex.org/W2414926483
https://openalex.org/W2749625779
https://openalex.org/W2757250088
https://openalex.org/W2759078982
https://openalex.org/W2903126696
https://openalex.org/W2904480417
https://openalex.org/W2920532189
https://openalex.org/W2995168420
https://openalex.org/W3000696581
https://openalex.org/W3004540046
https://openalex.org/W3006222078
https://openalex.org/W3006263194
https://openalex.org/W3012304433
https://openalex.org/W3013327228
https://openalex.org/W3019491616
https://openalex.org/W3025968046
https://openalex.org/W3029823049
https://openalex.org/W3031547475
https://openalex.org/W3041058042
https://openalex.org/W3047278827
https://openalex.org/W3082110978
https://openalex.org/W3083361354
https://openalex.org/W3083398622
https://openalex.org/W3088142546
https://openalex.org/W3091837871
https://openalex.org/W3094696483
https://openalex.org/W3095909726
https://openalex.org/W3096064598
https://openalex.org/W3096205057
https://openalex.org/W3097921594
https://openalex.org/W3104710977
https://openalex.org/W3105021473
https://openalex.org/W3106769388
https://openalex.org/W3107793179
https://openalex.org/W3108215803
https://openalex.org/W3108560687
https://openalex.org/W3108688829
https://openalex.org/W3109109819
https://openalex.org/W3109226551
https://openalex.org/W3111243735
https://openalex.org/W3117514007
https://openalex.org/W3118209598
https://openalex.org/W3119073795
https://openalex.org/W3121500266
https://openalex.org/W3121667352
https://openalex.org/W3122080223
https://openalex.org/W3123976524
https://openalex.org/W3124121806
https://openalex.org/W3125745535
https://openalex.org/W3129161622
https://openalex.org/W3136909112
https://openalex.org/W3140717782
https://openalex.org/W3156926464
https://openalex.org/W3159359449
https://openalex.org/W3163203711
https://openalex.org/W3163954423
https://openalex.org/W3167018950
https://openalex.org/W3171337047
https://openalex.org/W3172599913
https://openalex.org/W3181201157
https://openalex.org/W3191210525
https://openalex.org/W3195757929
https://openalex.org/W421871001
https://openalex.org/W423200755
https://openalex.org/W4234948186
https://openalex.org/W4235428082
https://openalex.org/W4237397220
https://openalex.org/W4238269908
https://openalex.org/W4246615054
https://openalex.org/W4249826028
https://openalex.org/W4252063988
https://openalex.org/W4254367711
https://openalex.org/W4388120328
https://openalex.org/W4394357985
https://openalex.org/W585072341
https://openalex.org/W632165375
https://openalex.org/W72356013
https://openalex.org/W861465661
https://openalex.org/W2204093289
https://openalex.org/W27796652
https://openalex.org/W1920270559
https://openalex.org/W2071193612
https://openalex.org/W2197867625
https://openalex.org/W2337105210
https://openalex.org/W2352759824
https://openalex.org/W2356690824
https://openalex.org/W2373419918
https://openalex.org/W2396692734
https://openalex.org/W2402062208
https://openalex.org/W2403305305
https://openalex.org/W2406233123
https://openalex.org/W2410438724
https://openalex.org/W2411658374
https://openalex.org/W2413086641
https://openalex.org/W2464195521
https://openalex.org/W2464497630
https://openalex.org/W2467102218
https://openalex.org/W2474763510
https://openalex.org/W2491118516
https://openalex.org/W2496076082
https://openalex.org/W2575333943
https://openalex.org/W2992961064
https://openalex.org/W3146102323
https://openalex.org/W3147179428
https://openalex.org/W3197410232
https://openalex.org/W4251313242
https://openalex.org/W4390619643
https://openalex.org/W560014582
https://openalex.org/W569432944
https://openalex.org/W602391658
https://openalex.org/W1482383370
https://openalex.org/W1505119851
https://openalex.org/W2028547884
https://openalex.org/W2371651516
https://openalex.org/W2374453387
https://openalex.org/W2374801397
https://openalex.org/W2379571077
https://openalex.org/W2411299244
https://openalex.org/W2414314087
https://openalex.org/W2418591767
https://openalex.org/W2432790120
https://openalex.org/W2462749981
https://openalex.org/W2464932977
https://openalex.org/W3119474387
https://openalex.org/W3119512182
https://openalex.org/W3123059085
https://openalex.org/W3125383866
https://openalex.org/W3130086137
https://openalex.org/W3136218160
https://openalex.org/W3137874467
https://openalex.org/W3139206774
https://openalex.org/W3154231546
https://openalex.org/W3155898957
https://openalex.org/W3159884338
https://openalex.org/W3163796447
https://openalex.org/W3164244774
https://openalex.org/W3164302742
https://openalex.org/W3165095148
https://openalex.org/W3168697781
https://openalex.org/W3169675580
https://openalex.org/W3170879938
https://openalex.org/W3171545206
https://openalex.org/W3172421683
https://openalex.org/W3174151550
https://openalex.org/W3179575260
https://openalex.org/W3179667070
https://openalex.org/W3183740144
https://openalex.org/W3184639746
https://openalex.org/W3186017293
https://openalex.org/W3193731603
https://openalex.org/W3194891389
https://openalex.org/W3199603579
https://openalex.org/W3199980539
https://openalex.org/W3200631290
https://openalex.org/W3202686455
https://openalex.org/W3205177422
https://openalex.org/W3206346951
https://openalex.org/W3206478357
https://openalex.org/W3207675011
https://openalex.org/W3208081167
https://openalex.org/W3209396092
https://openalex.org/W3210891995
https://openalex.org/W3212838364
https://openalex.org/W3215254909
https://openalex.org/W3215611390
https://openalex.org/W3215655322
https://openalex.org/W3215966914
https://openalex.org/W3216303786
https://openalex.org/W3216308099
https://openalex.org/W3217508313
https://openalex.org/W3217521736
https://openalex.org/W3217743323
https://openalex.org/W408668900
https://openalex.org/W4200224076
https://openalex.org/W4200333601
https://openalex.org/W4200474032
https://openalex.org/W4200558693
https://openalex.org/W4226335585
https://openalex.org/W4236605242
https://openalex.org/W4249846646
https://openalex.org/W4256215583
https://openalex.org/W4392387061
https://openalex.org/W4394169915
https://openalex.org/W4394425089
https://openalex.org/W4395035006
https://openalex.org/W620839144
https://openalex.org/W642317025
https://openalex.org/W1004483767
https://openalex.org/W1999127202
https://openalex.org/W2068919675
https://openalex.org/W2347291588
https://openalex.org/W2372445230
https://openalex.org/W2432818443
https://openalex.org/W2471999061
https://openalex.org/W2977801683
https://openalex.org/W3202987892
https://openalex.org/W342640797
https://openalex.org/W4248643964
https://openalex.org/W4253990225
https://openalex.org/W4321362428
https://openalex.org/W4380534334
https://openalex.org/W884347129
https://openalex.org/W892176771
https://openalex.org/W2401953795
https://openalex.org/W2408690228
https://openalex.org/W2410188902
https://openalex.org/W2415016382
https://openalex.org/W2421686531
https://openalex.org/W1968990914
https://openalex.org/W1982003686
https://openalex.org/W2022916012
https://openalex.org/W2074475634
https://openalex.org/W2185024455
https://openalex.org/W2357096092
https://openalex.org/W2394157631
https://openalex.org/W2398210184
https://openalex.org/W2409637323
https://openalex.org/W2413462050
https://openalex.org/W2417646233
https://openalex.org/W2422353656
https://openalex.org/W2438946675
https://openalex.org/W280400516
https://openalex.org/W2917690135
https://openalex.org/W416067071
https://openalex.org/W4379050951
https://openalex.org/W567534793
https://openalex.org/W634672042
https://openalex.org/W81941502
https://openalex.org/W191460298
https://openalex.org/W1968459098
https://openalex.org/W1998152755
https://openalex.org/W2020279807
https://openalex.org/W2040034874
https://openalex.org/W2050342651
https://openalex.org/W2055910797
https://openalex.org/W2074460588
https://openalex.org/W2088852039
https://openalex.org/W2279671855
https://openalex.org/W2329903130
https://openalex.org/W2398653497
https://openalex.org/W2412600339
https://openalex.org/W2415772900
https://openalex.org/W2443215949
https://openalex.org/W2475754893
https://openalex.org/W2622227595
https://openalex.org/W2788233212
https://openalex.org/W291579781
https://openalex.org/W3022157952
https://openalex.org/W3049014491
https://openalex.org/W3212452565
https://openalex.org/W4230069292
https://openalex.org/W4232876288
https://openalex.org/W4232941315
https://openalex.org/W4253019018
https://openalex.org/W4253561731
https://openalex.org/W4299403632
https://openalex.org/W4381710822
https://openalex.org/W2053146160
https://openalex.org/W2071785784
https://openalex.org/W2072569551
https://openalex.org/W2401122465
https://openalex.org/W2771006035
https://openalex.org/W3151216723
https://openalex.org/W1176537056
https://openalex.org/W1990989282
https://openalex.org/W2006735532
https://openalex.org/W2028100813
https://openalex.org/W2035340904
https://openalex.org/W2092475075
https://openalex.org/W2185043682
https://openalex.org/W2281937390
https://openalex.org/W2302059087
https://openalex.org/W2323971831
https://openalex.org/W2329940416
https://openalex.org/W2331343649
https://openalex.org/W2409074482
https://openalex.org/W2413466584
https://openalex.org/W2413785609
https://openalex.org/W2414615965
https://openalex.org/W2417228006
https://openalex.org/W2417683947
https://openalex.org/W2470124338
https://openalex.org/W2510925691
https://openalex.org/W32520188
https://openalex.org/W4241187044
https://openalex.org/W646269242
https://openalex.org/W75051364
