<tab:inst_msa_year_second>
              2.8150
              2.3282
              1.6449
              1.5207
              1.1515
              1.8602
              1.7696
              1.3259
              1.3076
              0.6688
              1.4218
              1.3487
              2.2358
              1.7223
              1.6921
              1.4185
              1.3436
              1.7307
              1.0041
              0.9134
              0.5101
              2.3953
              1.4236
              0.8543
              1.0171
              1.0567
              0.4035
              0.9736
