<tab:top_inst_id_year_second>
              2.8150
              2.3953
              2.3282
              2.2358
              1.8602
              1.7696
              1.7307
              1.7223
              1.6921
              1.6449
              1.5207
              1.4925
              1.4236
              1.4218
              1.4214
              1.4185
              1.3487
              1.3436
              1.3259
              1.3076
              1.2611
              1.2007
              1.1515
              1.1477
              1.1314
              1.1107
              1.0820
              1.0635
              1.0567
              1.0171
              1.0041
              0.9736
              0.9505
              0.9431
              0.9134
              0.8543
              0.8517
              0.8499
              0.8403
              0.8100
              0.7899
              0.7616
              0.7597
              0.7342
              0.7295
              0.7255
              0.6859
              0.6688
              0.6620
              0.6528
